100
267595583202 361948
308459399636 137830
57679789934 883301
677374838193 175466
42953368806 580575
749014928048 507776
403071227859 76668
416349590345 382447
837336382745 794697
737949911709 580683
194487623977 570902
62918719221 229590
630227579736 686609
594359097617 307779
512168127721 604150
505213642704 249546
228541091251 153010
646613562838 39346
597847784219 875991
652964519588 459754
43688719015 981043
145521757703 137189
624542988683 140527
33348481393 60583
918967667955 723246
330062455499 459572
966739261033 523588
811737326816 197434
483373698423 53860
118259722291 624699
918996294172 354645
614409398960 101406
713779318315 682498
358453783976 540669
526275420411 21324
484624025714 957619
664549156379 713517
262050749338 563935
746657616912 380518
829934358475 819650
572513422138 875984
192101993598 316265
232637951338 359386
638003107023 520107
115385514804 23587
693950486276 583440
217930918446 198715
230437266548 130684
15483916097 400517
960920045626 203654
401608249910 600319
127131205501 541077
920765820497 654200
129712686156 808323
797216037473 347377
986629004893 433452
944341897280 176177
752406475804 882986
602938289635 355153
408407604127 765447
227522377489 390063
473107696655 556668
56522506068 503724
434429481506 54545
359591121909 300423
162492212589 235659
889931300090 360598
741328028872 772253
757037436488 252512
516150426010 562598
61913508099 926631
849624417574 264052
590168356382 723580
818446687765 731264
516001271140 725764
167123867153 122291
752461008468 231411
613501319162 386057
301362180851 768887
829514023186 814404
705905970375 292656
113748694775 41025
87643266239 178116
915630673773 99947
858981727289 842218
470031171697 158173
601705419418 893644
239057003667 228975
310499979535 869012
633349705881 241960
950528971919 844397
157946451328 466819
880696443783 802237
911790993845 391372
406241696522 586196
828629940338 638668
817044231944 932746
36126803456 469427
324165755203 326373
831658722418 896001
