1000
267595583202 361948
308459399636 137830
57679789934 883301
677374838193 175466
42953368806 580575
749014928048 507776
403071227859 76668
416349590345 382447
837336382745 794697
737949911709 580683
194487623977 570902
62918719221 229590
630227579736 686609
594359097617 307779
512168127721 604150
505213642704 249546
228541091251 153010
646613562838 39346
597847784219 875991
652964519588 459754
43688719015 981043
145521757703 137189
624542988683 140527
33348481393 60583
918967667955 723246
330062455499 459572
966739261033 523588
811737326816 197434
483373698423 53860
118259722291 624699
918996294172 354645
614409398960 101406
713779318315 682498
358453783976 540669
526275420411 21324
484624025714 957619
664549156379 713517
262050749338 563935
746657616912 380518
829934358475 819650
572513422138 875984
192101993598 316265
232637951338 359386
638003107023 520107
115385514804 23587
693950486276 583440
217930918446 198715
230437266548 130684
15483916097 400517
960920045626 203654
401608249910 600319
127131205501 541077
920765820497 654200
129712686156 808323
797216037473 347377
986629004893 433452
944341897280 176177
752406475804 882986
602938289635 355153
408407604127 765447
227522377489 390063
473107696655 556668
56522506068 503724
434429481506 54545
359591121909 300423
162492212589 235659
889931300090 360598
741328028872 772253
757037436488 252512
516150426010 562598
61913508099 926631
849624417574 264052
590168356382 723580
818446687765 731264
516001271140 725764
167123867153 122291
752461008468 231411
613501319162 386057
301362180851 768887
829514023186 814404
705905970375 292656
113748694775 41025
87643266239 178116
915630673773 99947
858981727289 842218
470031171697 158173
601705419418 893644
239057003667 228975
310499979535 869012
633349705881 241960
950528971919 844397
157946451328 466819
880696443783 802237
911790993845 391372
406241696522 586196
828629940338 638668
817044231944 932746
36126803456 469427
324165755203 326373
831658722418 896001
469111013006 372137
78385716963 562863
1174300431 528731
511625110295 667379
335733678676 139768
326121768122 628945
823846878063 281627
878143424513 997737
27091154535 339757
211731381377 692616
891891170539 649508
169921059625 343996
269777482352 857144
282133555013 839540
2908643084 938720
405340165421 54920
753081118205 200511
720614269984 386394
808363778334 34821
999348914778 975269
186354448268 612708
342892135354 614162
959144409907 940063
410062480351 370913
541951590474 961988
133968932547 983414
568704670187 945605
469328614280 735600
674430094572 613087
521398759337 939047
920912794288 319437
448711557481 954871
364500657202 533577
627961155924 537363
137485845879 585639
882913542179 835659
655231924549 111602
588136399810 889962
631423108931 617665
802175393067 329091
521871875485 897855
677816712325 895015
764727204666 360198
602159827455 374302
144453144718 199055
482458570852 768033
846314373545 229600
943774863574 604848
85991897362 560196
235629000296 38450
25819817701 545969
126903855327 18420
799530536833 872409
381561700289 489388
775166418229 877522
900954042802 869242
478043778656 158766
648528217079 366606
635610281967 9174
52565199490 310872
414957516100 589848
855720542829 690973
611456161821 63510
975584601468 927027
233426257881 380014
50027673312 76578
261185560906 579857
436307528000 219218
443126903390 310292
626804909753 914505
705580512675 411007
969217523238 12411
860442446441 335691
734622563284 606234
726925432790 737199
854631648862 948625
941430368999 677344
950546669418 16275
782591695317 678564
39100346434 402580
303427525686 907918
193418302798 848143
408344271913 882738
967366603558 919328
444524050470 724772
303730511657 476679
840408096921 474453
488149785370 565303
661371655207 998664
19273665070 661251
442546430758 54924
445300885501 980637
123392875220 863894
650075393475 186592
547592359495 329694
102152145557 802476
560405352951 638333
878737781526 985766
680660200950 877432
735259236907 922565
487726010143 690118
3033717436 454917
294046491885 219564
34589149656 60208
808697202159 333575
708253183754 985258
2726389959 201814
96687079533 488861
275385801504 800166
331890101632 552968
754885248787 600319
922446176779 282975
843019643533 113857
316893210105 495553
189845306929 652779
741830482648 522691
911274041353 998933
151697734578 534458
68361748324 563152
169285963504 316459
532791942152 738348
940537680178 435317
395462331826 978705
206647060045 677643
99646533170 450689
519817569641 472373
463814231921 172931
166215927865 857843
758789875585 886181
593325748510 354005
4022544762 59162
135126859350 598939
741208194789 820436
865794196106 708476
897938789905 986175
99495683683 538684
49064103573 957507
688170551316 209210
272528113899 987058
379101711570 38321
936820200472 457844
735654617257 502334
372662489485 324197
104125285379 430279
141284224295 859907
791446731776 78473
18921138782 78830
295170272691 156468
310978000725 673246
259364680735 238992
581687362528 462677
528034541547 791761
880331263326 816515
741088018564 242178
287404722413 356966
514594113081 83571
979453650759 649565
319091052491 776771
17590799132 364325
721795640230 187748
953550706801 181659
957612406233 389635
666316426864 956959
693690144434 352840
312107507433 822917
271393824866 460285
442610637727 68573
811740201652 227415
792173670516 920545
818254376068 607240
437123324550 714386
732150243064 251839
184084879096 561632
121582925876 567375
266965213853 964767
804995972906 777647
322676191505 249159
642895355157 647320
9872989313 168867
358446749767 366924
926828687824 311152
346656278123 814403
32439469105 907019
390078497639 582862
468294254159 788308
844621758064 482425
56896559326 351264
569780418979 865504
326310140525 344915
363447992773 614858
139132129337 693129
474363521627 334519
428161475227 836742
132752785588 948830
777032177058 587460
584082612136 569068
326703659008 299684
251344582015 45005
25410632635 344073
82179698730 288149
654615141469 652689
315697423710 920626
313838335263 819730
836790216032 205482
167227219732 398608
216604112498 734937
671466598081 582887
535371202906 912399
513756158262 333816
434573688959 631095
66760585269 647004
582965117862 714931
872171044771 658092
116218048358 604026
183731434024 579228
784899755778 293276
769383338004 227031
405805730070 676656
510476969090 272367
907595540933 872494
961396895398 701450
553402475540 713718
106891672214 163360
931569225557 956930
117244711257 643829
659949468373 69746
455281876439 913641
174039371845 919034
399203283507 572572
356281493859 44830
298909065110 871962
696619367043 870783
972720382930 437473
57572758625 678654
484312952644 455940
228969043527 222853
647049828468 378641
368673846276 442320
90551392294 827282
836335898442 613
828707785979 282520
8999972074 178511
536774759076 852435
705762415091 546588
429124121735 841650
737006202873 130440
306454831170 180528
90223752497 813134
355407348780 422146
787400810200 127152
223901124444 547514
865606260027 168372
135033143840 570794
902674938629 886884
346480719445 829980
660882875223 364363
986194773704 413500
234004968844 77189
496305560002 86766
3290735381 521833
470440195908 512160
737323417279 627027
166884825246 93674
437111671807 904124
799691039991 36122
720375593754 825543
398202989159 324634
271564997751 744022
718032463469 627744
483117038750 79455
434444892051 758815
401501402597 59155
35618739920 478689
550493275639 554752
644201925418 774969
747961797205 888625
31259614331 541725
276115440382 704229
165870444612 328446
832007508174 247314
380989505545 779568
699337546479 518365
356204706634 923322
347946251087 471148
981576528393 317808
627103569272 297275
695445412351 431304
664281573005 917153
158908867277 905409
722324786011 976560
523814052595 836896
83246380715 780431
156768481085 971663
458901740924 606704
114857577520 868367
631232968659 902068
287486956094 764946
676580282472 753188
382760482516 80050
4050460918 794127
878466117938 185462
720295979485 349341
163309292772 193589
85129289735 791808
424921024409 694205
279513535987 941291
685568009375 422576
883212807227 952520
641543528309 387294
402198130320 549498
596257408879 291114
386902619209 283030
113959511202 854440
506524298165 585654
987741664937 92711
691108618923 113101
798789926624 925203
601333111557 289823
401467273891 822136
783092255542 859142
48738892401 795498
133961794491 325557
269355986577 613748
623138604083 249768
399022019560 21810
542257049904 819905
900480317811 571934
645921638374 695125
226798032378 522543
970352538605 140108
508625838676 358271
468003308231 747700
359758989522 410743
615717661024 973133
241863739588 759403
772253060944 15251
452599427994 909404
379306246270 370371
120196421563 519377
504603938012 135305
381444715325 622411
502575626584 209751
662560704527 184673
602166568505 395483
341270214996 987147
914596711538 249149
421526123924 133543
618076109704 474692
485993919593 393829
301565750888 528832
735483692061 675261
939004886184 947419
963954076856 446656
386986531711 227900
548064344794 848913
12318813665 198186
984434529982 49979
355799798357 615894
148348404329 30747
811975229287 797192
848797476719 786298
966042806006 781296
231855461453 443218
518523833318 961116
472608626302 77437
700636066521 355356
754476148587 69420
814682932156 30206
39268035986 430317
383507797529 554868
750285572656 404566
482879376157 380017
29557125311 810511
425977518191 741722
840586485484 510189
39896815649 337408
504852048004 732831
114362253827 211455
913086502888 407514
958595600830 157445
34217282828 673635
479010476058 359220
506416365105 409626
473042625106 593224
997679698634 833302
620937795299 942845
644604058126 323347
410428140193 613718
691084004773 392600
611888920151 827947
808610831085 719033
230599152739 38771
319969404045 123584
346122723490 919412
814512013108 374052
518490406678 841667
817167435865 577259
696004051697 217175
666939373943 121755
407407863054 289369
827431143655 73445
163260871729 527025
655069757690 769497
151265088585 949065
514853677360 697029
689603398052 921829
380725562716 917950
670786566074 915242
208359545470 198952
116509411398 189776
940611527473 258158
259401626645 642893
893749346735 362394
667584645825 943917
116154596310 432336
750557944437 723801
460332436396 915234
78407679594 210085
684063535246 104641
198694082315 764691
483526247310 138569
810494501482 306707
669692455124 663302
735042348255 700847
727508644430 414870
797316840977 647897
81396041846 369163
818404479887 680193
19457101227 651292
948703478353 461744
747223586044 394964
268834763111 191744
239080420115 840056
436573915736 202630
956973976972 953363
53228570086 421468
302751702853 344019
705570350276 541104
436410049639 876246
923226261960 550484
583767810956 472048
661740724543 155172
91201276055 581334
585277962185 63940
307859204838 878669
367212335677 96447
242668070330 863877
617172715340 445612
130787142255 804253
763080382889 918583
719291805511 6528
410100789986 173285
127420471500 890023
850495081213 685301
138897266793 39310
817826402782 945144
685856821641 221214
41416831754 645274
976491005650 97399
469041546721 287070
676408738990 658477
807721734027 78669
470015350122 585918
236553386000 357423
909670156775 982480
513349534528 411014
424203423423 880436
897790034165 390880
333569124813 263996
297812233667 641672
764776919093 268292
466077494120 282498
415882078970 692339
90168920594 257932
25269112005 219190
238724625579 335202
96654172075 554537
613188520973 278210
599949065466 642727
613414043775 587598
79520913185 725856
224282199873 106488
118538150282 693514
735831187700 606462
916746688944 34305
224810610602 247447
63439005567 673439
731609405884 420175
474704567249 727853
93497777678 270675
906262110029 544230
500676370822 615596
607613804869 106976
989758665053 204035
914313938687 641791
710891469667 686798
767938184623 702135
798419621969 802270
861103925829 391297
55389858168 170632
558927076126 584551
8324338582 214717
828139837420 595161
989168674127 34176
285708834803 50969
582330171933 567418
134198021182 769129
974570031563 923589
330376257337 605637
286600363964 269968
52486773058 390758
458246721841 892229
959825329588 824616
973517396377 33070
924380369590 382402
27718529513 520859
113639144365 609412
148251381935 426115
161650698372 272810
471364237395 290453
397464402911 197385
170752444450 936934
677764439006 981736
596414043392 476142
33135295981 952663
534920040495 93143
727832936083 92065
333721642491 131178
446117602350 251366
796330133729 907262
218105216509 708688
537953644815 852990
237222553024 218502
720903082529 603593
199263852711 441598
386126995530 441798
346797457377 252329
29305955228 404071
713952091537 73291
969730828251 678158
329436584773 65592
414618930477 565874
129901284529 312150
150426593670 585197
390998721347 591715
375740112966 503572
631724725549 472012
30365749384 17422
12077751068 2685
493826593107 472263
912001874743 332576
609975609286 866949
35658574798 477508
969103000569 268862
66207342511 493681
475500160406 225081
955863014833 638149
780890169109 616385
321143404992 349773
17020521119 791126
746289227430 332979
88161208258 973006
930809012616 906107
31853459329 485586
884537958093 529139
604504545847 32404
905997642839 341436
482635567562 329946
42152217900 851562
797078404346 536030
901526540031 27542
230202104861 564447
700945741044 917121
506365947355 946698
829315328948 228927
765243882783 143287
467240108305 840502
815797503630 607087
166763332291 976235
732534442554 550041
552896422336 783503
468222692397 553159
263567688529 359716
947773083466 117549
692699637344 765289
150478560623 646534
202093785212 585083
821039813072 502640
974875594408 522382
960270752542 261980
838433862305 210085
454399415881 352249
555073960203 29154
498685489184 966216
273092992646 642135
609951139409 894997
381328721171 793277
358553155760 110197
829987841590 476352
677994167669 803520
607757183508 221807
225760082769 414807
301767040317 208343
808390881344 198595
223543719542 193832
968028018004 841051
419984802939 613729
614631051839 290817
817045406177 894771
154045063486 584710
148911916304 60944
503033427457 557194
351375435675 139051
255477979824 451148
154120214810 646447
748759720655 451541
833724019746 941182
471737495346 494608
673039835748 638167
156561504841 301188
529675079963 146295
906147355781 700168
229899181632 288951
3644935824 882343
44370569901 744241
548046912727 566986
723707522791 288738
269647950706 427318
504041308552 541583
709416160141 995553
434621857134 717720
346707105223 582480
229007499963 586997
46856108825 542848
180473372089 544313
263408512657 546139
3571207106 111371
299529283442 829550
832119709180 885496
598703788824 973183
533539794658 299401
85285274046 591076
688734713067 208662
562440037033 689374
38393311307 340242
699511054084 333499
211434243220 869907
501162173285 869585
198756683028 871030
912888058089 724534
970168923023 561022
856288642925 126331
404786033218 400215
164298167939 353634
922782049745 614474
853769680298 431014
797894600455 29026
297128893026 407257
500962821221 537271
392687382157 577897
423735704649 519499
663252153796 363029
661408881979 279977
465909938290 174801
319209253586 618734
919632057675 306130
830388365059 215147
402353760712 223211
504810087247 703369
353940114095 639270
721041584050 651485
397064958984 147609
429591376362 581126
286575250911 1894
903196287251 785428
424615274895 352297
33513299772 475973
539624062896 483945
554432613635 620769
596714322980 682645
930559983130 468054
851773245821 196822
321550426018 768647
454021058410 937683
543235534127 792306
944676873492 925384
908744694547 101051
51530992382 469132
423083518622 84942
778797888536 301746
464772242583 726926
987815670586 24058
368037208352 854615
267728879894 138293
985081328220 365733
99077808585 34765
464271351574 904936
888769567852 174329
392802203477 77616
795682918877 962428
648155249146 985289
58717612261 752523
513435428282 799260
899558955432 493818
93726521693 816207
645213473698 771656
87232831844 903429
621165608869 429381
472212566740 414061
931838416136 302673
260995075399 477872
706941136161 989699
655994322336 696409
193482914766 822928
527189326590 798815
495935403028 208060
410395099980 648734
733199168375 136559
564364960989 543874
599421964732 344774
236238636918 197093
180594392452 115312
694370049160 749210
115475907913 526842
825011201017 259590
347854004602 228841
839328353587 189426
453014692056 467420
497516583213 487519
846423857872 598966
98447674716 780045
301159721922 878536
895241158203 158147
209216975005 929151
797710182936 565764
108162880525 1803
651989886267 65511
207001169638 374362
676961792121 597482
848176614738 995120
960574000516 76018
613308745106 40647
817714903746 130195
717903976097 472020
265463565297 538395
401049753914 696280
61537232952 371298
149234847122 428472
84072832104 41818
111784008623 391712
558930872636 90260
43896196738 528802
986628381824 268437
846414063665 295130
943437096844 477469
786561781864 166650
388879642279 563567
314670706370 261866
322014447319 855363
39153206479 628580
496426300782 954407
799030339156 82473
770535791520 782423
797048438183 704145
224677745883 37270
682230495593 684228
386616324648 274406
234021524380 948203
387855131474 638245
297996708605 931892
598575314960 448399
134803434671 998454
631927283116 932911
743277783457 462060
809218108191 720731
992246190743 356890
257023649903 823546
554738089484 761096
351559916954 355107
649066973070 605898
719684789198 831892
934017525550 644913
145584453599 4011
259715894618 569450
806181944480 649623
333615281592 807915
533294877087 901520
379595654180 737292
679733767227 544742
179706289128 377791
60398376022 345048
74568524377 357442
934776603914 944434
628472968107 276532
146545601410 661221
276967303475 756941
536859367843 889215
380419677182 479142
45884813661 162135
461336594301 959012
740543531470 28348
655119666595 151174
655861313739 789458
363651315005 812340
220086058211 470385
744649671065 519408
711826767389 810148
550809968123 892512
900093912849 865391
671770650806 110812
513516760 470012
967991534983 900102
754585631163 291413
44330419127 67770
130542003088 963848
789039756015 737423
992381464142 709450
985019963299 166362
578244578966 262244
76350813582 948860
472946333077 232400
987407303348 36417
25687582630 861098
742342829905 75520
885753877586 714288
835514572265 683584
48614375314 312288
310299033195 533833
316068408357 631136
444162036687 127428
587192450336 283899
679952385089 77931
169776959468 879022
600133577245 357012
824603035335 700079
879807118556 788807
731722961526 660895
903324253412 612885
292391364728 305741
748114844970 843851
305591008731 296848
286345633282 755188
807329239636 384860
40398209675 82371
468700979349 513642
479607200204 414217
122197234807 266312
462407465189 548188
436750328601 299949
861511457373 602895
486944738519 582234
89838664409 198383
386461058494 171827
932599268641 643869
145898706527 519640
897857253336 854943
197247173255 902816
129012154441 489446
765189975649 780712
249134712697 119580
644923893551 627902
639190801630 90473
94349333654 846645
572693151303 632525
119679275378 150052
365359141724 387412
995925536011 982157
384725130219 832192
588548825540 957333
458907356380 26216
669834903933 535269
980797354193 757573
258878054713 31146
408635565775 423654
57791637902 986820
12947544989 177863
447658937081 305197
451948840270 256169
376871407678 491833
492553413269 570911
306284754109 888238
988906316708 66055
926812876114 636525
460609219667 631826
703470735469 159381
679639554372 594407
345869119528 887283
966280978625 818750
753775820034 865002
56098482229 363954
702221715970 992337
431041221375 43867
331156186650 796680
291329319324 149045
187610105994 535000
668782756267 496325
683375691670 986029
469350695249 265936
818335338066 715113
269862251177 94361
