1000
999999120 1000000007
2999998843 2999999759
2013265585 2013265921
1004535316 1004535809
2999999337 2999999759
999999981 1000000009
999999949 1000000009
2013264994 2013265921
998243926 998244353
1004535072 1004535809
2013265552 2013265921
2999999329 2999999759
999999478 1000000009
999999885 1000000009
999999871 1000000007
2013265118 2013265921
998244294 998244353
2013265753 2013265921
999999550 1000000007
999999964 1000000007
2999999385 2999999759
2999998839 2999999759
999999471 1000000009
999999684 1000000009
2013265550 2013265921
2013265394 2013265921
999999026 1000000007
999999135 1000000009
999999838 1000000009
1004535527 1004535809
2999998833 2999999759
999999681 1000000009
999999503 1000000009
1004535079 1004535809
999999149 1000000007
998243457 998244353
998243807 998244353
999999641 1000000009
999999644 1000000009
2999999008 2999999759
999999198 1000000007
998244174 998244353
999999424 1000000009
2999999107 2999999759
999999609 1000000009
998244292 998244353
999999640 1000000009
999999994 1000000007
1004535222 1004535809
998243813 998244353
2999999188 2999999759
999999630 1000000009
2013265319 2013265921
2013265018 2013265921
2999999266 2999999759
1004535052 1004535809
999999726 1000000007
999999567 1000000009
2999999069 2999999759
1004535189 1004535809
1004535079 1004535809
2999999641 2999999759
2999998987 2999999759
2999999083 2999999759
2999998831 2999999759
2999998902 2999999759
2013265567 2013265921
998243387 998244353
1004535125 1004535809
2013265296 2013265921
1004534937 1004535809
999999179 1000000009
2999999739 2999999759
998243984 998244353
1004535093 1004535809
1004535659 1004535809
998243629 998244353
999999763 1000000009
999999557 1000000009
999999451 1000000007
2013265432 2013265921
999999780 1000000009
999999656 1000000007
999999506 1000000007
999999244 1000000009
998243438 998244353
2013265064 2013265921
2999999267 2999999759
2013265555 2013265921
2999998822 2999999759
1004535257 1004535809
2013265692 2013265921
2013265513 2013265921
998244231 998244353
999999613 1000000009
2013265683 2013265921
2999998965 2999999759
999999580 1000000009
2999999747 2999999759
998243823 998244353
999999604 1000000009
999999243 1000000007
2013265382 2013265921
999999168 1000000009
1004534990 1004535809
998243664 998244353
2999998841 2999999759
2013264924 2013265921
999999265 1000000009
998244169 998244353
999999509 1000000009
1004535083 1004535809
1004535218 1004535809
2013265781 2013265921
999999222 1000000009
2999999676 2999999759
998243888 998244353
999999499 1000000007
2999998954 2999999759
999999397 1000000009
999999180 1000000009
2013265577 2013265921
1004535240 1004535809
1004535386 1004535809
2013265110 2013265921
2999998957 2999999759
999999276 1000000007
1004535503 1004535809
998243616 998244353
1004535182 1004535809
998243887 998244353
999999592 1000000009
998244094 998244353
999999371 1000000009
998243728 998244353
998244316 998244353
999999109 1000000009
2999999208 2999999759
999999937 1000000009
2999999627 2999999759
2999998828 2999999759
999999112 1000000007
1004535645 1004535809
999999025 1000000007
2013264924 2013265921
2999998985 2999999759
999999338 1000000007
999999913 1000000009
999999542 1000000009
999999668 1000000009
1004535124 1004535809
998243810 998244353
998244245 998244353
2999999002 2999999759
999999588 1000000007
2013265508 2013265921
1004535636 1004535809
2999999749 2999999759
999999798 1000000009
998243765 998244353
998244051 998244353
999999634 1000000007
999999751 1000000007
2013265321 2013265921
2999998854 2999999759
999999195 1000000007
999999341 1000000009
2013265692 2013265921
2013265770 2013265921
998243694 998244353
998244128 998244353
1004535539 1004535809
999999927 1000000009
998244268 998244353
1004534836 1004535809
999999158 1000000009
999999621 1000000007
999999709 1000000009
1004535766 1004535809
999999295 1000000009
999999818 1000000009
998243762 998244353
2013265339 2013265921
2999999422 2999999759
998244197 998244353
1000000004 1000000009
2013265151 2013265921
2999998982 2999999759
998244097 998244353
1004535666 1004535809
2013265036 2013265921
999999801 1000000007
2013265353 2013265921
999999395 1000000009
999999252 1000000007
998244093 998244353
1004535606 1004535809
1004535302 1004535809
999999987 1000000009
998243484 998244353
998244163 998244353
1004534900 1004535809
998243854 998244353
998243544 998244353
999999758 1000000007
2999999425 2999999759
999999358 1000000007
998243598 998244353
999999260 1000000007
999999479 1000000009
999999962 1000000009
998243555 998244353
2013264930 2013265921
999999973 1000000007
2999999261 2999999759
2013265028 2013265921
998244227 998244353
999999012 1000000009
999999818 1000000007
2999999029 2999999759
1004535348 1004535809
999999087 1000000009
998244048 998244353
999999981 1000000009
999999260 1000000009
1004534906 1004535809
999999311 1000000009
999999963 1000000007
2013265918 2013265921
998243949 998244353
999999327 1000000009
2013265382 2013265921
999999855 1000000007
2013265786 2013265921
999999314 1000000007
2999999631 2999999759
998243723 998244353
999999042 1000000007
2013265491 2013265921
2013265585 2013265921
2999998858 2999999759
1004534837 1004535809
2013265631 2013265921
2013264932 2013265921
998243557 998244353
2013265776 2013265921
2999999368 2999999759
998244012 998244353
2999999189 2999999759
999999776 1000000009
2013265878 2013265921
998244235 998244353
2999998997 2999999759
2999999449 2999999759
998243927 998244353
999999641 1000000009
2013265686 2013265921
998243726 998244353
1004535751 1004535809
999999840 1000000009
2999999400 2999999759
999999622 1000000009
1004535462 1004535809
998243358 998244353
1004535256 1004535809
998243823 998244353
998244062 998244353
2013264950 2013265921
2999999678 2999999759
2013265327 2013265921
999999379 1000000007
999999122 1000000009
998243997 998244353
999999918 1000000009
998243873 998244353
999999039 1000000009
2999999484 2999999759
2013265279 2013265921
999999575 1000000009
2999998870 2999999759
1004535242 1004535809
1004535524 1004535809
999999591 1000000009
998244092 998244353
999999769 1000000007
2999999699 2999999759
2013265402 2013265921
2013265137 2013265921
999999548 1000000007
2013265283 2013265921
2999999275 2999999759
999999528 1000000007
2999999444 2999999759
2999999029 2999999759
998243893 998244353
999999570 1000000009
2013265532 2013265921
998244119 998244353
999999325 1000000007
2999999400 2999999759
1004535109 1004535809
999999167 1000000007
2013265557 2013265921
1004535014 1004535809
999999159 1000000007
2999999296 2999999759
998243962 998244353
999999217 1000000009
2013265805 2013265921
2013265763 2013265921
1004535317 1004535809
999999055 1000000007
2999999737 2999999759
2013265180 2013265921
998244322 998244353
999999683 1000000009
999999490 1000000007
1004535806 1004535809
2999999619 2999999759
999999604 1000000009
999999428 1000000009
998244331 998244353
998243490 998244353
1004535429 1004535809
2999999073 2999999759
999999104 1000000009
998243869 998244353
2013265161 2013265921
2999999014 2999999759
2999998847 2999999759
2013264970 2013265921
999999448 1000000009
998244247 998244353
2999999709 2999999759
999999297 1000000009
2013264986 2013265921
999999631 1000000007
2013265306 2013265921
999999238 1000000007
2999998840 2999999759
2999998876 2999999759
999999026 1000000009
2013265890 2013265921
2999999184 2999999759
1004535215 1004535809
998244099 998244353
2013265846 2013265921
999999295 1000000009
2013265543 2013265921
998243577 998244353
999999089 1000000009
999999276 1000000009
998244335 998244353
999999773 1000000009
999999315 1000000007
999999063 1000000007
999999678 1000000007
2999999467 2999999759
999999990 1000000009
999999170 1000000007
2013265865 2013265921
1004534950 1004535809
998243448 998244353
2013265259 2013265921
2999999073 2999999759
999999933 1000000007
998243501 998244353
2013265670 2013265921
998243849 998244353
2999999752 2999999759
2999999119 2999999759
999999886 1000000007
999999780 1000000007
999999329 1000000007
998243371 998244353
999999446 1000000007
999999053 1000000009
998243834 998244353
2999999416 2999999759
999999812 1000000009
999999685 1000000007
999999024 1000000009
1004535381 1004535809
998244312 998244353
2999999686 2999999759
1004534978 1004535809
2013265573 2013265921
998244322 998244353
999999292 1000000007
999999484 1000000007
2999998834 2999999759
998243917 998244353
998244148 998244353
1004535365 1004535809
999999522 1000000009
999999730 1000000009
999999744 1000000007
998243669 998244353
2013265072 2013265921
999999682 1000000007
1004535686 1004535809
998244017 998244353
2999999301 2999999759
2999999011 2999999759
999999230 1000000007
2999999540 2999999759
2013265217 2013265921
999999073 1000000007
2013264961 2013265921
998243546 998244353
999999286 1000000007
998244044 998244353
998243654 998244353
2999999382 2999999759
998243637 998244353
998244181 998244353
2999999199 2999999759
999999998 1000000009
1004535584 1004535809
999999467 1000000007
998243974 998244353
2013265867 2013265921
2013265806 2013265921
998243363 998244353
998244285 998244353
2013265697 2013265921
999999775 1000000007
999999886 1000000009
999999131 1000000007
998244173 998244353
999999754 1000000009
998244221 998244353
2999998901 2999999759
999999827 1000000009
999999403 1000000007
999999575 1000000009
999999827 1000000009
2999999343 2999999759
1004534983 1004535809
1004535086 1004535809
1004535257 1004535809
2999999726 2999999759
998244171 998244353
1004535393 1004535809
999999298 1000000007
2999998759 2999999759
998244055 998244353
2999998982 2999999759
1004534831 1004535809
999999419 1000000007
998243970 998244353
2999999492 2999999759
999999146 1000000007
998244141 998244353
999999920 1000000007
2013264990 2013265921
998243769 998244353
998243876 998244353
1004534988 1004535809
998243827 998244353
998243513 998244353
2013265430 2013265921
999999648 1000000009
999999365 1000000009
2013264992 2013265921
998243731 998244353
998243397 998244353
1004535583 1004535809
2013265350 2013265921
2999998905 2999999759
998243630 998244353
2999999408 2999999759
2999999661 2999999759
2999999632 2999999759
2013265849 2013265921
2999999609 2999999759
999999480 1000000009
2999999360 2999999759
998243742 998244353
2013265343 2013265921
998243376 998244353
999999454 1000000007
999999919 1000000007
2999999659 2999999759
2999999192 2999999759
1004535791 1004535809
2013265185 2013265921
998244054 998244353
999999813 1000000009
998243547 998244353
1004535380 1004535809
999999480 1000000009
999999415 1000000009
1004535611 1004535809
999999334 1000000007
998243907 998244353
999999683 1000000009
2013265637 2013265921
1004535681 1004535809
998243931 998244353
2013265586 2013265921
999999672 1000000007
2999999599 2999999759
2013264963 2013265921
999999247 1000000009
999999036 1000000009
999999290 1000000007
998243502 998244353
999999526 1000000009
2013265703 2013265921
998244179 998244353
2999999252 2999999759
2999999394 2999999759
999999745 1000000009
999999834 1000000007
2013265383 2013265921
2013265092 2013265921
2999999478 2999999759
2999998902 2999999759
1004535467 1004535809
998244000 998244353
999999495 1000000007
2013265403 2013265921
2013265837 2013265921
999999894 1000000007
999999502 1000000009
998243685 998244353
998243863 998244353
1004535654 1004535809
999999133 1000000009
2999999617 2999999759
999999470 1000000009
2013265284 2013265921
999999052 1000000009
1004535048 1004535809
2013265106 2013265921
2013265606 2013265921
998243466 998244353
2013265881 2013265921
999999471 1000000007
998243731 998244353
999999216 1000000007
2013265811 2013265921
999999333 1000000007
999999273 1000000009
1004535513 1004535809
2013265607 2013265921
2013265722 2013265921
2999999403 2999999759
2013265127 2013265921
1004535652 1004535809
1004534875 1004535809
999999720 1000000007
2999999400 2999999759
2013265780 2013265921
2999999577 2999999759
2013264930 2013265921
999999956 1000000007
999999054 1000000009
2999999394 2999999759
1004535184 1004535809
999999087 1000000007
2013265076 2013265921
2999999520 2999999759
999999030 1000000007
999999987 1000000007
2999999415 2999999759
998243396 998244353
999999531 1000000007
998244341 998244353
2013265008 2013265921
999999279 1000000009
998243484 998244353
1000000004 1000000007
999999801 1000000009
1004535592 1004535809
2013265543 2013265921
999999534 1000000007
999999049 1000000007
1004535683 1004535809
2013265123 2013265921
998243934 998244353
2999999605 2999999759
999999534 1000000009
998243959 998244353
999999058 1000000007
999999976 1000000007
2999999199 2999999759
1004535648 1004535809
999999584 1000000009
999999726 1000000007
2013265018 2013265921
1004535328 1004535809
999999425 1000000009
999999866 1000000007
999999285 1000000009
999999451 1000000009
2013265489 2013265921
998244132 998244353
2013265230 2013265921
2013265529 2013265921
998244082 998244353
2999999091 2999999759
2999999087 2999999759
998243609 998244353
2999998859 2999999759
1004535720 1004535809
998243966 998244353
2013265688 2013265921
2013265210 2013265921
2013265890 2013265921
2013265257 2013265921
999999727 1000000007
999999359 1000000009
2013265569 2013265921
2013265456 2013265921
998244022 998244353
1004535293 1004535809
2013265005 2013265921
998243471 998244353
2999999124 2999999759
2999999371 2999999759
999999721 1000000009
2013265277 2013265921
2999999016 2999999759
1004535564 1004535809
999999869 1000000009
2999999695 2999999759
1004535455 1004535809
998244083 998244353
2013265516 2013265921
2999998959 2999999759
999999189 1000000009
2013265485 2013265921
999999153 1000000007
999999556 1000000007
2013265118 2013265921
999999444 1000000007
999999396 1000000007
2013264960 2013265921
999999097 1000000009
999999177 1000000007
999999190 1000000007
998243531 998244353
999999403 1000000009
2013265341 2013265921
2999999230 2999999759
999999561 1000000009
998244307 998244353
999999221 1000000009
2999999207 2999999759
999999620 1000000007
999999580 1000000007
999999214 1000000009
999999502 1000000009
999999914 1000000007
999999342 1000000007
999999186 1000000007
998244186 998244353
998243998 998244353
2013265483 2013265921
2013265436 2013265921
2999999446 2999999759
2013265903 2013265921
2013265755 2013265921
999999400 1000000009
999999261 1000000007
2013265498 2013265921
2013265625 2013265921
999999447 1000000007
2013265244 2013265921
999999437 1000000009
1004534883 1004535809
2013265748 2013265921
999999917 1000000007
2999999192 2999999759
998243540 998244353
998244156 998244353
999999675 1000000009
999999820 1000000007
2999999388 2999999759
999999440 1000000009
999999865 1000000007
1004535169 1004535809
2013265657 2013265921
1004535218 1004535809
2013265718 2013265921
2013265289 2013265921
998244095 998244353
1004535237 1004535809
999999325 1000000009
1004535583 1004535809
2013265380 2013265921
999999034 1000000007
1004535174 1004535809
998243627 998244353
1004534856 1004535809
2999999286 2999999759
998244013 998244353
2013265037 2013265921
2999999097 2999999759
2013265378 2013265921
1004535469 1004535809
1004535464 1004535809
1004535478 1004535809
999999712 1000000007
2013265163 2013265921
999999146 1000000007
1004535516 1004535809
999999132 1000000009
999999016 1000000007
999999371 1000000007
2999999160 2999999759
2013265179 2013265921
2999999188 2999999759
998243812 998244353
999999207 1000000009
2999998958 2999999759
999999399 1000000009
999999568 1000000009
2013265157 2013265921
2999999454 2999999759
2013265314 2013265921
1004535285 1004535809
999999657 1000000007
2999999228 2999999759
999999302 1000000007
999999020 1000000007
999999383 1000000009
2999999167 2999999759
2013265513 2013265921
999999877 1000000009
2013265001 2013265921
999999953 1000000007
999999581 1000000009
998243533 998244353
2013265339 2013265921
999999238 1000000007
2999999119 2999999759
2999999320 2999999759
999999614 1000000009
1004535128 1004535809
1004535322 1004535809
999999256 1000000009
2999999660 2999999759
2013265910 2013265921
999999827 1000000007
1004535742 1004535809
1004535383 1004535809
998243374 998244353
999999040 1000000007
2999999010 2999999759
999999734 1000000007
998244266 998244353
998244193 998244353
2013265020 2013265921
2999999561 2999999759
1000000005 1000000009
999999055 1000000007
999999508 1000000007
2013265766 2013265921
2013265014 2013265921
998244349 998244353
2999998974 2999999759
998243555 998244353
999999373 1000000007
999999446 1000000007
2999999744 2999999759
2013265023 2013265921
999999911 1000000009
1004535479 1004535809
2013265607 2013265921
999999372 1000000007
1004534894 1004535809
2013265145 2013265921
2013264934 2013265921
999999382 1000000009
998243736 998244353
999999437 1000000007
998243943 998244353
1004535293 1004535809
2999998925 2999999759
1004535032 1004535809
2999999145 2999999759
999999708 1000000009
998243566 998244353
2999998995 2999999759
1004535300 1004535809
2999999342 2999999759
2013264938 2013265921
1004535268 1004535809
999999182 1000000009
998243787 998244353
999999509 1000000009
999999462 1000000009
1004534955 1004535809
1004535505 1004535809
999999166 1000000009
998243818 998244353
999999196 1000000007
1004534939 1004535809
1004534993 1004535809
999999312 1000000009
1004535426 1004535809
2999999307 2999999759
998243991 998244353
2999999721 2999999759
2999998897 2999999759
1004534827 1004535809
999999920 1000000009
2013265300 2013265921
2999999465 2999999759
998243724 998244353
999999298 1000000007
998243410 998244353
999999012 1000000009
999999540 1000000007
2999999258 2999999759
999999519 1000000007
998244020 998244353
1004534858 1004535809
999999373 1000000007
999999126 1000000007
1004535515 1004535809
999999152 1000000007
999999564 1000000009
2013265597 2013265921
998243601 998244353
2013265047 2013265921
2013265455 2013265921
999999327 1000000009
2013265237 2013265921
2013264943 2013265921
999999992 1000000007
998243583 998244353
999999901 1000000009
998243961 998244353
1004535397 1004535809
2999999171 2999999759
2999998922 2999999759
2013265481 2013265921
2999999138 2999999759
999999637 1000000009
2013265502 2013265921
998243818 998244353
2999998994 2999999759
999999309 1000000007
999999941 1000000009
1004535473 1004535809
2013265430 2013265921
2999999626 2999999759
2999999229 2999999759
999999316 1000000007
999999861 1000000009
999999657 1000000007
999999584 1000000007
999999040 1000000009
2999999503 2999999759
2999998992 2999999759
2999998822 2999999759
999999746 1000000007
1004535588 1004535809
999999802 1000000007
2999998775 2999999759
999999287 1000000009
1004534811 1004535809
999999879 1000000007
998243624 998244353
2013265750 2013265921
2013265122 2013265921
999999445 1000000009
999999346 1000000007
999999390 1000000007
999999783 1000000007
999999716 1000000009
999999971 1000000007
2999999195 2999999759
1004534946 1004535809
1004534913 1004535809
1004535148 1004535809
999999632 1000000009
999999833 1000000007
2013265033 2013265921
1004535135 1004535809
2999999277 2999999759
2999998829 2999999759
999999964 1000000009
998244072 998244353
1004535599 1004535809
999999259 1000000007
1004535442 1004535809
998243593 998244353
2013265178 2013265921
2013265519 2013265921
998244181 998244353
2999998800 2999999759
999999584 1000000007
999999253 1000000009
2999999668 2999999759
999999937 1000000009
2013265317 2013265921
999999688 1000000009
999999066 1000000009
1004535796 1004535809
999999201 1000000009
2013265562 2013265921
2013265026 2013265921
2013265762 2013265921
1004535718 1004535809
1004535182 1004535809
998243379 998244353
999999141 1000000007
1004535387 1004535809
1004535399 1004535809
2013265520 2013265921
1004535022 1004535809
998243519 998244353
1004535452 1004535809
999999596 1000000007
998243721 998244353
2013265792 2013265921
999999560 1000000007
1004535350 1004535809
2013265910 2013265921
2999999593 2999999759
2999998891 2999999759
999999082 1000000009
998244114 998244353
2013265215 2013265921
998243790 998244353
999999174 1000000007
999999547 1000000009
2999998951 2999999759
2013265423 2013265921
999999468 1000000007
998244213 998244353
1004535338 1004535809
2999999366 2999999759
998243810 998244353
999999475 1000000009
2999999015 2999999759
999999458 1000000009
999999521 1000000007
1004535088 1004535809
1004535668 1004535809
999999361 1000000009
2013264937 2013265921
2013265226 2013265921
1004535178 1004535809
2999999695 2999999759
999999688 1000000009
999999470 1000000009
1004535316 1004535809
999999586 1000000009
1004535123 1004535809
1004535714 1004535809
999999300 1000000009
1004535006 1004535809
2013265136 2013265921
1004535721 1004535809
2999999601 2999999759
999999404 1000000007
1004535260 1004535809
998243366 998244353
998243512 998244353
2999999707 2999999759
1004534852 1004535809
2999999104 2999999759
999999136 1000000009
1004535326 1004535809
2999999670 2999999759
998244015 998244353
999999786 1000000007
2999999064 2999999759
2013265906 2013265921
998244070 998244353
2013265051 2013265921
1004535793 1004535809
2999998874 2999999759
999999707 1000000007
1004535054 1004535809
1004535572 1004535809
998244060 998244353
999999850 1000000009
1004535785 1004535809
2999999037 2999999759
2013265351 2013265921
1004535548 1004535809
998243450 998244353
2999999611 2999999759
998244263 998244353
999999567 1000000007
998244335 998244353
998243977 998244353
999999495 1000000007
1004534830 1004535809
999999629 1000000007
1004534832 1004535809
999999845 1000000007
3000000000 1000000007

