86 64
16 79
47 79
74 23
82 56
50 52
45 14
86 15
5 35
12 28
21 65
37 62
60 40
57 8
81 70
49 13
24 21
57 30
33 6
63 2
10 50
83 12
32 73
84 13
31 48
25 39
28 36
51 49
38 27
80 45
46 23
9 64
53 22
42 81
8 18
6 66
33 67
30 55
34 16
10 18
56 43
77 61
14 63
58 72
76 9
53 25
11 77
7 32
62 59
86 40
4 35
5 41
41 69
34 3
3 82
54 71
19 77
42 43
55 38
65 48
29 76
75 18
22 36
69 84
61 51
63 24
59 66
1 39
67 71
54 70
1 20
85 77
74 80
73 52
27 58
83 47
44 60
15 26
64 78
17 68
37 31
17 4
7 46
72 26
44 76
68 78
567431799 625489741 939788010 35898213 765123174 672356167 106405957 83196200 66759103 665113567 469264026 637406185 961666002 8257461 64404185 247052104 271189643 307456999 291434654 741713427 723955118 473543566 871433654 137170303 183767465 906169052 791007351 427319454 563404505 416146619 70295834 436409938 983037112 286214301 233472964 391755770 604009532 637485931 948886455 25047963 718754654 367159121 644945924 868514162 583406511 376564819 174878430 401365864 79173373 224741770 955113874 438703221 888592891 9941118 729093831 979031743 383262325 115011677 87952167 479599196 518384591 683927307 384321647 373740537 139644078 824008495 729075534 958056648 903567479 318997150 864503883 567040790 836413822 568893824 995813377 971136911 778493407 15782295 666315963 207630419 505944435 221098703 681987292 533678833 486988671 463857094
1 1 1 1 0 0 0 0 0 0 0 1 1 0 0 1 0 0 1 0 0 0 1 0 0 0 1 1 0 0 1 1 1 0 1 0 0 0 1 0 0 0 1 1 1 1 0 1 0 1 0 1 0 1 1 0 0 0 0 0 1 1 1 1 1 0 1 0 1 1 1 1 1 0 0 1 0 1 0 1 0 0 0 0 1 0 70
1
55
11
59
24
10
47
2
1
19
12
10
5
51
10
73
23
2
71
75
11
3
42
83
51
69
43
71
54
51
4
73
30
59
72
2
45
72
60
1
78
21
5
34
25
33
65
47
76
73
77
12
4
71
48
15
1
34
85
77
61
46
6
