99 58
12 40
18 40
7 20
94 40
48 34
99 41
35 70
74 56
66 54
62 15
25 30
38 24
57 92
14 62
26 40
60 24
67 65
39 75
23 40
81 77
40 68
96 40
40 2
89 95
33 98
60 80
6 59
9 40
32 17
56 90
87 44
78 47
19 95
40 42
10 3
6 64
51 87
72 40
40 31
22 36
54 29
29 55
53 82
16 48
3 11
35 14
13 40
61 55
5 40
17 43
73 39
4 90
85 36
79 40
73 22
61 1
25 13
28 40
86 41
36 71
88 34
11 99
40 27
31 76
84 64
85 89
92 51
74 70
44 48
75 83
63 40
65 4
67 77
80 83
49 40
40 52
40 93
47 41
15 8
59 81
58 40
94 50
66 45
46 40
95 10
84 30
97 40
69 40
43 57
40 21
91 18
33 78
7 60
38 45
37 77
88 98
82 40
8 17
470800491 482788971 845134568 913056141 469307079 695634353 847134664 360396932 968285898 991299206 847976249 364829104 554286499 959281434 640350671 176817961 195203620 89833264 340871876 892049887 657310180 213590579 302537232 803728938 618947715 597049724 726057466 760117906 677748367 950231345 164388770 390901133 514010841 670946981 973539937 682954708 922676833 570605199 422638048 734900071 493411822 125831637 6189917 742941855 519950128 549202647 125266279 66255071 929686261 640420247 617733474 971535086 209338238 25367897 969246328 916157758 398110406 798643498 966548553 193264928 873930879 926570329 520265501 158859954 305267135 174166062 384562878 640631671 107534167 292043794 676632670 216312050 413362693 418650914 778970000 271961495 815406841 934038787 830509782 294092420 840767447 165215565 542595857 661644797 374026307 67140133 140081845 82009142 12049280 451165606 180711292 37266344 189948776 878574135 809444089 227239110 571120387 143493500 548539757
0 1 0 1 1 0 1 0 0 0 0 1 1 1 1 1 0 1 1 1 1 1 1 1 0 0 1 1 1 0 0 1 0 0 1 1 1 1 0 0 0 0 1 1 1 0 0 1 0 0 0 1 1 1 1 1 1 0 1 1 0 1 0 1 0 1 0 1 0 1 1 1 1 0 0 1 1 1 0 1 1 1 1 1 1 0 0 0 1 0 1 1 0 0 1 0 0 1 1 2
36
95
21
43
65
7
99
39
22
84
40
75
74
20
88
85
14
53
59
11
16
24
12
67
23
27
39
65
67
27
21
34
60
33
33
45
93
53
28
44
87
37
83
41
11
98
97
83
20
61
24
58
69
20
90
98
20
