2786 4185
2395 1352
938 2693
1352 707
1634 1352
2150 1352
1414 1352
590 1352
97 1352
455 1352
2205 1352
2235 1352
1643 2272
1352 515
1175 1352
744 1352
2493 1352
2766 1352
471 1352
1748 614
1152 1352
1560 1352
525 1352
1352 757
2428 4
2336 1352
1352 2153
1352 2195
1352 308
1352 2536
488 1352
533 1352
1352 83
1352 2312
1352 743
1352 412
1395 1352
1352 2118
1046 1352
118 1352
1352 1253
735 1352
1352 1716
1352 1545
1352 1408
1332 1352
1590 1352
1352 2182
1352 313
110 1352
1352 2432
1748 835
1352 2104
852 29
1405 1352
2620 1352
96 1352
1352 1962
1352 26
2593 1352
1432 1352
503 1352
1352 1196
2735 1352
201 1352
1352 2136
649 1352
324 1352
1352 2494
1352 1186
901 1352
2225 2613
1352 1477
2159 1352
668 918
1352 555
1352 1506
1616 1352
1302 1352
2633 1352
617 1352
1537 1352
1352 363
1350 1352
612 1352
1352 7
1352 1958
1352 1734
2358 1352
1352 1287
236 1352
1352 2238
1352 2686
1352 1217
1352 2050
1863 1352
1352 2058
2364 1352
339 1352
1049 1352
1352 2617
1352 2464
1061 1352
1352 395
1352 710
1352 226
1581 1352
957 1352
776 1352
1352 726
1151 1352
1352 2012
1544 1352
2731 1352
1352 75
1352 596
2049 1352
1352 384
581 2232
2449 1352
1352 1288
556 1352
1675 1352
2474 1352
1352 1916
1352 608
1352 798
2514 1352
2261 1352
2483 1352
56 2594
1847 1352
1381 1352
1352 1926
248 1352
2309 905
2092 1352
95 1352
4 303
1352 1542
662 1352
1093 1352
1352 21
1459 1352
420 2292
1329 1352
1352 883
1533 1352
1352 2076
1352 2334
1296 1352
251 1505
1352 2585
1345 1788
1120 1352
823 1352
2785 1352
1518 1352
1070 1352
1202 1352
1352 125
1352 487
607 1352
453 1352
68 1352
1024 778
1299 1352
912 1352
1352 2749
1986 1352
1650 2081
1352 2581
1090 1352
216 1352
1352 25
924 1352
789 1352
1575 1352
404 1352
1352 1907
1352 204
1352 1095
1594 1352
1352 1247
1352 2559
546 1352
1593 1352
1352 1320
1352 1966
1352 1281
1352 282
1352 1402
160 1352
1352 1636
1352 2310
1204 1352
709 1352
1352 2509
1352 1000
44 1352
210 1352
1352 238
1438 1352
800 1352
803 1352
1352 2346
1505 55
2250 1352
1566 1352
1352 1067
2294 1352
2601 1352
1895 1352
1352 386
1352 616
1352 1021
155 1352
1352 1392
1352 317
367 1352
1352 1693
2229 1352
1352 1851
984 1352
1601 1352
1308 1352
2630 1352
1760 1352
295 1352
1352 2097
1352 1854
346 1352
1352 1647
1267 1352
1352 902
1352 773
90 1352
755 1352
1053 1352
353 1352
1352 321
452 241
1352 415
1352 696
1661 1352
42 29
2447 1352
2455 267
1352 2781
2226 1352
1352 2470
1352 645
689 1352
442 1352
2721 1352
2776 1352
2180 1426
1791 1352
36 1352
1352 841
1019 177
1352 690
1352 741
2052 1321
1988 2268
1352 2724
1352 259
1352 738
1352 1641
1352 1498
1352 1140
168 1352
1352 2209
1352 2757
1352 1927
2659 1352
1352 2764
196 1352
1352 1676
2429 131
2020 1352
1352 1821
318 1352
1352 588
1231 1352
2087 1352
293 1352
2371 1352
1872 1352
972 1352
1352 421
1374 1352
358 1352
1352 2074
1826 1352
1819 2135
1352 1292
713 1352
1352 2274
1081 1352
2381 1352
1352 479
2204 1352
641 1352
1352 2263
1259 1352
1352 1255
1352 2655
1554 1352
1352 1605
1724 1352
1166 1352
1352 2634
2475 1352
203 1352
1352 2453
1352 1919
1352 1244
2499 1352
1352 8
2714 1352
1352 2429
1043 1352
2465 1352
1343 1352
435 896
1352 2059
1352 1955
1352 1623
1582 1352
1352 2761
1352 1105
1352 1379
1352 1101
1468 1352
1811 1352
216 167
1638 2360
1352 1673
1690 1352
1397 1352
1352 2523
1352 342
500 1352
1834 1352
1352 2264
2028 1352
1662 1352
1352 189
2547 1352
745 1352
161 2217
2213 1352
1342 1352
1352 654
394 1352
623 1352
1352 1283
1352 1568
1352 1732
251 1733
1373 1352
2765 1352
1352 2538
1352 1729
1352 1164
1352 899
1352 1697
2640 1352
1352 2669
2086 1352
1909 1352
1352 2282
2397 1352
756 1352
729 1352
388 1352
1352 2365
1352 770
14 848
1111 1352
1352 1412
2131 1352
1064 1352
1567 1352
457 1480
1352 28
1352 1076
1457 1352
2016 614
1843 1352
1219 1352
1352 1268
1352 1723
2091 1352
1352 1878
2043 1352
1352 277
1072 1352
1352 336
2424 1352
2025 2649
1352 228
2024 934
2348 1352
1352 630
1352 1044
1352 2095
2125 1352
2727 1352
1352 2222
2484 1352
2324 1352
1352 256
1352 542
874 1352
1352 441
1352 1722
603 2289
2599 1352
1352 2114
2430 1352
764 1352
1174 1352
1352 2188
1711 1352
1352 2426
1352 2610
24 1352
1352 1876
1352 1486
325 1352
1352 1185
365 1352
1352 181
1352 2391
1352 134
1352 1160
1083 1352
183 1352
1352 1626
1369 1352
1352 2129
1352 1334
1352 605
208 1352
237 1352
1352 2122
1725 1352
853 1352
1536 1352
2572 1352
2298 1352
1707 1352
1352 2511
1097 1352
408 1352
33 1352
2643 1352
1352 685
1816 1352
2066 1352
1352 1671
2212 1352
276 1352
2318 1352
1352 558
1030 1352
1352 1482
1352 74
1319 1352
1352 47
1352 2638
1352 156
1352 1913
396 1352
2029 1352
1352 1300
1352 1315
2654 1352
974 1352
1643 913
1352 1898
1352 513
1352 2199
1321 2180
767 2768
1352 2733
1352 2275
1929 2428
2292 14
1467 1352
850 1352
2526 1352
1352 2257
1352 148
2486 1352
2040 1352
2165 462
1488 1352
1745 1352
1933 1352
1352 459
1261 1352
1352 705
1352 1753
1352 2101
1576 1352
482 1352
1352 1660
1352 2161
232 1352
1352 2286
2622 1932
39 1352
732 1352
1352 454
458 2768
836 1352
1362 1352
2369 2385
1352 1139
1099 1352
1352 492
99 56
1269 1352
1352 9
1352 875
1352 2190
2568 1352
1372 1352
280 1352
921 1352
772 1014
2013 1352
1352 1750
1523 1352
1503 1352
1352 666
1352 2786
613 1352
1352 880
409 1352
1352 964
1352 127
1352 2269
1352 872
1352 2670
1352 2489
1352 1628
1352 2784
1352 2240
194 1352
1352 354
1352 456
972 1994
1352 2457
1401 1481
1352 355
1352 2715
812 1352
2046 1352
274 1352
1759 1548
1472 1352
2051 1352
1352 1161
337 1352
937 1352
1352 1355
1352 1213
1352 1948
1352 2415
1493 1352
2400 1352
2531 1352
1352 2283
1354 1352
2111 1352
634 2549
1352 330
1352 1144
1352 2377
1825 1352
1266 1352
1352 543
2394 1352
679 2343
1687 1352
22 1352
1950 1352
1352 2327
1352 2758
1527 1352
1352 1301
2495 1352
1352 514
269 1352
1352 886
1538 1352
1352 2404
422 1352
1331 1352
1352 782
1352 953
2019 1352
225 1352
2545 1352
1352 2064
595 1352
2661 1352
1352 1456
18 1352
1352 85
1352 1957
1352 1508
1352 844
1352 192
517 177
1352 2468
1943 1352
1352 583
1352 227
1352 2267
1999 1352
1487 1352
1352 91
2234 1352
1352 1858
331 1352
1352 2745
1087 1352
2701 1352
1352 1427
376 1352
1352 1353
1352 111
1984 1352
1352 1646
164 721
1352 2653
646 1352
1352 813
1352 1829
1352 1189
1352 1569
1352 2543
1352 1214
1352 1119
1352 626
967 1352
1352 1640
1352 1337
795 1352
1352 115
1776 1352
1352 120
1352 1525
1352 1107
665 1352
2380 1352
1352 878
1603 1352
1352 1882
2022 1352
2054 1352
1352 290
1352 2567
1352 1563
1352 560
1839 1352
462 1352
1352 1703
1066 1352
1352 1700
1352 739
760 1352
2119 1352
1352 600
2703 1352
1352 856
1352 235
1497 1352
2100 1988
1078 1688
1352 426
2007 1352
1352 847
1352 2603
2335 1352
1352 88
1352 220
1352 2569
1352 1584
1352 2711
250 1352
1352 379
1040 1352
2650 1352
1352 2604
2641 1352
1352 846
1318 1352
2202 266
1658 1352
1352 536
1352 2245
1352 935
287 1352
1900 1352
1423 1352
186 1352
544 1352
1352 1678
1352 2110
640 1352
1887 1885
1352 1208
2306 2679
1352 1699
1727 1352
1352 2098
1352 1170
385 1352
1352 1371
1352 2252
1696 1352
1352 1280
543 2466
1817 1352
1352 676
1352 672
1352 2304
1352 1312
1990 1352
1352 2480
1521 1352
1352 273
1352 1136
2170 1352
1653 1352
1057 954
1352 449
1415 1352
1054 435
1352 2490
1775 119
1352 1746
1352 1495
2369 758
1352 1452
1352 932
1352 1935
1352 2113
987 1352
2099 1352
2355 1352
554 1352
572 1352
598 1352
1352 116
2047 1352
1922 1352
1352 1145
1345 1543
578 1352
2501 1352
2591 1352
215 1352
378 1352
1352 504
1352 936
2243 1352
1352 265
1352 625
1338 1352
1352 299
1352 1848
1352 469
2702 1352
1642 1352
1352 2340
1311 1352
1352 245
1352 539
2276 1352
1352 1797
1352 1153
1352 927
1352 1615
1494 1352
2712 1352
1352 1304
1352 1807
397 1352
2551 1352
107 1352
1352 1911
2416 1352
1352 1462
1352 1236
1352 1890
1352 2220
2206 1352
1352 1528
1352 1141
1352 66
2193 2068
2709 1352
1352 451
1352 1607
1352 98
1352 2290
1352 2623
302 1352
1352 2440
1352 1961
1695 1352
1352 2256
448 1352
1352 2450
1446 1352
1352 493
2219 1799
1178 1352
1352 834
179 1352
1464 1352
1596 1352
1352 289
1418 1352
988 1352
1417 1352
1352 780
403 810
1352 2596
199 1352
1352 1686
13 1352
1352 368
1352 84
601 1352
1352 489
1352 464
1352 2775
1352 1669
2117 1352
1352 719
1352 1367
2005 1352
1665 1352
2024 266
1352 727
1968 2272
1934 1352
1352 1597
158 1352
1894 2485
919 1352
2279 1352
1352 521
1352 40
1352 2656
1759 1352
1352 1122
173 1352
1766 1352
2079 1352
1352 2636
198 1728
2385 1802
1983 1352
230 1352
1352 312
1352 532
1352 938
1657 1352
1188 1352
1352 2548
538 1352
1352 1162
1352 861
35 1352
1407 2477
1519 1352
1869 1352
1352 627
1306 2077
2373 1352
478 1352
1224 1352
1352 1264
1352 1125
1352 817
1352 2194
2403 1352
1352 632
2133 1352
1352 574
2553 1352
1352 1995
1352 1938
2305 1352
1352 1228
361 1352
458 2219
1352 1751
1352 2009
1802 1052
1352 37
1352 1893
169 1352
2203 1352
1792 1352
1352 1956
1352 326
73 1352
362 1352
1352 1063
759 1352
1352 113
1352 1905
1368 1352
1352 1294
1352 1971
1352 1765
1352 2736
1352 1181
1352 63
229 2736
1352 2230
198 457
1352 2597
1352 2760
1245 1352
2513 1352
1352 2376
2409 1352
2716 1352
656 1711
1352 857
279 953
197 1352
2590 1352
1199 1352
2588 1352
1352 1062
1352 260
1352 1278
1652 1352
1352 1001
1349 1352
2124 1352
1352 163
1328 1352
1352 2607
1352 888
1352 399
1257 668
1352 1422
2470 1771
1352 688
1352 1936
200 1352
1352 970
1352 1065
1352 2090
1779 1413
537 1352
2635 1352
1352 2088
2561 1352
1714 1352
562 1352
2657 1352
1352 1977
1352 1670
1276 1352
1352 190
1352 842
1201 1352
66 1689
1352 2700
1352 261
2173 1352
1352 1147
2065 1352
991 1352
1352 534
1352 1509
1352 1142
597 1352
1352 2554
1148 1352
1352 1914
1190 1352
1352 1169
2021 1352
1352 1517
1352 48
1352 1879
2351 1352
383 1352
1352 1398
1352 1559
2476 1352
2337 62
2441 1352
1705 1352
1352 2525
1352 2482
2026 1352
642 1352
1352 1959
423 2706
1352 1444
1352 1549
1352 1124
1611 1352
1352 78
1352 2207
333 1352
1352 2421
904 1352
1352 699
1352 1823
1352 233
1352 1694
1352 577
1352 1612
1352 1384
540 314
736 1352
1352 768
1352 1806
1352 294
1352 808
1352 746
1352 898
1352 1793
1352 889
2707 1352
351 1352
1352 2056
1352 1239
2225 1352
1352 2452
1085 1352
1238 2342
1352 621
1352 2685
1352 804
990 1352
1352 2446
1352 1176
2528 1352
92 1352
624 1352
1710 1352
1352 2540
855 1352
182 1352
1086 1352
1885 1352
1352 2384
1295 587
1352 1042
2491 1352
758 911
1352 496
1352 2003
1352 2172
41 1352
1077 1352
2089 1352
796 1352
1352 2717
1352 897
777 297
2504 1352
1352 2626
465 1352
1840 908
1998 1352
2576 1352
360 1352
1352 1992
1512 1352
1352 2579
1352 1123
1633 1352
2544 1352
1352 334
1352 2006
1352 1952
1242 1814
1352 2767
962 1352
2412 1352
1352 573
1352 698
2595 1352
1656 1352
1193 1352
1475 1352
920 1133
150 1352
1352 865
1352 2339
1352 2278
1352 1218
1886 1352
1352 311
1352 335
1428 1352
1352 2728
1952 1399
2246 1720
1352 933
1352 2017
1352 1787
1489 1352
494 1968
1352 1608
1352 1344
1352 1012
2691 1352
1655 1352
1431 1352
1352 2142
1036 1352
1178 2729
2665 1352
1297 319
510 1352
1134 1352
2216 1352
1352 2772
461 1352
1020 1352
1352 2660
1254 1352
1352 429
2035 1352
1352 1925
185 1352
1352 375
2516 1352
1857 1352
1352 72
783 1352
1126 1352
1874 1352
1352 247
1352 2000
2106 1352
1352 2508
1082 1352
1352 2678
1708 1352
561 1352
996 1352
2317 1352
1352 1947
1738 1932
2573 403
286 1352
1800 1352
814 1352
1352 1024
159 1352
2315 1352
1352 711
2751 1352
2120 1352
2363 1352
1352 2578
1352 2259
2563 1352
941 1352
223 1352
1037 1352
1055 1352
1352 2055
1216 1352
1352 2069
1352 2107
2296 1352
1352 1363
1448 1352
1352 985
1352 714
1352 750
2743 1352
1352 731
767 99
1352 1479
1514 2061
892 1352
1352 765
1352 424
439 1352
1177 1389
1352 162
1352 2680
1910 1352
1163 1352
531 1352
1352 2254
1352 708
1352 1127
2778 1352
61 1352
1352 1541
1352 136
1352 1496
2206 2321
2777 1352
193 1352
1352 1529
1352 930
239 1352
2127 1352
615 1352
1352 2747
2280 1352
1352 1737
2532 1352
1172 1352
1352 129
476 1352
1352 402
1352 2018
2648 1352
2168 1352
1352 1875
1383 1352
1352 54
1855 1352
762 1352
1352 541
1877 1352
2121 1352
1352 2260
1881 1352
1352 2083
1352 1789
1352 2214
1352 2615
2630 648
1352 2179
1352 1258
1010 686
1352 891
1352 1917
997 1352
1352 563
1352 2057
1352 1985
1352 2300
1352 2719
420 1830
254 2268
1352 76
218 460
2697 1352
1804 1352
1352 906
986 1352
382 1352
1352 643
1071 1709
1873 1352
1925 1561
1352 166
149 1352
753 1352
217 1352
1352 2073
2679 934
2541 244
1352 87
1029 1352
1818 1352
1352 950
1352 1770
1352 440
1715 1352
1100 1352
1309 1352
1352 369
1096 1352
1022 1352
1842 1352
976 1352
2138 1352
1352 19
1604 1352
1352 2658
23 1352
1352 1891
2187 541
1352 2668
631 1352
1004 1352
203 1003
153 1352
1352 826
1251 1352
1352 1430
752 1352
1002 1352
1352 2379
1352 2370
2191 1440
1352 610
172 1352
1210 1352
1352 2036
1352 589
1352 2552
1215 1352
1443 1352
671 1352
954 2600
1352 2699
1352 176
1352 1256
557 1352
401 1352
1352 2109
1352 69
946 1352
1295 267
1103 1352
1156 1352
264 1352
1352 1632
825 1352
1426 117
2618 1352
1901 1352
1352 1195
1902 1352
1792 1502
2598 1352
1352 2605
1588 1352
1352 2698
1323 1352
1352 1058
1352 1117
1352 1018
2624 1352
20 1352
1735 1352
1352 242
724 1352
1352 1782
1352 1547
1352 1157
1352 704
1352 483
1993 1352
1682 1352
447 1352
1436 1352
135 1352
1352 1056
1352 2437
1352 816
2780 1352
983 2200
82 1352
1666 1352
1352 1740
1411 1352
1352 1621
1352 1565
1352 2557
1314 1352
1352 1370
1352 1470
1198 1352
1352 2288
2639 1352
1025 2608
1712 1352
207 1352
1352 2723
1352 980
1619 1352
2454 1352
43 1352
1352 2406
1352 141
1352 2684
1352 869
1352 749
1352 175
1859 1352
2147 1352
1352 2329
1473 1352
1352 664
254 913
1352 443
983 614
551 1352
2096 2105
1352 1949
1352 405
1352 2667
480 1352
1352 1679
1352 1586
490 1352
2730 1352
1352 1609
1352 1341
1352 2410
1352 1507
2374 1352
1352 1965
1352 2211
1352 2663
1352 650
1942 1352
1352 1719
1352 1741
1803 1352
1964 1352
1946 1352
1352 785
1279 1352
876 1352
1981 1352
1404 1352
2462 1352
283 1352
1352 1028
1352 742
1352 2676
2343 2289
1352 2459
1230 1352
1352 956
1352 952
1291 1352
2155 1352
1352 1773
1022 2004
1520 1352
1352 1702
1339 1352
1352 2687
1159 1352
1352 2473
1352 1465
1713 1352
2108 1352
2284 1738
1352 963
1522 1352
1352 2606
2265 1352
1794 1352
2052 1480
46 2559
10 1352
1135 1352
1889 1352
1352 960
568 1352
1352 2564
1352 60
1352 805
1352 669
1908 1352
1352 2163
1672 1352
1352 1425
1836 1352
1220 2675
1352 1835
2143 1352
1352 1923
2248 1352
619 1352
1838 1352
1352 319
1352 1801
1352 1698
1352 1194
1203 1352
2316 1352
1352 618
2662 1352
2246 1650
638 1352
1352 1075
1352 1618
567 1352
1171 1352
328 1352
1352 530
2039 1352
1378 1775
1352 1524
777 1352
1352 2537
495 1352
1352 32
1352 1447
1352 1754
1352 849
1352 2368
1352 86
1808 1409
1352 1578
1352 639
1469 1352
1352 1007
993 1352
1812 1352
1630 1352
211 1352
1352 1755
1352 879
1352 1939
1758 2356
278 1352
969 995
860 1352
837 1352
2251 1352
100 1352
1326 1352
1366 1352
1352 1347
1556 1352
152 130
2763 1352
1654 1352
1352 2750
644 1352
2481 1352
1010 1352
1191 1352
1352 243
284 1731
1352 766
2137 1352
2332 1352
2755 835
1352 1500
2558 1352
2737 1352
2478 1352
1352 2534
1352 2587
1352 296
1352 1005
329 1352
1241 2049
1352 2145
140 1352
1352 1008
1795 1352
1743 2271
1352 1282
1352 1631
523 1352
300 1352
12 1352
1478 1352
398 1352
1413 1316
1963 603
187 1352
202 1352
1849 1352
2463 1352
380 1352
1352 2517
1352 473
1352 1860
1352 1340
2015 1352
1227 1352
1352 2754
2067 1352
1352 516
1352 715
820 1352
1352 2037
1352 1220
1352 2185
1466 1352
475 1352
29 1078
609 1352
1352 306
2258 2706
281 1352
1173 1352
435 2471
1352 1781
1352 1393
1352 1246
1352 1620
1972 1352
1352 2619
1034 1352
417 1352
2485 284
1352 628
2550 2529
1463 1352
2314 1352
1352 102
1352 2186
1352 854
1651 1352
1352 1434
1352 663
1484 1352
1352 253
1352 400
1352 1884
1967 1352
1352 1535
1352 1606
909 1352
1352 1015
502 1409
1352 722
1352 505
147 1352
1352 2431
393 1352
2396 1352
1352 1197
1352 2530
1424 1352
432 1352
751 1352
1352 2382
1352 2625
1790 1352
1352 1265
684 1352
674 1352
1352 16
1352 602
1663 1352
1352 2094
1352 2556
1352 1298
2196 1352
1346 1352
564 1352
1352 1704
1352 151
1352 1453
1352 893
908 1206
2741 588
2072 1352
1352 240
1352 929
838 1352
1352 1290
585 1352
1352 1079
2326 1352
1442 1352
1599 1352
1352 1864
1352 1273
1027 1352
2045 1352
1595 1352
1352 157
1352 430
1352 1180
1352 145
1352 315
1183 112
2705 1352
1352 1980
1589 1352
1352 680
497 1352
1352 2273
1953 1352
1780 1352
2249 1352
677 244
94 1352
1352 633
1352 1450
2388 1352
2783 1352
1352 257
1352 1924
702 1352
1352 1104
2652 1352
2512 1352
2244 1352
1352 2038
1749 1352
1352 1222
1352 811
862 1352
2151 1352
1455 1352
1617 1352
2455 2541
2299 1352
2112 1352
11 1352
1352 144
1272 67
797 1352
1352 2566
1352 49
840 1352
827 1352
2467 1030
1798 1352
1352 2389
1150 1352
1987 1352
1154 1352
1206 1352
2752 1352
2586 1352
944 1352
1352 2744
2130 1352
1352 2401
2443 1352
370 1352
1386 1352
2632 1352
526 1352
1352 2738
1352 165
2393 1352
873 1352
1613 1359
1352 2521
1352 2102
1352 788
1352 1483
1526 1352
1352 2690
1352 2354
1352 687
522 2191
2451 1352
1352 2433
2637 677
1350 1515
1352 1406
1002 961
1743 123
486 1352
1352 1212
2611 1352
1511 1352
2197 1352
1352 866
1284 1352
1352 968
553 1352
2148 1352
2510 1352
1701 1352
2140 1352
1954 1352
1352 2002
1451 1352
2616 1352
701 2550
1352 349
955 1352
1832 1352
418 1352
2642 1352
1352 2184
2139 1352
1352 1387
1116 1352
1361 1352
1376 1352
1352 2574
1352 2704
931 1352
1352 895
1352 1899
2341 1352
1352 1979
1073 2080
6 1352
2614 1352
314 1352
604 1352
1390 1352
2444 1352
1867 802
1352 70
2533 1352
1094 1352
2782 1352
1352 2323
1352 221
1352 30
1352 828
1352 559
1352 1846
1352 121
1352 822
754 1352
1461 1352
1352 2555
1550 1352
1106 1352
1352 466
463 1352
2582 1352
2169 1352
45 1352
1232 1352
2496 1352
1352 2158
1352 830
1352 1532
1744 1352
1352 2134
679 1378
1592 1352
792 1352
2529 1257
1680 1352
2242 1352
1352 171
2520 1352
303 2135
1352 571
2132 1352
1352 491
1352 1234
2320 1352
548 1352
178 2337
2646 1352
1352 2535
910 1352
1358 1352
1352 1286
1352 122
1352 2181
1352 1762
53 1352
1352 2344
438 1352
1113 1352
2128 1352
1352 2366
1352 658
1352 1785
1352 1240
1352 1564
139 1352
1352 1138
1777 1352
2236 1352
1352 1109
1352 103
1352 1167
2077 2014
1352 268
1352 2193
2612 1352
1352 1013
1815 1352
1352 1644
1271 1352
1352 481
2231 1352
821 1352
1352 1375
1352 2718
2522 1352
1352 2048
1352 1772
1352 1501
1352 1784
965 1352
1352 2311
1352 15
1352 374
2571 1352
2233 1352
1352 2748
1763 1352
1352 858
1352 1915
1976 1352
1352 2144
1352 1260
1352 697
1225 1352
174 1352
1352 2295
377 1352
966 1352
1352 249
1352 949
1102 1352
1692 1352
1352 446
1352 943
1231 1322
1352 1460
977 1352
819 1352
1352 1534
89 1352
1352 2506
1177 581
1352 1317
58 1384
1394 1352
1352 1357
1352 1416
1352 547
1352 979
1352 246
1352 1009
2577 1352
1504 1352
138 1352
1352 2156
170 1352
1226 1352
2549 2223
1352 1921
1352 675
2328 1352
1352 2696
304 1352
881 1352
1352 2141
1352 1721
1352 1149
728 1352
900 1352
1352 1038
1352 1739
868 1352
1352 301
1352 1419
2070 1352
1352 2241
2271 2434
1352 2010
1352 320
1352 1112
576 1352
790 1352
2349 1616
718 1352
1352 691
1352 2399
1352 272
1485 1352
655 1352
1352 1897
1352 2262
2762 1352
209 1352
2100 2649
2419 1352
1352 1530
468 1352
2647 1352
1352 1742
1352 1868
1510 1352
1352 867
1352 1084
1352 1828
2301 1352
1352 1248
1074 1352
717 1352
1944 1352
1179 1352
1352 2515
1352 2502
2674 1352
1352 2224
222 1352
2200 71
1352 2739
1233 1352
1352 926
1352 234
2174 1352
1352 591
1352 1974
1352 2689
1352 195
1352 2461
1352 1137
1249 1352
1352 657
1930 1352
2637 2542
1796 1352
1928 1352
1352 2053
851 1352
653 1352
1352 1769
2081 2202
1585 1352
1733 1718
1352 1439
1352 146
1352 1274
1352 1717
1352 2255
1778 1352
59 1352
1352 981
1613 995
1352 1513
2411 1352
1352 1870
1352 1896
905 1352
2771 1352
1352 882
1352 1382
2183 460
1352 2408
1625 1352
1069 1352
1352 748
1352 2198
1352 1852
1352 1252
1352 1183
761 1352
1352 340
1352 474
2303 1352
1352 298
327 1352
2742 1352
2427 1352
1352 1978
2500 1352
1352 1187
1132 1720
1352 1730
1352 2746
55 2154
989 1352
2405 1352
552 1352
807 1352
1351 1352
1352 414
1352 871
1352 2713
1303 1352
1143 1352
2734 1352
1352 2372
1352 431
1192 1352
1258 1546
2602 1352
1391 1352
1352 17
1352 1158
2472 1352
64 1352
1352 359
2041 1352
1352 939
506 1352
1118 123
1352 509
373 1352
1352 884
1115 1352
1352 2027
1352 582
2182 1360
1352 434
549 1352
2539 1352
1352 2239
1352 445
2507 592
1352 191
1262 1352
231 1352
1023 1352
2770 1352
292 1352
1128 1352
2210 1352
781 1352
1726 1352
1706 1352
1352 2774
1853 1352
1352 371
1035 1352
323 1264
392 1352
1352 1060
975 1352
1089 1352
1573 1352
1352 1677
2183 1688
969 494
1352 1888
80 1352
1352 1200
1352 1805
1352 877
1352 923
390 1352
1352 1307
1352 786
2423 1352
692 1352
423 1894
1352 959
2722 1352
512 1352
1352 2629
647 2471
1831 1352
1026 1352
1352 1600
1352 2527
1352 1356
1499 1352
1352 2350
2357 1352
1645 1352
1352 1555
1491 2546
1691 1352
1991 1352
779 339
366 1352
1945 1352
1820 1352
2469 1352
911 1562
590 2726
1352 1131
1352 2011
1352 586
1352 859
1543 1352
1352 1659
1352 593
109 1352
1352 1041
1352 774
1684 1352
1352 413
1970 1352
2740 1352
1352 2589
925 1352
164 2759
1352 1449
1756 1352
1491 1306
1352 1551
1352 2398
1352 2178
522 1359
1352 673
661 1352
473 2621
1352 133
1352 262
1364 1352
1352 2361
1352 389
1352 450
2773 1352
1352 2732
472 1352
1352 1940
1352 2116
1352 1310
1352 212
1352 584
1352 637
1352 2407
839 1352
1348 1352
433 1352
1352 1073
2302 1352
1388 1352
1016 1352
1352 2445
1324 1352
1433 1352
508 1352
1533 1492
1352 224
1352 518
982 1352
1032 1352
1352 579
1352 1048
1352 733
1352 2492
2078 1352
1389 852
1352 1080
1352 2671
2583 1352
587 241
678 1352
1352 682
410 1352
285 1352
2208 1352
1352 2487
184 1352
660 1352
1352 1051
1325 1352
338 1352
77 1352
2608 1352
1352 928
1108 1352
1352 636
683 1352
2695 1352
2096 2438
1352 5
1352 270
1352 659
1313 1352
143 1352
1635 1352
1352 2331
1352 894
1352 81
1352 1574
2319 1352
1352 1435
119 1057
101 1352
1571 1352
2753 1352
1579 1352
2033 1352
1352 1377
1352 93
529 1352
1352 806
1352 1861
1352 2456
1352 344
1333 1352
1352 2060
1624 1352
1352 2160
712 1352
1733 918
1352 2215
104 1352
2594 2356
1883 1352
1352 887
725 1132
1352 352
1514 1352
1352 2422
1352 1664
1352 2062
1352 31
1352 922
1352 437
2342 1052
800 1591
1352 1681
1352 106
1352 2645
2666 1352
2008 1352
1352 565
1352 1410
1352 79
1352 2308
1352 2436
1352 1441
1088 1352
1352 916
188 1352
1352 347
1757 1352
1352 1867
1352 498
885 1352
1352 1767
1352 1674
1352 2227
1774 1352
1352 1982
1810 1352
622 1352
1352 2688
1207 1352
1352 2149
511 1352
2232 2438
1352 356
477 1352
1779 1481
2386 1352
1352 350
1250 1352
1352 132
467 1352
1352 1165
1114 1352
2631 1352
1352 2307
917 1352
275 1352
2498 1352
2575 1352
720 1352
1039 1352
2333 1352
2353 1352
387 1352
1146 1352
2287 1352
1352 391
1352 1736
52 1352
1764 1352
2414 1352
1352 2171
1352 1960
2390 1352
2166 1352
1352 2218
1352 1184
1352 2519
1352 971
2442 1352
1352 801
769 1352
903 1352
2692 1352
1352 1221
2651 1352
1352 310
2023 1352
1352 784
1352 870
1352 205
1352 2277
907 1352
2524 1352
1996 1352
1844 1352
740 1352
2347 527
1011 1352
71 1830
810 2025
1352 775
1352 1648
1352 1667
258 1352
1352 652
914 1352
524 1352
38 1352
1091 1352
1598 1352
1263 1352
1352 2592
1786 1352
1856 1352
1352 1336
670 1352
1352 2694
1352 1540
1352 2439
2352 1352
1352 999
2542 1788
958 1352
1352 2285
1020 1824
519 1352
428 1352
1270 1352
1352 2031
818 1352
848 647
1352 890
1352 2044
1352 599
1352 1050
1352 2338
419 1352
51 1352
291 1352
1352 2383
1352 2297
1330 1352
1352 1747
1168 1352
2223 1019
1352 1685
1352 951
1352 2253
1352 723
517 2477
1352 427
2518 1352
1580 1352
1352 1365
1352 1865
1352 57
1352 65
1352 126
2420 1352
1098 1352
1352 2266
1352 1761
2126 1352
771 1352
2306 2105
1352 1335
1129 1352
1352 2063
947 1352
2313 1352
1352 1989
1352 940
730 1352
452 634
1352 2417
2755 527
520 1352
1352 436
1903 1352
824 1352
1850 1352
1352 1649
1352 1490
737 1352
1937 1352
416 1352
1352 809
1352 2228
1352 2123
406 1352
485 1352
1352 793
34 1352
2164 1352
1385 1352
1352 1033
2392 1352
1352 998
1622 1352
1275 1352
1352 747
1352 2683
973 1352
815 1352
1352 1997
2681 1352
2281 1352
1352 831
1352 992
725 1731
1352 1583
343 1352
1352 763
1352 1941
1752 1352
2084 1352
1352 1614
1352 2708
1352 1627
845 1352
114 1352
1352 1059
364 1352
1285 1352
1352 1
948 1352
206 1352
1352 1552
2177 1352
2162 1352
1352 829
1809 1352
1352 470
1352 2562
1305 1352
942 1352
1758 1242
1352 772
1352 2580
1352 1235
1380 1352
1352 2628
1352 332
1352 2673
154 1352
1352 2488
2176 1352
1352 372
1352 791
1352 2291
1352 2247
1352 535
1352 787
1577 1352
2115 1352
1471 1352
1352 1209
2345 1352
1352 2032
2565 1352
1352 2322
1352 1904
1352 305
1238 701
1352 1243
1352 128
2570 1352
1352 833
381 1352
2448 1352
1047 1352
1553 1352
2609 1352
1912 1352
161 1808
1352 1931
1570 1352
1827 1352
1352 307
1352 570
2034 1352
954 2434
213 1352
2360 2347
1327 1352
2093 1352
1352 1403
2627 1352
1352 2756
1880 1352
2284 1638
2014 1407
575 1352
137 1352
2677 1352
1229 1352
1813 1352
978 1352
1352 1458
1352 2293
214 1352
2378 1352
1352 2103
1352 288
322 1352
1352 1182
1031 1352
1352 2042
2082 1352
1539 1352
1352 2503
1352 2201
1352 1400
896 2573
2 1352
1352 180
1352 1833
1728 62
108 1352
1918 1352
651 1352
1352 945
1352 2146
1352 67
2175 1352
1092 1352
1352 734
2001 1352
1352 2367
2644 1352
1352 706
832 1352
1352 105
96 1975
1352 252
1352 681
1352 309
1668 1352
1786 1293
2622 1799
2779 1352
1352 863
152 1352
2221 1352
341 1352
271 1352
1352 2362
1352 2560
2071 1352
1352 994
124 1352
1683 1352
2507 1352
1110 1352
569 1352
1783 1352
1352 843
2157 1352
721 178
1352 1006
1352 1557
1973 1352
920 1963
1352 1841
1352 2435
1352 1420
1352 2425
1352 2664
2258 117
1352 695
1429 1918
1572 1352
620 1352
1118 1562
1396 1352
425 1352
1352 2152
1352 2270
1352 1871
2460 1352
2546 1316
566 1352
1352 499
1155 1352
1352 629
1352 263
1289 1352
1352 1845
1133 2759
1352 1211
1352 1629
1352 580
1352 799
1352 255
528 1352
635 1352
703 651
1068 1352
1223 1352
1558 1352
1352 1639
1352 694
2497 1352
1352 700
1352 2402
1352 1237
1352 2030
1951 1352
1352 357
606 1352
1454 1352
142 1352
218 502
1352 2769
1071 1352
1352 2413
2479 1352
2458 1352
550 1352
1987 1866
1531 1352
1352 2325
1352 1862
1352 1516
1277 1352
348 1352
2154 1819
2387 1352
2682 1352
1352 667
2075 1352
1352 716
1017 1352
1352 545
1421 1352
1352 1121
1352 1920
1352 2192
2418 1352
1352 1637
1352 1602
2237 1352
1352 2085
2330 1352
1352 2584
1352 1892
3 1352
1352 507
1610 1352
501 1352
2725 1352
1352 2710
2720 1352
1352 915
1476 1352
1045 1352
2505 1352
1352 1445
1352 864
484 1352
1352 2167
1352 2672
1822 1352
1440 1929
1352 1474
1352 1837
2034 50
2189 1352
1352 1205
1352 1130
594 1352
1352 693
219 1352
1587 1352
1814 1401
1352 2359
794 1352
1352 1969
345 1352
2375 1352
1352 1906
611 1352
1352 1768
1352 316
1437 1352
411 1352
1352 444
27 1352
1352 407
975499373 596566094 882463389 610151916 165637587 443607278 935881365 533665037 319341929 674688802 942301988 871019175 54207633 233405904 779338871 931740056 825035198 475685839 699343118 285735678 174488536 220687151 473041987 538181621 696672336 646508616 6669705 843477244 343250626 879773303 634170161 934041308 806769186 163222527 43287234 274402434 788785297 34770641 30718198 186492740 994172866 434484793 577105229 199659206 838611275 686037537 470123460 825560278 543688355 87935616 708341818 454846593 439557487 628158039 48414711 301656166 273721321 687329114 522980740 105239643 109494071 435129716 484456686 106659383 17042182 212198147 420089679 972258491 889782771 81550878 891439520 942830130 868240046 320490823 271585424 707169001 174874213 876567815 943141269 136882941 4510792 782235847 512392038 91294743 212339718 750979949 243477678 436904134 362152184 935711924 222528313 568664582 196299679 84661785 607622515 246040832 92071509 814874584 105776535 808039624 566566296 188554782 676830002 404599170 931695397 832677456 892383305 755485103 211448398 876171391 306721699 507174258 89616544 709540758 815300734 21973807 213552090 9428603 741970819 588252277 934144579 168983697 759210032 806210817 502157308 680680940 133933452 97572017 691316649 302072543 907071136 382052999 316784213 732865335 707225597 876415395 976519134 40080228 470057751 503543878 557812485 215478119 877247003 419553922 763321733 55833002 484065055 306586515 728307140 75177956 185793449 485103516 989688858 919898483 280558674 290285380 528478990 327812310 278066275 851432319 864191229 366732020 303200424 624340109 35172601 560643871 838292457 592807894 784213313 720282605 188985012 231958072 730618532 497222526 327870975 50415595 932180255 304019946 189492950 590030802 448291199 123930529 917124916 100553717 584634120 899915775 695180918 816077526 679919179 503273419 288926403 103135560 884077907 646588901 136028113 329084412 782859936 559571209 132346974 157044656 484514417 918415072 369208822 12637228 801337737 433489720 768921933 716889090 338837480 448123276 889311551 274446012 268146858 675917929 315690105 699776241 336325060 996583824 455417956 817710243 734180204 746289980 825263470 427180064 756774756 356601177 283338642 7760974 404958379 780973338 948502422 409994099 589014787 715285729 359213263 303109017 532197281 507466926 15036460 922330263 516632091 39397742 830020138 283018957 117863921 625247053 576188403 965902786 515819760 478710150 586790942 148219707 822194350 513160876 585341690 630015345 335698624 995363838 40998575 465624534 749370287 61594174 848368768 790967287 449104605 935019051 686404868 618995104 518202533 393744405 588862504 707540410 750774202 162080530 638919744 296796585 746748998 645256524 556449672 24474482 121016378 707454885 69636293 466084852 954523704 910218057 193954546 691519559 308507053 687845197 143055756 739471261 342813040 107599776 966821631 661868 941948264 830988542 670374172 362569738 980269008 848896884 741673151 706063943 601310700 864049894 214196870 841451139 619730161 664360862 385058857 198445987 208746606 224404832 694111584 23506616 820135065 480502369 968162670 771340438 314450858 448273920 806119053 505708436 290005582 733630843 775026151 319795522 379283094 608762493 820732325 765697029 632121730 792882516 927104661 616023640 86942226 621801585 905105794 112366013 386727835 520057013 342355895 11607108 781575866 788642509 162419277 26173965 107318161 693984019 681582716 492168620 933371339 869528339 854315367 275598814 77698122 389464411 844548760 654976023 234600549 716788907 157675837 966553168 913755187 510191998 668795863 640492125 232861628 413947161 619408998 618641924 685487509 701427844 308739872 6407711 347464699 515107810 217261843 763290530 703829489 846375009 143188066 245717827 64997891 942957098 251351615 761209197 872199067 41913300 200914066 801080594 790881016 872816522 307573471 84190779 869364656 976008480 598227143 620340245 630001450 161141918 97595738 88075475 385436416 938930744 152733012 171421560 357666963 371577150 995928267 309504114 331523576 492587483 669947406 428837067 634022927 735887650 61593418 879520740 121167607 782101140 715973118 447525430 353881469 157112934 626474385 530760550 939762577 228231183 390034244 969691765 464470903 937344812 34976965 708130751 575489307 578312115 641715508 844273478 90811010 67798551 788899855 786280493 873108738 584953327 348664317 280533886 355874102 436151703 57375759 970922829 687036801 134580447 140376801 271301545 780866565 555414239 68355412 925553591 663986434 9651468 795275252 214023110 604790478 493542111 324506115 458703543 917842329 436648919 920710888 977901878 280104159 971642909 570551923 830481445 2528873 772701106 377735090 377530118 293546981 308443286 379676300 530729845 856001647 533020279 599837198 479845557 244790357 905596997 253617647 660257093 568482216 58263430 49867930 933901511 702901527 673832665 201115962 511372168 437216037 670963370 663661062 720782124 688707655 223718748 967293899 244988427 281122362 830180732 399179833 293525719 481128571 385446020 417660396 783209973 624057952 996488807 498765183 867965262 591337201 790437679 198072824 396591196 645587795 405966035 182057968 604836432 593877936 445257966 583730767 619693289 754226642 695134812 244360527 439321428 877453529 375303709 712873154 642592159 403426764 621469180 507113932 778940128 220951555 150889249 245028808 367126044 833202185 462682453 360227404 689706063 246964084 108890206 417914673 718973953 771273712 351258223 748972856 714616413 435093576 404309342 700690478 902347710 894781548 852646129 581820412 823003971 440849361 604665621 508675669 513572377 481059108 389141059 148159599 522266099 275936891 605171113 458415624 795853073 690624179 620276460 25053277 328029369 897460899 19985362 903452589 733690615 636169332 843448468 982381746 16443573 782449842 591156215 154440471 739666235 398012539 572763320 479960672 211658032 314013307 753804545 387858204 496294075 166609403 898402451 53955111 345534614 209025091 742204195 248195125 382584286 79829494 663344573 235535037 299103313 946712262 506069397 837491499 971823030 678212100 467615754 432845918 844249835 679171417 416394403 719557608 909366755 541970847 856553758 126348679 609917228 517219836 417364320 97415425 896077354 931292293 378637741 435737178 449121270 915327851 393870257 850443595 768468026 334412486 245375804 855947226 115653626 19244044 192802529 291202480 877438511 513337903 192375427 589426810 600779708 440228452 41297419 462804946 581892354 630233718 156906961 105497896 717413555 239285077 750005601 92834212 69858651 222186108 466121866 739991511 661123471 14653389 411142877 143128362 709695664 534112354 596053225 303435636 139778547 820823442 774070108 312898825 592191379 469082099 991124233 931966491 801531727 988113086 15039193 306043027 259753818 742912900 148996535 203354891 69859337 760832256 572866316 321423108 149984044 187442047 703862793 630175891 393443325 998430605 115518557 72998572 263477180 682262519 788964350 275428524 291836529 989348647 109180787 645657376 850999237 922955512 478251021 133864631 390503517 769528547 494278956 975748665 480875650 899095781 752618564 82477494 797371144 780456394 29286024 857048342 817868339 213505389 733492721 854242420 912709768 272099382 89162708 665951126 448916136 822517802 965798204 172189463 501937876 17793033 660344890 483035961 931240277 927264271 637500493 967114705 329076897 789662585 487547700 420305356 67619086 469087120 332153220 74346883 279041691 425233671 353419279 293171958 619559366 586563282 2578471 319096538 412764695 656274523 799028338 258642476 21792162 79820278 808408283 954207986 652796008 754774830 393070978 579222740 4364849 559849656 755303711 316901983 91309760 629215066 857324283 722565322 572093204 564010138 62679232 608271914 691159116 616517719 408143200 582083973 827620171 555962787 960211350 67580973 500899512 919146256 35686814 215104824 844109991 950558808 945767136 297669917 52207087 343021819 218163236 626041998 366323621 937149721 165454550 254900337 453924612 545140168 328606637 106652193 770688890 959675294 691922979 705692276 712136812 642576316 519000135 904880697 421725033 568773960 906283930 39874343 302540953 460849416 394129480 718797053 858630850 547626623 608793138 515246213 340326429 33906501 610052861 826290297 634612768 723933521 222878345 433559848 567189826 158873807 49803195 156925885 663088211 452792514 963894513 88183969 750354259 681142687 289321472 376299047 589214311 613391184 44770667 815615380 807853878 634263293 467740053 736401557 479139009 924298338 676470878 438883498 662139651 47432735 913780749 678010296 91792150 192381341 731735589 585940629 89756997 619814808 261404683 765990589 396146167 796299713 166873441 721384664 663022347 830059589 124923052 341661802 463047183 354423670 528034760 51054761 980948135 992990451 701514739 987919151 422863878 465896569 433921950 745103423 341891185 393321277 612652767 915498420 389616331 213946408 960856103 475045074 398836205 855911519 868601759 244231309 814629626 625676847 230806580 941167277 37940274 864364433 173981950 402285136 924300290 616021859 237416664 840501426 959394885 793068889 153697240 686237875 287648639 693515759 244561660 935479561 751332625 392984082 490094806 805589727 970189904 587862196 787108292 379013759 531868591 189097237 879340019 661892347 605126988 695490010 67611090 220269083 463800294 164334124 646497732 859740300 266796873 864327897 606163906 985599916 148826577 301664048 498310161 463823183 290214667 938033787 375799102 458722799 62540956 645482969 279362669 22276833 402788740 516070319 189434166 749065601 621201136 355565679 748837619 131133368 628543222 344353582 915381522 608128215 212022988 401671176 602708651 782854967 835816933 861282948 948185865 419547343 446164945 816622255 958045615 271013099 735449589 383438267 436267147 550575212 740919347 74749557 380420069 342108815 583782484 281054240 354930344 993356157 199491157 552981278 834571341 225147973 494933510 905295531 304502672 22763801 287456284 601029188 440968932 135444446 226757099 987947372 521510591 4683929 647365442 99442044 257305153 581549978 84853007 625745626 245869901 332111141 67156182 139187319 459539453 646838362 585716900 155400148 605236685 960358102 324697687 914592674 165064537 684149051 345779656 70562296 61743507 688860480 212033843 792839637 220490116 178243386 862375793 418866832 692038533 974951852 380554216 326300846 295343315 810170524 104677548 932839610 946781131 345724411 882659789 496510868 438502501 35544418 875297035 823441822 470526577 272709437 200275315 556937727 387140969 317898154 983034903 761261837 715349425 394090562 666571750 447142132 350422986 17003327 224118578 793454227 29747304 146134585 619005850 576204174 870961660 479296237 175731499 909759983 657226030 554674313 663062538 316970866 267879989 401854763 778563438 421350164 947178103 68196888 219761873 681322309 982851464 338931842 106830705 456298019 983112532 881507588 845403212 752206504 513272696 203716088 526560127 482346291 722991505 469810207 488360981 708506184 139747092 986327940 505636281 577185682 723471272 748437755 212037202 936334059 292685041 418393519 124597851 11469950 52001113 721636587 790688176 151149910 314333183 537711342 553171484 703615606 135930377 900429570 94144480 396903462 689224099 630804192 198305616 731463961 897469231 100821640 748213103 338554815 492082077 580763184 690804416 63900819 387684003 22181101 133904554 663963605 209374763 7031603 161490673 377240176 26126926 146660730 228888089 176011083 800011781 881318908 748062227 149848469 944042122 870158498 228207258 869984935 497652839 277133438 963111646 85232280 726454499 197675446 853839301 891895745 606441772 926781006 752743512 789801730 244598643 666235328 366964791 533208623 924526346 982513448 302105301 404322609 886993422 333079136 389987834 879836122 622184658 558792087 358821108 24203895 481140617 395430611 672429806 819984365 497768423 404593466 957774127 673691161 840387598 69157405 4129790 987787483 359238873 166585454 61994786 26940611 484265929 860353728 723717079 388632785 611559152 848229961 505054295 406979280 737039076 557512547 796980607 334725153 990393338 91504124 393790128 709412715 759947889 30667896 516919356 464852259 589548788 910505678 441369914 134001523 142000145 360185789 235865661 754137966 924679652 785158985 851236541 592048759 435270836 324228379 54008388 888274485 592706089 191568706 75085197 499867548 286128270 435985700 440993283 378276883 301482183 595938620 12599524 408311372 708935835 376962904 429725830 90343735 900818642 398175299 391629041 428354699 562496587 155171386 301638031 515622734 186127262 180323392 91382623 854896647 308628386 190432840 580496055 723080261 144565952 617844910 245975571 983097100 697053834 446142608 899766332 949337026 260067979 290977739 956523161 223696384 12021432 198076986 77022061 151100170 831285821 649792494 248132716 874103472 327500825 660006275 788135290 761177085 983978926 729526816 106846021 988371183 229449770 73429677 901414657 405543496 54702363 637466165 540642848 976788953 472868104 801408147 5295564 641231449 572026346 462232829 218465004 466241205 108439806 756885375 266101476 166000671 359685342 104720695 419293754 323542071 2450559 677533342 316540231 798134635 594267249 508714571 615648137 52669370 117361215 118449403 863214812 616979131 275170964 751209495 542462429 935181958 577269183 780332494 241012545 718407966 670123611 676381883 775307978 653690856 632631925 532100309 684233671 117317980 650973619 599305426 372814509 745209270 932774191 469391355 506556313 527367790 553887025 720467173 67824354 606653902 939196580 503030582 240697310 420332614 851678063 205379843 743082455 969535098 890075029 388168963 763738229 868259581 819985310 289236597 356060255 610551977 561640364 887834130 210762852 444907559 672524298 901474823 164327274 847317385 39676497 313505845 701367738 655467552 738703096 353453370 505025262 527906022 585778178 48489399 771134794 203700774 715421245 377463720 373813057 283757136 2676003 442981121 102187037 599357243 654501997 932846596 492658200 773042728 10850628 482013651 642852722 639331200 379595203 103092049 701519621 237911222 204419695 362866590 952433228 435194587 569062155 841249940 639901375 396311000 699490856 11705291 835912878 452006852 374379201 794141405 433689874 79412430 366167021 408047856 596340812 179044165 827724315 841244884 780698487 90930627 653900544 590208513 144389030 82841856 40048851 323737721 221624823 899643602 509410822 453507232 623800926 226154171 97574277 605918099 416462408 487207421 975266820 868689403 899337842 527522095 194094251 935767052 398885862 389208747 282796597 101641556 578646555 689628947 570528116 435766913 986915929 436447626 280087396 327574764 759644180 23434777 938025019 801008699 293432251 538286119 65862182 561408272 647973279 296866398 602613044 852899400 729657569 726673756 908485266 942407177 40775749 924110589 339741014 943098105 853089458 847155632 258219887 381933507 832074671 570344935 272567344 476410 88125396 856217435 101414519 877707317 564854731 373214331 631454152 560465540 725133416 619697823 547854223 107115667 242707104 381758399 856995026 120125825 409239821 640056898 166265514 260048079 323976807 831525051 868322305 649987852 813738853 922938029 18689956 910563559 936104521 373894374 391746616 706644389 708142095 117499099 630835343 324906474 939863938 437159837 291648989 108835448 799984979 23080752 486277794 245350066 265274252 189954348 452818127 766606049 424000571 428087739 615208117 802119668 358000105 254314643 803544972 644049228 592869771 50506528 141323420 689257182 856123281 952163151 725864181 549089237 868627180 454127397 919910830 524676682 270229426 412120500 857750149 617376676 21717527 470432888 495937598 790783622 470631657 185392072 372169571 366774318 663689480 942794086 636386509 857572955 630138120 625462471 552053334 653959770 690446194 517182572 721786654 608972827 167635628 655450285 163997569 628559544 12664876 747152441 119181865 919562910 317237378 536764816 742443505 779037918 57858454 46318642 539222519 425719409 612064816 280264076 799219856 849047491 59579295 155901895 233426230 370424829 973289304 90763137 514903951 565632718 871172541 679402670 14463382 979886160 168378678 554380560 412208917 243021663 187410379 849868519 775998814 820957274 527140321 375669374 433791784 514629804 965433218 11869689 363299002 225874962 215396450 627165069 819091888 295736780 336580437 928568309 256969246 9235922 103639408 909565493 488812728 544512139 830624483 741501426 222328970 195338214 305476006 526908392 955123260 318692966 859500878 339839540 956352782 252919884 983687940 581137326 193040775 762674050 875186403 537684221 251331722 237804747 476129370 907013093 301140672 229231280 901130476 704845813 285863856 424215758 71969382 615767062 621755208 778091014 90787315 648365103 279140288 629470587 484254724 758818212 84891713 188908515 178072918 216512590 697769720 272556290 856809215 881141363 544928171 823013281 995318552 166280207 843851058 850328751 806057650 265373981 753629621 989059170 992180327 875193588 420682242 564565162 547150129 757838516 735872403 687590352 58717345 154079067 279454989 199010125 181237242 874243233 920459882 409942410 94768058 306595684 32421490 793298442 458607964 799832364 365321600 314567309 487037857 414024179 516909040 597016745 937156072 923711986 476986935 944551997 180728664 770810849 523237357 880742753 229785707 634097537 792528514 440144772 84622558 438015819 52643530 704940213 243776026 833190494 368865277 641436927 161406577 198995485 189233071 795656291 218392165 267878794 627238452 535197793 886021880 512026283 306830409 594508051 879987118 492310592 388220498 702659629 274093547 574164915 641530865 425788949 197952207 375182398 511150379 302424567 408376082 946857987 430104327 542898244 339836878 290924149 413988475 237807023 193803642 27156665 982048143 895624434 540071209 914730856 611225019 396915331 537018028 411448434 210729224 145492944 880376988 927745932 443033859 520681309 987844413 874406349 641494517 374094350 45880097 47477915 685698632 103834068 174462867 422351255 283135065 855816591 291129416 923429839 990419492 964605390 525806082 100921678 780742800 352744492 737274252 363860085 341381407 653067630 755220503 228260763 969084817 832524523 861395647 334355625 589521430 956283396 18028483 146067868 860021352 88786884 424459249 541432337 413695068 689087631 952943467 840405878 677408196 133604806 664633782 49412337 429957285 521217860 584921016 921707840 348323281 653100752 139801039 649409938 713990738 824874888 891797258 910584824 428329314 697203252 451643776 807916190 157465339 56745322 731091637 95276936 185873285 355378378 359252457 163834149 371172188 504123168 958264026 991281945 698257350 4270811 290978488 599491819 852226951 601834497 516485875 370039203 656719299 644746384 325379421 111179991 633088732 510035105 266374399 65547571 492570151 150725911 973756930 888262624 172592877 418775334 654059372 900714416 784669311 811545102 738223496 955497375 132332105 409934941 848483104 306807157 57516690 391572252 926329876 210685172 364898735 169343548 277032779 401317998 193899426 675614066 827053265 286036002 590266777 921330367 959255019 928938669 757177134 600819982 815119248 460148563 985027571 699008846 135056379 744204537 956907478 680357336 996345094 861508875 503619725 956707268 654622536 595324276 820390509 194453028 225111333 220551334 391300595 160431791 108528573 380690440 764896990 27676812 177628765 461319819 451704247 726181414 956889167 845316282 673517692 722515717 159722188 609086894 952155120 330523192 586761560 264359845 513749966 645624744 784650509 619815523 380766171 724278933 744052088 696804124 944534853 912257656 368557682 912344190 924089314 621670211 55687136 889124762 958099429 937048716 319926263 301206818 522663815 248301514 870922605 146146081 720470614 655873344 387536220 531156124 428223871 154055649 331713527 626717971 261877913 867783052 419062655 449970517 386514737 999179489 265682182 947325204 746195488 713407256 46837328 158370381 785239775 947738369 935714932 113715872 614283188 678625935 312358134 880403827 332114879 937236807 37771161 208057857 877540870 164175264 658157226 685807723 902711494 83854321 653893865 161603268 335873228 852751740 649017937 181621345 682139597 908355730 783869259 531334500 136673181 173518167 365070261 552002065 342756337 454596771 805462513 943791082 837772430 122585564 178756010 128851439 983633425 643039022 427621351 279625019 585191991 198364441 824102268 102243260 152928205 868195694 755778282 494487550 397834411 781460145 309984452 88884163 130567290 228077591 402810270 510313458 665235845 382245486 75282260 820150244 324784171 457982192 701196045 43013982 119876101 324801494 158751384 713959616 314190095 826042509 237510165 512180208 613889845 111956869 397082841 331794041 349657909 336438732 756231458 921330274 968842192 148542293 261806039 252988096 186027275 704519503 515198891 331719626 84628902 467946962 291445332 320730224 835855834 233312586 661519457 832361478 80640252 348778596 457744018 667180788 674933413 526072356 608065061 772970300 763962559 295361360 545134906 439900835 307274361 207334657 855313149 544890396 607599117 889047265 832839655 573127498 111228885 475944377 978829050 703611079 958249603 47997504 553160596 155478251 959821165 185736812 427959370 303963787 173641494 515895116 773914478 112326543 120726576 515776642 480153302 80646579 988626346 32677907 455671930 953926042 88878616 474502851 296754867 208354491 711786629 8810287 657010524 121171455 799067194 727335369 94174493 460082747 553391952 251875200 468553467 672817416 725641541 304048802 531765573 793097864 765489830 386270160 534042616 491843242 591599419 945755936 159320060 133489727 558779876 276060829 888431343 428260073 704867749 441655399 134957067 477385294 764887640 481784420 936921590 287487903 898185637 764370448 131573102 434275025 206505418 257776386 880047177 225485382 63551898 584440292 663170888 852452238 972002312 10381412 353089335 764201968 549322843 710406456 398902453 480457529 510210891 329178978 828819133 657879777 115887918 953924686 475515102 431081270 987985707 967336798 812314964 250710521 555057286 871390153 109717529 221829988 431751778 898246408 723363907 667209746 231934430 445044714 648816081 61193771 697924831 360387525 571337620 975906051 370611470 847396067 448367780 523192044 156277788 155695086 324925110 50088266 300518420 212801856 369952581 191010388 31691502 617821112 777886088 463729997 153320552 53273772 432410999 582749679 922463748 461467342 250874896 790074544 194041829 528634628 627712534 569686143 769308239 61214763 488624208 971225107 584348839 371868264 324742108 757887035 679667404 889263868 861566599 585224086 68754542 200641418 906781594 72646951 409124286 422789524 228123912 246002154 474553368 806998376 786516578 725289251 512795432 56368646 636810556 462261855 766361002 291524671 751241990 17605822 448632172 625938580 292430969 28893021 563599042 642414426 129171342 497027273 121451068 989396900 627842565 203098992 652937107 910975995 173645463 551603746 626242654 851455579 255832892 645525930 426097202 804127390 311679387 492814839 965189270 236774835 875260147 625228904 606923548 619224105 492765767 992161022 792414388 560728552 706666884 278701202 62983428 804409431 782863477 795338629 398201082 94111411 913635275 627235406 4207260 459105235 305906004 899269261 922509237 580526003 674088321 394883999 784329942 892980826 904860108 314029682 584460932 961073872 884370015 978194087 7729978 352051215 143852334 646522060 364757517 108559865 746129813 285001015 330389337 518587113 211357665 304430904 115897077 49800772 997376530 756306490 670413421 990635952 933647099 565853112 476080415 585532560 90428311 696738163 344531370 297321615 657986321 230048057 892244320 349186893 266513704 953400431 920652204 436150813 529275942 54434284 488871810 385445821 855052457 197539137 558613660 443581650 639580879 567828069 230252453 717709532 36896599 141166368 967017024 429040038 314790581 842625078 873898797 506156875 521574345 870925736 124235160 719220353 507521577 295821996 94214876 688802618 169029669 556130720 322535790 509445111 275524550 412927833 771915438 298791401 472266218 170159006 654434809 111125395 217696861 30387408 390790243 486069003 358097655 458046486 336915040 509641630 276551781 891162882 764612124 692618477 556936575 445618684 189193872 157259541 40847422 182794894 341777364 762561726 821115940 997916780 831315051 893485950 532541893 167724898 518685265 297593600 108322165 697508617 303906522 748434298 496094052 196784151 149942941 121796619 844607744 68591522 189291570 632162369 454627901 663177103 133674043 387653903 414381982 929537979 391245834 894332300 730946332 980160967 983969577 221402839 30391545 86461356 319822364 636061661 52806525 80389473 969801529 391928965 855526453 342357939 424881377 217326771 660421313 726071033 635121712 11194091 428474126 713726015 90329458 938831246 127307282 362572070 800500359 688986013 247642749 228939228 700018891 350228398 352453013 640479770 121278924 587660324 477617749 431520831 601806748 966621195 185268681 257651015 306675965 856659540 203404159 967440609 414066948 910266910 583826777 973757953 158784578 227768737 130864343 345905309 616187990 134191520 155794999 201850842 556078826 998760119 497618924 874846303 50137706 231220201 943118200 326063269 287589321 429259040 840792956 210289149 504427574 481471238 199637958 127627515 222383669 557015483 618825694 475170736 819631559 510285246 195270501 721290849 81689537 705817780 96799987 818815717 327415518 749950789 290731791 781825546 768267489 320560424 931677078 56031076 997277298 797899721 701711815 281390156 773232223 149177357 127892187 386166805 334368688 893368873 966564911 868659767 825713463 750733456 73622410 834593088 373603281 832004993 105410548 462137840 661603926 667009373 385330320 670781087 986255653 740900910 850637131 599598841 282973813 633572607 409868657 483643280 458467885 428022380 688478252 450710764 542026493 130388783 978164827 59373496 892279026 767137730 907945711 916147551 401824276 324181468 981734415 192643488 429137252 157488916 987154295 556705615 358742664 514684832 551599054 993808293 986404433 557151253 183606597 509753335 733037220 819148427 603150085 488484719 179372965 685007891 877754283 482310155 266668591 415963595 627494604 639013764 702711515 355145774 28476479 235737879 946099633 592361983 495926642 515176996 147052732 464983427 781473656 588230391 81239145 149911462 847871103 878290976 722474123 340817413 667620055 234045838 61121352 789235223 29018176 737593378 472010882 446705984 824355678 207142953 579754388 759050429 191499991 530077955 21012576 98455699 821139221 925805131 404285210 24645241 634658781 118073351 661516873 354854758 305095056 210135687 136310049 723783742 543374214 337183389 219670466 538318820 433477728 540957764 935135321 243655427 43556105 533884984 74502882 622443850 849974954 129128463 177392777 855352780 433615743 257515324 650785920 130853221 324105118 400794871 505939699 142608688 894548455 227649798 389720442 386910428 662853079 398393685 159054961 280327647 810153150 977563266 386591048 16443795 130474786 912651075 291449854 856503954 194003661 750179656 871379288 428928375 638925740 428897499 51750156 23974318 473260696 711311213 966334475 979819218 184710898 277095136 660601854 525466903 318253854 916019031 110446574 513167391 969759327 397551606 791941386 867004092 485001381 934303003 171606524
0 1 1 0 0 1 0 1 0 1 1 0 0 1 1 0 1 0 1 0 0 1 0 1 0 0 1 1 0 1 0 1 0 0 1 1 1 0 0 0 1 1 0 0 1 1 1 0 0 0 1 0 1 1 1 1 0 1 0 1 0 0 0 0 1 1 1 1 1 1 1 1 1 0 1 1 1 0 0 0 1 1 0 0 1 0 1 0 1 0 1 1 0 0 0 0 1 0 0 1 1 0 0 1 1 1 0 1 1 1 1 0 1 0 1 1 1 0 0 0 0 1 1 1 0 1 1 0 1 0 0 0 0 0 0 0 0 1 1 0 1 1 1 1 0 1 1 0 0 0 1 0 0 0 1 1 0 1 0 0 1 0 0 1 0 0 1 1 0 0 1 1 1 0 0 1 0 1 0 0 0 1 0 1 1 0 0 1 0 0 0 1 1 1 0 0 1 1 1 1 1 1 0 1 0 1 1 1 1 0 0 0 1 1 1 0 0 0 1 1 1 0 1 1 1 0 0 1 0 0 1 0 0 1 0 0 1 1 1 1 1 0 1 1 0 0 1 0 1 1 0 1 0 1 0 1 1 0 1 1 1 1 1 0 1 1 1 1 1 0 0 1 1 0 1 0 0 1 1 1 0 0 0 0 0 1 1 0 1 1 0 1 1 0 0 1 0 0 1 0 1 1 1 0 1 1 1 0 1 0 1 0 1 0 1 0 1 0 1 0 1 1 0 1 0 0 0 0 0 1 1 1 0 1 0 1 0 0 1 0 0 0 1 1 0 1 0 1 1 1 1 0 0 0 0 1 1 1 1 1 1 0 0 1 0 0 1 1 1 0 0 1 1 0 1 0 1 1 1 0 0 0 1 0 1 1 1 0 0 1 1 1 0 0 0 0 0 0 1 1 0 0 1 0 0 0 1 0 1 1 1 1 0 0 0 1 0 0 0 1 0 1 0 1 1 1 1 0 0 0 0 1 1 0 0 0 1 0 0 1 1 1 1 0 0 0 1 1 1 0 0 0 0 0 0 0 1 1 1 1 1 0 0 0 1 1 1 1 1 1 0 0 0 1 0 1 1 0 1 1 0 1 1 0 1 0 1 0 0 1 0 1 1 0 0 0 0 1 1 1 1 1 1 1 1 0 0 0 1 1 0 1 0 0 0 1 0 0 0 0 1 0 0 0 1 0 0 1 1 1 1 1 1 0 1 0 1 1 1 1 0 0 0 1 1 0 1 1 0 0 1 0 0 1 0 0 0 1 1 1 1 0 1 1 1 0 1 1 0 0 1 1 1 1 1 1 0 1 1 0 1 1 1 1 0 0 0 1 1 0 0 0 1 1 1 1 0 0 0 1 1 1 1 0 1 1 0 1 1 0 1 0 0 1 0 1 1 1 0 1 0 1 0 1 0 0 0 0 0 1 0 0 0 0 0 0 0 0 1 0 0 1 1 0 0 0 0 0 0 0 1 1 1 1 0 0 1 1 1 1 1 1 0 1 0 1 0 1 0 0 1 0 1 0 1 1 1 1 0 0 1 0 1 0 0 1 1 0 0 0 0 0 1 1 0 1 1 0 1 1 0 1 0 1 0 0 0 1 1 1 0 1 0 0 1 1 1 0 0 1 1 1 1 1 0 0 1 0 1 0 0 1 1 1 0 1 1 0 1 0 1 1 0 1 1 1 1 0 1 1 1 1 0 0 0 0 1 0 0 0 1 0 0 0 0 1 1 1 1 1 0 1 0 0 1 0 0 1 0 0 1 1 0 0 0 0 1 0 0 0 0 0 0 0 1 1 1 0 0 0 0 0 0 1 1 1 0 1 0 0 0 1 1 1 0 1 0 1 1 1 0 0 1 0 0 0 1 0 1 0 0 1 1 1 0 0 0 0 1 0 1 1 0 0 0 1 1 0 1 1 0 0 0 0 1 0 1 0 0 0 1 0 1 1 1 1 1 1 0 1 1 1 1 1 1 1 1 1 1 0 1 1 1 0 1 0 1 1 1 0 1 1 0 1 0 0 0 0 0 1 0 0 1 0 0 0 1 1 1 1 1 1 1 0 0 0 1 0 0 1 0 0 0 1 1 0 1 0 0 0 0 1 1 1 1 0 0 0 0 0 0 1 1 1 0 0 1 1 1 1 0 0 1 1 0 1 1 1 1 0 1 0 0 1 1 0 0 1 0 1 0 1 0 0 0 0 1 0 0 1 1 1 0 1 0 1 0 1 0 1 1 0 0 0 1 0 0 1 1 1 0 0 1 0 1 1 0 1 1 0 0 0 0 1 1 1 1 1 1 1 0 1 0 1 0 0 1 0 1 0 0 1 0 0 1 0 1 1 1 0 1 0 1 1 1 1 0 1 0 1 1 0 0 1 0 0 0 1 1 1 1 0 0 1 1 0 0 1 1 1 1 0 1 1 1 1 0 0 0 0 1 1 1 1 1 0 0 0 0 1 1 1 1 0 1 1 0 0 0 0 0 1 1 1 1 0 1 1 0 1 1 0 1 0 0 1 0 0 1 0 1 0 0 1 1 1 1 1 0 0 0 0 1 0 1 1 1 0 0 0 1 1 0 1 0 1 0 0 1 0 1 0 0 0 0 0 0 0 0 0 0 0 1 0 1 1 1 1 1 1 1 0 1 1 0 0 0 0 1 1 1 0 1 0 0 1 1 1 0 1 1 0 0 0 1 0 1 0 1 1 0 1 1 0 1 1 1 0 0 1 0 0 1 0 0 1 1 1 1 1 0 1 1 1 0 0 1 1 1 1 1 1 0 1 1 1 0 0 1 0 1 1 1 0 1 0 1 1 1 1 1 0 1 1 0 1 1 1 1 0 0 1 1 0 0 1 1 0 1 1 0 1 1 0 0 1 1 1 0 0 0 1 1 1 1 0 1 1 1 1 0 0 0 1 0 1 1 1 0 1 1 0 0 1 0 0 1 1 0 1 1 0 0 1 1 1 1 1 0 0 0 1 1 0 1 1 0 1 0 1 1 0 0 1 0 1 0 0 1 0 1 0 1 1 1 0 1 1 0 1 0 0 1 0 1 0 1 0 0 1 0 0 1 0 1 0 0 1 0 0 0 1 0 1 1 0 0 1 0 0 1 1 1 1 0 1 0 0 1 1 1 1 1 0 0 1 1 0 0 1 0 1 0 1 0 1 1 1 1 1 0 0 1 0 0 0 0 1 0 1 0 1 1 1 0 0 1 1 1 1 0 1 1 1 1 0 1 1 1 1 0 0 0 0 1 0 1 0 1 0 1 0 1 0 1 0 0 0 0 1 0 0 0 0 0 0 1 0 0 1 0 1 0 1 0 0 0 1 1 1 0 0 0 1 0 0 1 0 0 0 0 0 1 1 0 1 1 0 1 0 1 1 1 1 1 0 0 0 1 1 1 0 0 1 1 0 0 1 1 1 0 0 0 1 0 0 0 1 1 1 1 1 1 0 1 0 0 0 1 0 1 0 0 1 1 1 0 0 0 0 0 0 0 1 1 0 1 1 0 0 0 1 0 0 0 1 1 1 1 1 0 0 1 0 1 0 0 0 0 0 0 1 1 1 0 1 1 0 1 0 0 1 0 1 0 1 0 0 1 0 0 1 0 1 0 0 1 1 0 1 0 1 0 1 1 0 0 1 1 1 1 1 1 0 1 1 1 0 0 1 1 0 0 0 0 1 0 1 0 0 1 0 1 1 1 0 1 0 1 0 1 1 0 1 0 0 0 0 0 1 1 0 1 0 1 1 1 0 1 1 1 1 0 1 1 1 1 1 1 0 0 0 0 1 1 1 0 1 0 1 1 0 0 0 0 0 1 0 0 1 0 0 0 1 0 0 0 1 0 0 0 0 0 1 1 0 0 1 1 0 0 0 0 0 0 1 1 0 0 0 1 0 1 0 1 0 1 0 1 1 1 1 0 0 1 1 1 0 0 1 0 1 1 1 0 1 1 0 1 0 0 0 1 0 1 1 1 0 1 0 0 0 0 0 0 1 1 0 1 1 0 0 0 0 0 0 0 1 0 0 0 0 0 1 0 0 0 1 0 0 0 1 1 1 1 0 1 0 0 0 1 0 1 0 1 1 1 0 0 1 1 1 0 0 0 1 0 1 1 1 0 0 0 1 0 0 1 0 1 0 0 0 0 0 1 0 1 0 0 0 1 1 1 0 0 1 1 1 0 1 0 1 1 1 0 0 1 0 0 0 1 1 0 1 1 0 1 1 0 1 0 1 1 1 0 0 1 1 1 1 1 1 0 1 0 1 0 0 0 0 0 1 0 0 0 0 1 1 0 0 0 0 0 1 1 1 0 0 0 1 0 1 1 1 1 1 0 1 1 0 1 0 0 1 1 0 0 1 0 1 1 1 1 0 1 0 0 0 1 1 1 1 1 1 1 1 0 0 0 1 1 0 0 0 0 1 0 0 1 1 1 1 1 0 1 1 1 1 0 0 1 0 1 0 1 1 1 0 1 1 1 0 1 0 1 1 1 1 0 1 0 1 0 0 1 1 1 0 1 0 1 1 1 1 0 1 0 1 1 0 1 0 1 1 0 1 1 1 0 0 1 1 0 1 0 1 0 1 1 0 0 0 0 1 0 1 0 1 0 1 1 1 1 0 0 1 0 1 1 0 0 0 1 1 1 1 0 0 1 1 1 1 1 1 1 0 0 1 0 1 1 1 0 0 1 1 1 0 0 1 0 1 1 0 0 1 1 0 0 0 0 0 1 0 1 0 0 1 0 1 1 0 1 1 1 1 0 1 0 1 0 1 1 0 0 0 0 0 1 1 1 0 0 1 1 0 1 0 0 1 0 0 0 0 0 0 1 0 0 0 1 0 0 1 1 1 1 0 1 0 1 1 1 0 1 0 1 1 1 0 1 1 1 1 0 1 1 0 1 1 0 1 0 1 1 1 0 1 0 0 0 0 1 0 1 1 1 1 1 1 1 0 0 1 1 1 1 1 1 0 1 1 0 0 1 1 0 0 0 0 1 1 0 1 0 1 1 0 1 1 1 1 0 1 1 0 0 1 1 0 1 0 0 0 1 0 1 0 1 1 0 1 1 0 0 0 1 0 0 0 1 1 1 1 1 0 1 1 0 0 1 0 1 1 1 1 1 1 0 1 1 1 1 1 1 0 1 1 0 0 1 0 0 1 1 1 1 0 1 0 0 1 0 0 0 1 0 0 0 0 0 1 0 1 0 1 0 1 0 1 0 0 0 1 0 0 0 0 1 0 1 0 0 0 1 0 0 0 0 0 0 0 1 1 0 1 0 0 1 1 0 0 0 0 0 1 1 0 1 1 0 1 1 1 0 1 1 0 1 0 1 1 1 0 1 0 0 0 1 0 0 1 0 1 1 0 1 1 0 1 0 0 0 0 1 1 0 0 0 1 1 1 0 1 0 0 1 1 0 1 1 0 0 0 0 0 0 1 0 0 0 1 1 0 0 1 1 1 0 0 0 0 0 1 0 0 1 1 1 1 0 0 0 0 1 1 1 0 0 0 0 0 1 1 0 1 0 1 0 1 0 1 0 0 1 1 1 1 1 1 1 0 1 1 0 0 0 0 0 1 0 0 0 1 0 1 1 1 0 0 0 1 0 0 1 1 0 1 1 0 1 1 1 0 1 1 1 0 1 0 1 0 1 1 1 0 1 0 0 0 1 0 1 1 0 1 0 0 1 0 0 0 0 0 1 0 1 1 1 1 1 1 1 0 0 0 1 0 0 0 1 1 1 0 1 0 1 0 1 1 1 1 0 1 1 0 0 1 1 0 1 1 1 0 0 0 1 1 0 1 1 0 0 0 0 1 0 1 1 0 1 0 1 1 0 1 0 1 1 0 0 0 1 0 0 1 0 0 0 0 1 0 0 0 1 1 0 1 0 0 1 0 0 1 1 0 1 0 1 1 1 0 0 1 1 1 1 0 0 1 0 1 1 0 0 1 0 0 1 0 1 0 0 1 1 0 0 0 0 1 0 1 0 1 0 1 1 1 1 1 0 0 1 0 0 0 0 1 1 1 1 0 0 1 0 1 1 1 0 0 1 1 1 0 1 0 0 1 1 0 0 1 0 1 0 1 1 0 1 1 1 1 1 0 1 1 0 1 1 0 1 0 1 1 0 0 0 0 1 0 1 0 1 1 0 1 1 1 1 1 1 0 0 0 0 0 0 1 1 0 1 0 1 1 0 1 1 0 0 0 1 1 0 1 0 1 0 0 0 0 0 1 1 1 1 1 1 0 1 1 0 0 0 1 0 1 159
1273
2142
1458
1937
2187
881
2484
352
2770
715
850
521
1084
1294
629
185
1336
1828
697
495
1396
2772
512
2412
441
644
983
1372
1198
523
1896
244
2033
9
2120
228
2242
425
1708
1239
210
822
1613
600
1363
2353
1623
945
1078
1540
1607
429
1944
1652
2579
2718
2506
2435
2329
813
382
861
1209
1859
1445
1874
14
2317
1337
2660
2756
2531
1790
1051
496
844
1373
2474
1038
2472
2207
1153
1034
2380
2086
2633
449
49
2054
2744
1405
1381
66
872
284
2507
1754
1767
1154
855
2299
1043
1618
1498
2012
1499
25
846
1262
1648
2114
308
1292
1344
470
267
2158
2242
1618
1204
2548
2073
660
2343
1100
1950
2194
131
1843
724
20
2250
996
1542
1236
1680
2481
2254
2511
1703
2349
2713
2223
1961
2161
816
1499
988
476
1079
2219
1492
2234
1293
1253
1200
237
208
2425
1641
1470
2735
574
1429
462
2385
840
485
2316
268
722
2180
2049
114
424
975
965
1994
2740
240
1093
1716
2452
416
1449
1527
2177
2124
2357
1209
1640
260
559
2134
1
1928
2431
820
1188
2631
658
2531
2544
1805
1843
2367
1750
293
1199
2009
2066
1260
1827
755
1923
2712
2235
2244
2726
2187
1459
189
613
1028
2214
687
769
155
679
2560
2007
604
1423
699
1243
2390
2498
2216
1969
836
1056
1741
252
463
251
1861
2583
354
1555
1699
2694
378
2199
470
2582
1233
2433
2605
1145
2606
907
1421
1290
1337
1960
1958
1538
2105
2195
166
2195
2501
1909
1682
524
2333
2309
1770
906
405
1600
815
2215
1490
2449
1764
867
2084
925
1352
351
1094
508
2460
1602
2029
1812
887
399
718
447
2052
2440
797
1612
2484
1306
1532
1528
2633
2164
1860
2594
2574
1752
910
918
2641
682
1430
693
1015
165
688
2411
1003
1033
822
300
2755
2348
543
1292
2170
844
5
258
1546
203
541
275
2783
2559
1104
2570
55
1836
223
647
99
2080
1224
40
2507
1065
792
1341
1569
164
2089
2447
2421
1004
1152
1276
2018
764
1337
402
1591
1278
213
1286
1104
1792
2492
2588
1936
2611
66
170
731
1227
475
453
792
335
233
318
1859
1197
66
468
1692
1992
2212
2074
2261
883
205
1438
1773
1476
897
1691
2578
926
695
2154
1494
1171
2538
1062
521
1829
1225
2567
1365
1113
2091
2283
2441
951
2276
2247
421
1810
2461
2516
964
1440
2619
709
959
1582
827
287
2014
2190
883
1007
2703
1401
1936
871
2224
2677
301
2479
2743
1792
1547
1551
2682
2560
2361
2342
2073
403
2022
92
2085
2429
1007
2327
1322
1826
1267
2755
596
1424
45
500
2529
634
1089
821
899
231
2760
1141
1864
2270
2725
1669
2057
2293
2413
2273
2373
1004
2562
724
2236
152
2220
2685
2234
2001
1561
851
1665
1259
618
1727
2372
359
2693
2625
338
1573
950
1595
993
2414
329
1373
2381
983
1766
1557
901
1390
426
866
1372
1417
1640
2605
331
2636
2112
2697
575
2668
859
353
2153
83
2129
41
2281
1416
2544
378
1154
695
890
1613
1120
70
2524
1409
1507
1521
605
781
2498
203
2125
1214
1943
2631
320
1395
1563
2780
1329
980
533
2457
1442
1952
886
1903
513
1232
337
2577
585
2707
967
2082
825
2352
186
1221
2522
105
1416
2469
1384
1359
923
1040
2194
1146
2223
2746
806
2617
1026
911
981
2346
997
1233
2190
843
1002
278
375
2509
1189
1721
1570
517
2546
1142
875
1113
2620
2628
1938
2650
651
1201
457
942
1378
1752
1993
1174
2061
1196
418
997
2040
872
1059
940
649
499
883
2289
501
2484
1482
1885
809
1576
1686
588
183
777
1727
467
2539
1337
2740
1495
151
2688
1469
584
364
2761
1279
1826
947
2740
1504
2231
1161
286
2401
93
1728
1558
1673
2364
2676
845
847
1816
969
26
2672
836
1227
1735
730
2376
704
1801
979
2736
1121
23
1964
2019
2046
832
116
1791
314
2719
224
2028
1103
1644
26
317
701
1446
2724
2165
2293
2237
2126
1730
57
2562
1256
579
2547
2587
609
1299
2193
1674
1675
1514
396
270
547
1860
1352
1946
214
2567
1196
1545
1974
1534
2754
226
2000
1038
638
2274
1773
903
2067
798
1324
1191
1772
1165
2721
459
1102
1100
1912
1219
212
353
223
573
456
2681
2442
111
1466
1834
2295
2483
618
1730
2483
2781
169
1904
1872
1857
1136
2130
110
1027
2776
166
1700
1842
877
2739
2708
1663
520
872
626
2124
552
1010
61
2333
943
2748
1213
1870
1
8
1991
2194
1670
1841
287
2312
1009
1525
220
1693
2598
252
372
60
1304
1703
1899
1305
238
1620
2711
2356
2675
2003
2682
1782
2501
1087
1730
2580
1285
1170
2015
2371
2046
2604
666
262
1586
1854
813
241
2010
312
1324
2255
2210
1702
1564
2288
115
2564
1107
1854
132
2557
957
2561
605
1686
124
2679
2578
2241
341
1386
1078
1073
749
2752
2272
2619
16
1132
2776
127
348
148
169
1898
2599
1822
2061
2564
2581
55
98
2524
2063
2010
142
1963
496
2283
2520
928
507
2683
254
1301
233
424
1650
572
1409
2548
2390
133
2543
989
887
2048
743
2650
1457
691
2101
749
2386
786
1943
538
313
916
2489
59
2358
1849
2425
886
1017
1246
2089
1255
143
1325
2223
2481
2408
40
765
1526
1844
2084
1587
789
909
164
2374
264
2499
423
1365
2410
633
769
2412
362
2286
1898
2444
260
372
861
494
2286
2368
1372
1185
1835
656
2211
1104
216
1211
705
621
1964
1751
2472
1750
454
774
1368
858
1976
2685
1808
461
1734
88
1988
1114
2474
2221
1688
2764
2645
759
2256
2693
1856
1787
843
1210
758
477
2105
1762
152
565
1674
1776
2704
1925
2425
891
1169
2222
2414
295
1309
1856
377
1931
832
2328
793
2417
2719
1467
557
1098
801
1952
1858
842
1214
1760
2574
1410
2686
73
1052
1406
1129
1157
1157
971
1744
515
92
2642
2681
886
1634
2578
2601
2251
1560
2324
547
637
1894
1940
1304
1269
2785
147
2659
349
539
1592
2526
72
471
2437
1254
2018
1674
1679
1511
551
814
974
1406
1296
1354
1767
531
2513
2560
969
1193
176
1882
597
754
1122
2591
564
1037
1688
1696
1481
1264
948
1749
1365
84
32
1375
791
937
1539
2155
1766
2397
2090
981
2010
2773
62
162
609
205
2419
2140
2019
498
1718
2387
1764
13
1909
292
189
1076
994
1648
1625
303
448
1114
2129
524
1392
1559
2297
2621
1484
561
1711
1065
1549
322
1445
1815
2026
1814
654
1782
2762
1670
2033
2685
926
1094
1587
2279
2167
164
2222
313
37
492
1193
1930
2461
2518
388
1679
451
889
184
1884
1503
2467
152
1316
1618
1779
144
2348
813
1136
456
799
997
1726
369
949
1432
687
2056
1950
1995
115
1775
2189
1718
597
1794
688
541
264
1403
1946
316
2294
526
747
209
415
2563
1946
304
1274
1407
643
208
2143
2654
2622
1442
1575
702
2158
2432
1375
944
1725
1552
1298
745
1354
2000
604
1231
2175
2083
1586
2222
1597
232
1396
2189
2149
1349
2655
1744
1412
2754
2738
355
1748
2690
1649
958
1553
247
2393
982
2417
2356
1149
1037
2038
2128
1161
1938
462
1541
1551
132
692
1533
264
2216
1071
2020
96
1327
2531
2611
2711
715
950
2379
478
1132
753
1796
1761
1776
409
2320
2062
2272
2562
1328
1292
2614
253
1669
2650
934
1446
2407
2491
1686
1570
536
478
115
1548
1097
274
1118
1018
597
2018
2763
774
813
1628
2785
332
1148
995
616
897
710
2359
1556
1611
1974
2222
1809
2067
1294
2421
780
1280
2430
243
1505
271
840
2153
178
527
1739
2215
1210
1745
1208
1350
707
430
688
696
2063
971
737
477
2425
122
563
2291
1238
626
1941
1975
925
2375
330
538
1189
1773
1591
1259
2509
28
1954
897
2048
228
493
1839
2503
1051
1474
762
1310
2701
1435
1491
2286
1621
1749
1617
1961
2473
1608
1919
338
542
1918
251
1351
474
406
1743
919
2475
1016
1158
2007
1611
532
27
186
865
1124
504
2610
852
2351
1003
1828
2699
871
2692
2289
455
1543
563
2380
589
1767
842
879
1342
264
856
14
551
2295
1792
2614
1566
103
467
15
2193
2629
2678
1196
1322
1869
2419
812
775
920
713
1591
2134
2033
1614
2257
1055
2746
1335
2058
127
2083
2639
2432
435
1602
1978
714
1092
2584
614
1548
1193
1127
693
1306
2425
806
1686
1868
1756
485
1917
1120
2354
210
2371
44
2109
2337
600
2258
1888
345
2201
261
300
1592
2051
1804
1031
2251
571
700
1607
2528
2059
838
146
1303
2188
1097
851
2202
933
944
2433
2312
203
1524
2515
546
145
997
350
2399
197
498
1473
1828
181
1921
2238
2694
1764
1245
1705
929
2781
1139
217
1785
787
2299
1322
507
622
1335
460
2085
552
1210
2512
61
1227
386
2544
690
2124
1480
1
547
2076
112
1914
2185
617
1615
2053
2203
1213
1256
455
550
2120
426
273
1289
792
276
947
1159
1395
1907
1022
1994
2086
823
2648
1794
2486
91
1845
62
779
1078
980
804
339
1026
1535
677
1317
833
1050
1703
1944
1355
734
555
2009
1989
1028
1206
123
2389
1600
671
2402
584
2080
1921
1009
1183
2484
1721
336
1654
969
2180
2230
1104
2664
6
886
2050
2330
1261
2697
108
118
679
297
2785
2693
1986
1562
256
838
940
2657
1169
317
2245
753
600
1462
188
1825
1792
1350
1317
1068
2784
815
926
2652
181
2612
2718
464
885
1295
2238
374
936
82
1754
1691
170
1396
1472
1010
1849
1179
2620
2400
420
1242
2490
510
9
2455
214
179
2633
2355
1302
1974
913
1669
128
1957
688
1352
966
1212
2533
1193
305
2577
2382
569
1753
2559
26
977
1144
1744
408
472
927
283
1886
728
2146
1864
1569
768
1455
146
59
2014
1287
2778
1931
1258
1048
2135
506
2309
1082
1730
1462
305
1379
877
157
266
1988
2704
857
201
1005
783
2018
2470
2369
1630
351
1295
1384
1161
2676
765
2408
1792
2151
834
2490
2307
1798
2353
1745
940
982
2769
2273
2021
1365
1605
1416
11
1519
1488
25
2342
1446
590
1155
310
2483
2457
2554
87
40
2154
349
1691
181
2601
1355
2026
915
2365
70
2713
226
1789
1944
2338
2669
610
209
150
1999
1225
2728
1810
1712
288
965
1408
2335
2458
135
2011
1722
2597
2070
2538
108
24
1528
343
958
2192
67
1903
1278
1347
1274
1572
92
799
1044
1862
330
111
614
1173
1388
1269
2252
2447
1703
2106
1850
946
2537
1990
2648
2190
2768
773
1551
1322
1137
656
1161
1332
669
1786
1305
1042
1441
2300
1360
270
193
1181
1502
2575
536
638
422
2373
2521
1820
50
1968
297
1250
1216
2267
767
249
723
484
1113
1968
544
908
2549
459
1720
942
1606
890
599
600
427
1552
652
2635
2173
783
1680
1888
1837
1079
579
1592
1551
2461
1469
1420
1018
1870
314
1359
1787
1447
666
452
623
2319
1565
518
1114
1377
102
2674
218
1497
1210
391
198
2596
2703
2113
1861
2687
16
680
892
1797
1065
80
235
2278
2282
1933
660
2781
1585
277
1387
2631
239
1222
351
2746
2290
2321
911
1165
777
2499
681
1311
325
1819
2767
481
1314
2201
1539
1176
2695
2148
552
1069
290
924
1390
1113
1611
710
2694
2294
1339
1505
372
1720
2350
1598
1497
5
796
1083
746
729
481
2277
259
1888
2311
1474
2133
1815
1346
968
254
845
2051
1227
558
988
1440
1379
1164
381
373
951
2002
2404
1273
1500
48
2701
1976
2250
2513
1892
346
1985
2136
2368
2486
2121
1481
1819
5
550
1930
656
1851
1849
772
2389
2372
1882
1431
284
2531
832
2771
1930
623
2130
1975
1025
1721
1682
892
938
1612
2609
2300
2337
494
1066
1157
2172
2307
2200
1728
1805
1821
2281
2715
1709
2012
1199
2646
126
2635
724
120
41
2188
1091
2541
2457
2222
50
878
1880
2733
2349
115
1149
1427
2231
2427
1124
1695
1520
1847
2479
2650
1355
1307
1820
1240
1807
2575
259
2066
1442
1641
303
2632
579
398
805
1543
582
2543
907
2335
476
2726
2126
332
156
2673
601
1131
2438
438
286
1810
131
1558
2634
2725
2640
511
43
1301
2080
2116
1444
1582
793
487
1307
1949
914
1155
582
1651
1271
1283
1853
1079
1931
380
94
2420
2412
2296
1247
303
1284
108
1577
485
2216
944
2018
1910
2516
289
1215
2653
1613
2382
1178
1471
2028
123
622
1135
198
1661
1784
1711
2782
151
1182
2441
2227
1529
1070
191
1489
160
1008
855
1876
818
1096
2369
1125
2419
2456
822
341
852
890
2359
1170
1348
2154
687
2409
1892
2352
2642
1057
1322
2740
715
447
2080
2782
90
1093
563
1433
472
13
1563
2390
276
1306
1960
2193
2031
478
1815
385
155
537
68
1843
1946
1941
1397
865
349
2780
1293
1984
170
879
2761
1489
1433
366
2046
1468
2222
794
1680
369
2637
2575
2637
67
1023
719
457
2155
2399
554
2111
2236
2137
1620
2140
2476
688
503
811
1579
677
530
42
293
838
1458
1898
1760
1757
590
2278
1136
282
755
2085
536
2513
957
705
959
212
643
1247
588
2601
1327
903
1541
1493
4
2134
259
1352
1976
2706
1382
1608
99
2086
448
1788
1531
2771
1570
1142
121
1659
1792
657
1957
2654
534
893
2306
1773
2268
1547
1627
2055
556
1678
848
538
406
2222
621
556
937
1502
1193
2156
70
775
867
864
1588
131
721
2189
1502
702
1897
2039
129
1417
1842
4
2212
1821
1652
1605
10
197
1914
1259
609
90
2257
1696
205
1215
251
2015
2716
743
37
2772
1149
1467
2728
1507
182
2004
1782
2406
1786
706
1217
1906
1517
190
391
1978
939
1311
1225
1658
2336
1736
50
2285
470
74
741
1001
1431
2537
1533
1157
2312
717
1156
591
938
2733
1325
2174
2157
1772
1987
1952
2536
62
2029
1873
2649
456
556
2291
2565
2473
873
932
1209
627
1684
1433
1062
1026
1145
2737
2533
637
2245
1067
643
2623
1790
1707
805
1613
694
941
679
1443
1557
1535
36
2706
131
1326
1400
2037
931
2751
1109
1792
2525
2483
623
2174
2490
2251
2379
2275
1352
1376
2720
2759
1569
137
1780
1523
1148
626
1893
555
909
171
159
1895
2254
2073
1194
2377
744
1153
918
1971
99
1314
1477
100
419
1122
2540
1484
2011
524
2525
313
2381
1185
1273
620
518
1992
1530
471
2384
2004
2077
246
398
1938
2087
2058
1690
2542
1221
1359
862
875
2081
846
1143
531
290
2498
2738
749
1931
922
2061
834
2004
2661
44
1213
398
1516
2036
695
1184
2285
966
1209
1034
2653
2414
66
1077
215
226
640
1021
2734
1734
1608
113
1042
1924
435
2067
1990
563
1539
305
1055
2060
2270
529
1563
701
267
42
1823
659
947
2238
172
56
754
814
1456
195
1193
1849
2338
2523
2244
764
2668
895
1594
1768
2784
2175
2101
629
2538
198
630
462
411
1225
2144
2362
1211
1327
2505
560
2550
2138
69
2390
1314
2258
1257
2001
563
783
1661
1856
2552
1304
1355
1887
2221
2569
2163
1816
1330
2402
2042
1600
2584
149
1524
2570
1112
2255
898
1203
2606
916
2713
681
1579
114
230
2510
2269
641
520
1260
2027
1236
136
51
2607
1194
2228
1886
2284
1746
1248
780
215
2479
499
1516
1419
1873
731
2671
812
2189
1119
1337
446
1660
2529
1684
2538
1129
1650
627
4
2655
2129
2179
1510
1073
912
1756
1416
714
20
2263
142
2029
498
392
714
1299
1591
1334
2380
1700
518
1214
2708
1031
1184
2048
867
62
754
107
485
967
664
137
895
1990
2647
1581
1371
1827
854
1409
242
1158
714
1950
2411
1789
1423
1929
1185
2743
430
2562
2066
1894
1581
2376
1951
830
982
2501
69
2447
2288
1488
831
2635
1260
1165
2475
116
944
1454
324
982
1257
2011
1156
2044
723
2608
2411
1478
1799
1702
433
1642
1912
1954
239
2053
1654
2758
1406
2607
2462
615
1194
2523
61
117
1580
1937
2520
2592
2310
220
2711
597
335
2331
2011
1791
2722
444
2757
1776
1056
2579
2499
114
2202
2356
1225
983
1072
1315
1989
2763
2241
432
220
2574
1601
795
1343
2199
1971
329
381
138
1405
412
1040
2766
1866
375
2249
2574
69
738
663
2739
1747
2673
2146
1491
528
1942
909
941
2302
1566
1678
1774
2671
2654
1316
1121
372
460
933
2652
2335
1499
612
65
1847
26
762
1265
2118
1728
1480
2555
1855
643
1569
1108
2622
1913
2456
2150
1397
1968
1948
2733
590
2385
2015
1422
2602
216
2222
1543
1182
1632
1564
1994
2175
1409
96
594
2569
1110
788
2130
459
2614
2200
978
644
1219
2306
864
2363
987
2650
2749
1221
1653
820
2199
975
2249
1356
320
850
1291
2705
1155
1653
1879
1972
2185
1697
2052
1417
844
1904
1519
128
2649
478
2214
2593
2566
356
179
1692
1943
1640
801
1199
2682
58
1765
2698
495
592
1303
2442
665
969
2201
1100
628
771
327
65
62
2243
2017
2318
322
187
1279
471
2735
2691
405
1145
218
88
724
1512
2288
353
462
1351
2036
1099
1084
600
2339
593
434
496
381
2254
1043
1849
2728
2375
1480
2588
2574
2047
267
1662
1619
255
1253
50
945
1629
726
1098
1001
2011
1862
1933
2353
1617
1940
1711
1588
1324
2498
2320
1023
480
723
439
1947
1231
550
2497
1225
797
1819
2035
2367
1091
1695
473
2016
2519
1221
2306
2175
2090
2321
771
2524
2521
1152
818
286
1127
1707
2486
1641
1567
2705
1717
634
2768
2495
908
2745
2371
818
2323
2346
1654
1074
782
2594
239
2096
405
1310
1320
1245
949
1624
247
1822
2352
1201
2381
1450
914
181
2679
918
2252
2094
700
187
463
2707
287
1508
490
2460
465
1784
1587
27
1036
1903
2319
1107
23
2702
2012
1155
2063
1278
425
2158
560
1435
2705
1541
2270
2088
2756
952
2662
702
2416
1439
28
126
2017
1189
1214
2430
135
1265
578
2196
744
2007
1473
2593
1963
2721
1862
622
2598
613
2250
1545
1401
1867
2489
342
2710
2739
2251
1081
2175
450
2260
1428
772
2181
541
1015
657
805
1477
782
95
493
2201
1285
1926
676
719
1012
2440
611
1856
2629
1078
1376
1499
329
47
931
1319
1596
652
483
1042
868
2760
1374
212
1889
1282
152
1828
1303
1863
1955
2432
1243
2386
432
1359
1831
2341
1474
2732
845
228
1784
996
1719
1947
167
1584
1059
1320
392
166
2749
734
1074
2068
2069
107
1296
1706
1294
120
2685
860
1075
646
104
781
1080
1556
1762
1577
2154
1622
2634
1105
43
690
2183
1696
985
2288
619
2496
369
2509
510
1511
1206
2232
714
704
417
1891
32
605
276
842
996
1400
2613
1539
2667
1553
2032
24
1456
2470
2725
843
267
1160
1579
2019
922
1529
1267
447
1323
1034
2640
2410
146
2646
1275
925
1247
256
1019
1667
615
2613
2123
2109
45
185
2179
2778
1322
1714
1735
265
273
1093
822
2051
1012
2688
2516
2557
2105
488
734
1135
1952
1573
1160
304
541
2468
1809
896
1397
1819
1267
381
1642
1721
1052
148
647
24
139
2056
2718
365
2166
387
600
901
2026
2301
127
1600
2138
2767
532
1916
1782
641
590
56
955
1389
1781
1587
283
1855
589
361
2712
1067
1749
2666
892
2414
1190
892
2576
2594
682
1536
617
2390
1042
663
2145
486
2650
2645
58
531
2693
1566
1333
1018
1015
820
640
777
587
497
1917
556
440
719
1757
1537
2346
1566
1519
1255
2215
982
1015
2042
2306
564
922
1960
1552
155
2192
2097
2176
1968
696
326
2594
48
2515
2157
73
2177
566
2439
1831
2538
283
2385
416
1410
447
584
2556
2334
2502
988
2472
252
1159
1618
401
1183
1620
1327
2331
542
2164
2326
998
545
2053
14
965
2035
1186
1807
1135
2023
26
1866
1248
2111
833
2392
1455
2615
1368
832
1934
267
2514
2114
805
163
2646
553
1238
1829
1947
2597
531
2261
2460
2413
2756
2665
1071
1882
82
2301
1999
2467
1528
617
621
2431
231
463
1649
777
1192
823
223
1476
1645
285
2633
2286
1516
2440
1168
266
257
1926
1173
1506
130
1138
1791
1124
29
888
1936
1802
1048
37
150
1290
301
1405
1229
645
1585
864
1388
1565
1230
2028
1977
117
566
2008
741
2210
1400
1463
1186
1611
1211
914
1098
234
338
2044
1204
2555
1679
1888
2533
1900
1294
1837
1647
680
478
311
1874
1280
349
1444
1248
347
1827
1302
1369
1650
1932
1616
1903
1978
641
1080
1379
205
171
2048
542
2409
1480
2382
1615
1442
1322
2318
1065
1738
870
232
2063
337
1009
640
2022
1675
1527
1654
1490
1388
414
1196
113
1130
999
160
1057
348
1415
1430
2521
349
2647
573
842
2432
1541
2460
2312
880
2069
521
47
476
1265
1000
1484
78
739
2020
2072
1853
233
735
425
1261
717
758
1514
2600
398
2023
2733
843
2578
993
786
738
2741
2221
2024
2377
1821
871
131
2728
1343
1977
1265
2251
2779
2720
1137
119
226
379
385
193
534
200
2251
71
27
2450
77
876
921
159
2770
570
1376
733
594
1296
2026
2256
2586
639
1513
1902
1085
331
417
1163
1191
244
13
1085
714
2019
1995
447
1853
2757
184
1153
808
262
2400
445
2389
2734
1027
2704
164
758
1680
233
1876
1373
487
2629
1407
2187
2548
926
1506
1845
1910
673
1810
561
2380
2131
785
2392
545
2385
258
1703
27
1364
1873
191
1241
2050
2338
1272
1613
847
2504
1405
556
2135
1854
571
441
1192
2266
1245
522
1811
680
480
748
1191
429
321
2677
2518
1182
1178
943
1049
1425
384
2542
1146
988
1465
1737
7
854
2587
1731
184
131
2543
849
2231
1135
1390
549
2245
643
2206
952
1427
231
403
1102
2761
2473
206
1791
1566
2173
2616
1751
2258
785
1425
2661
1458
1189
111
923
886
952
2663
2778
1542
2542
2595
2119
1799
2722
1604
1155
2705
982
826
1042
793
1380
189
1872
487
905
882
1268
404
2149
1758
1508
479
379
1083
605
2015
1968
2241
844
2721
1642
1922
1046
1252
2293
2594
735
1773
2707
2730
1533
1966
2673
2655
1934
1093
2758
596
1939
2179
2104
1717
1244
2216
1009
2427
1459
803
2252
773
2619
2471
580
2384
1419
1893
809
2070
1798
1544
2658
858
628
1156
872
661
1356
685
470
1685
996
884
1441
654
974
1661
2700
1516
2407
304
1870
379
256
2251
659
808
2469
2505
31
2221
918
907
2526
346
1096
928
1823
863
2128
44
822
1718
253
112
1144
1563
2698
531
634
190
1523
1341
970
1495
2478
2259
1802
1901
2540
645
1262
555
1163
1574
1094
850
1979
2568
1919
2605
1260
1610
1879
1455
1088
727
401
407
1215
366
170
1359
1936
1745
1589
2356
1438
1011
2339
685
1517
573
207
75
2295
2185
1475
1388
481
1411
1740
689
237
476
1375
2031
2688
894
2604
558
2613
464
64
101
728
2175
631
1210
396
1474
1237
805
814
949
1305
1366
375
2563
251
1227
602
631
1849
1814
1455
834
560
1601
767
229
1648
2643
2491
1117
656
40
21
972
1675
1090
1978
1633
2024
2379
1171
1277
2079
1329
797
1069
1479
1592
404
356
2634
1730
1071
2686
1658
1545
284
2523
867
2364
