3623 3310
1018 1542
2337 2538
1018 3219
687 3590
3509 1018
1018 492
1018 3554
2509 2095
1219 1356
3283 1018
1221 1018
1951 1112
904 2014
890 1626
1018 100
1018 1142
1654 2821
3355 1998
917 3409
94 1470
3583 236
2560 2898
3300 2077
1018 151
1018 1949
1252 1555
380 1018
1453 1531
696 88
3010 1018
2168 2931
177 550
1114 490
1062 3562
315 3567
1526 2988
1548 816
602 1796
1018 625
383 2546
1018 2493
1018 2529
2357 2855
225 1018
3433 1018
1018 2708
2451 2169
2353 2783
1018 184
1048 1018
2728 1018
2266 2004
3032 1018
1018 2963
3291 3389
649 432
879 654
2332 1516
1928 3422
743 2544
3152 733
1626 3068
3360 1018
2709 1954
1358 761
1018 1683
1661 1445
589 2293
3349 663
3265 826
564 1146
3085 3340
1519 1458
1018 461
2604 1469
3369 1018
1740 1668
1925 1461
2722 388
413 1311
1262 656
3614 3250
1018 1253
3523 3085
3148 2711
1156 1018
918 2103
1809 870
597 3141
1748 90
3522 1018
3378 1994
1840 2006
3611 1878
1136 1018
1159 3178
1018 2998
750 1018
1279 242
1757 1018
2137 1463
708 2119
773 2069
850 2590
2968 3100
1407 3151
1660 572
1018 1405
1365 2936
3370 1863
2886 1089
280 97
3312 2100
2915 3136
793 1423
1575 1018
220 3066
88 970
821 2861
1018 968
522 1018
1929 3422
2943 2894
1261 738
1465 3526
477 2962
1795 1782
540 3262
2607 1018
1018 2344
1018 2741
2464 1803
919 1161
3162 1018
603 1202
1222 1018
2022 313
377 181
818 3387
2328 357
333 1018
1169 3078
1018 2183
2066 3322
3557 1371
833 2017
197 2054
537 2664
2971 2020
919 2685
950 2358
146 1018
1187 1018
3046 2646
1018 3204
1978 2705
1824 399
1612 2691
2298 276
1492 1018
3280 2376
1018 2136
1869 1996
1232 1018
3245 1018
1018 1310
215 1018
2565 298
2104 993
2890 1065
3172 1930
3584 1701
550 1560
3008 1705
2086 1018
3299 1320
817 401
539 992
911 424
336 2588
3087 372
3426 2638
1676 1877
3550 1018
2615 332
2463 3251
2805 1682
1096 2745
1768 1685
3388 1736
2191 3594
1544 1018
3405 700
19 684
2837 2943
1550 2762
2656 42
918 3395
1312 1018
2654 1018
3438 1018
327 1447
1489 473
1018 1515
3443 471
190 1989
2616 2350
1889 1700
437 287
20 2488
1071 1018
253 2917
3072 1018
2229 777
2444 3039
3151 2650
1854 823
673 655
1107 1018
1018 2182
311 1467
1018 2228
1817 1018
2904 1018
1059 526
2221 1018
1018 460
1018 3001
325 2997
2584 3299
1770 1018
2601 1806
49 7
2194 2152
1829 470
675 1018
2102 1990
2363 1627
1888 2449
2849 3619
552 1018
1595 3594
573 670
2317 2757
2292 1293
324 1169
1018 2325
625 1883
1367 493
1821 1914
3145 2130
1018 630
1018 2716
2437 1483
2549 75
2429 1228
2015 1709
344 2105
1140 1018
3167 1432
811 1111
1749 1250
3099 2599
2943 3113
958 2890
698 151
1581 1018
1018 2647
611 1068
3313 173
3227 1018
1018 2336
2352 209
1018 1338
2249 1499
1155 1266
2157 3433
602 2490
2347 2892
1018 2049
1609 392
1734 1077
2207 2753
2792 1815
1583 1695
2407 1833
3057 1018
358 1097
313 1592
2969 2227
262 3352
3621 1462
3043 377
366 2083
2195 3457
978 2199
2907 933
3108 288
813 981
1720 629
412 1295
1018 2926
1018 3608
3034 2539
1475 1018
2113 1212
2761 1018
2940 1999
2413 2295
2783 2472
1533 825
1018 2248
3537 1031
3501 1868
1601 718
3486 1185
3049 151
3135 450
1069 185
835 1018
1546 1018
1018 1051
2779 2868
1018 2981
752 1018
231 431
2045 929
1400 1063
1403 1018
1457 1341
1227 585
1018 2733
1053 1631
1018 2564
2054 1016
1018 1286
1018 1468
547 2767
1018 23
1018 635
1085 501
1158 1807
2102 3481
2669 1018
3544 1018
2042 1018
646 2498
394 417
1962 523
3239 1237
1018 1469
2593 1176
2397 3553
146 2093
1018 2477
1018 1480
1862 561
2032 122
1803 555
1018 1933
3155 130
1035 1018
2009 253
1109 2706
1018 2941
1018 3208
3261 3316
2274 1018
1439 2284
1018 1905
1182 2812
3130 2270
701 3604
1896 688
1852 3074
2240 1018
1952 1200
1791 339
2382 1018
1795 1101
1290 3574
507 1685
653 2554
2678 1018
860 870
2714 623
208 2748
259 1188
1179 153
522 1882
2939 2380
2581 2795
2806 1018
508 714
1886 1018
1260 3620
2376 588
1268 1637
3259 1037
2222 1018
3470 1018
2588 912
1018 2041
1018 1547
2625 2740
3295 1018
1018 2505
1792 2947
1018 2384
203 2835
2890 1018
206 2969
1514 1018
2178 665
491 1244
3036 1582
571 3117
50 1018
778 745
1018 809
1842 1356
3479 2735
2006 1018
2268 3064
1437 1101
1529 376
2698 2043
1375 2956
1157 625
760 2366
175 139
2318 2429
102 1018
53 1721
1018 1528
2272 2018
917 2026
410 1630
3038 1402
2241 1979
218 598
1568 3456
339 1018
730 1593
825 515
3234 3381
2887 1839
1018 1878
741 1018
3028 1018
3453 1018
1018 2029
2977 1143
3358 1784
2106 224
652 266
815 1019
1018 1493
2892 179
1207 128
1306 3154
1018 2942
1481 2772
2586 3194
2465 1018
783 1018
182 988
1580 119
3335 1742
3015 216
3434 472
1018 981
3468 1018
2870 2060
1158 3016
3281 1597
2731 1018
2156 2517
2825 3499
205 164
2631 2711
1075 1018
1018 1461
1354 2086
3257 1924
692 1018
1647 631
995 2039
876 3003
1018 3605
3056 1830
2709 2059
3541 1018
3315 1830
846 736
1802 429
2346 48
2864 1018
1868 2163
2372 1018
142 1018
1018 3525
2148 1018
3149 805
1018 284
3236 1368
218 3478
2303 2052
744 1018
2924 1783
1177 2074
2217 1018
2011 3364
618 1018
1018 1239
2204 1998
3435 883
2826 610
3389 1421
966 1576
792 1817
3478 2524
1018 2095
3491 2382
1362 3046
2082 3519
586 2802
3351 3301
1018 3074
1433 1018
75 2842
416 2806
85 1635
1274 1018
3623 1817
1636 624
3585 2078
640 1018
1007 549
2920 268
1797 124
2042 2794
3576 1732
2957 2200
1018 1026
2964 563
3275 1018
1996 3222
91 1307
2165 690
1521 1851
1106 2673
2312 171
1018 340
3224 1430
3433 1108
1461 3296
842 331
1018 2268
3525 240
1512 2761
3103 3439
3216 3446
747 1952
2452 3597
2244 3392
1341 1229
1018 2835
1018 1171
1018 1316
1000 1018
1508 2098
1018 2295
611 3377
1443 3415
1201 3365
3212 105
267 1018
1018 1011
782 2621
1018 2847
728 291
3454 2546
895 787
2410 2878
272 2954
1018 2775
3179 1018
1018 2856
3146 3546
3503 1018
48 3298
2829 1018
3278 1018
2579 404
2460 1018
1326 1018
3025 2145
2791 1520
2775 3385
1268 869
1018 3313
1110 436
3094 1018
2507 1018
1391 2510
2081 1018
1532 3430
745 819
3167 1154
2916 402
2644 1828
1018 2756
563 1426
603 2458
2744 3420
932 2014
1418 31
1675 1018
2976 1018
1018 1540
1018 790
1211 1018
2435 1373
118 3557
1018 345
2007 652
817 3047
2999 2728
2642 1743
774 2155
44 3142
3526 1434
1001 235
2643 3536
2573 2626
2670 267
1018 3224
2047 1479
1038 2172
2573 1896
1018 525
2277 2264
2225 1719
478 1346
2938 1957
1888 104
3171 2897
2327 97
3024 2902
3574 3547
1018 520
1018 682
1162 1018
245 1725
403 1781
1018 2190
1018 2588
276 2695
3354 63
2512 1494
1018 2730
2609 3435
3459 2771
3142 1977
242 2462
3146 1413
1018 1335
2777 1018
1803 2624
1582 1018
3345 634
1987 1789
1334 1018
10 1018
3429 3174
849 1243
3403 1750
1428 1991
110 1555
1333 1018
1018 2058
2253 412
1319 2382
277 706
2328 2902
2590 516
2557 1058
1616 207
1561 2884
3444 2943
3348 398
485 1349
3581 2743
1504 2801
1018 3435
3594 3050
2087 2746
3015 433
2024 701
2420 533
2354 2192
2149 2829
1215 2219
3440 520
1598 1018
2134 1094
2080 2797
1993 2135
1787 211
1780 192
1066 2858
321 3378
172 2450
2168 529
3317 931
2269 2376
3179 554
2511 561
1018 1943
3406 106
1258 472
964 1859
1018 2126
1018 882
1999 1265
1509 3379
1823 3110
1018 3205
1972 601
3150 3450
2283 1018
1389 1793
357 1918
2068 1540
3368 2146
2800 72
2141 2391
1601 586
1892 1018
2375 1706
1925 3560
2531 1724
3111 1791
1575 238
3344 3259
1018 1473
1435 1958
1351 158
1018 1283
322 1899
1138 1018
2403 1018
1018 2970
157 1018
978 2845
1545 1061
342 1576
2554 2553
219 2535
528 1018
374 1018
114 2393
2739 664
966 312
1270 1880
1753 1214
73 3577
1 2768
1084 1018
1692 1001
160 985
637 2832
1018 2357
2088 1152
3260 394
1018 1456
439 1018
3030 1230
628 3507
1528 466
1018 1329
531 2344
3564 2066
22 2622
1018 939
3242 1018
3481 2316
1018 2804
930 490
803 2363
2649 3190
1287 2288
506 1497
897 1446
2580 1018
285 876
2512 1018
1018 577
3325 89
1018 908
971 1018
1558 1811
1018 1814
1821 1220
294 1018
1332 357
279 598
2999 1971
437 1294
2740 316
3106 1018
1829 1018
421 2785
3002 3230
3517 1018
65 3180
1378 565
2441 2665
2402 1269
3409 1018
1018 679
2554 3008
3214 304
3581 2701
3526 2318
459 1244
598 923
2613 1018
1018 2630
1018 1899
1274 2436
1463 1018
1018 3206
2710 26
2167 1224
545 604
2735 1018
514 2858
2180 2789
2342 3566
3517 2047
1098 34
1018 1023
180 3463
303 3538
2151 1076
3161 2317
1018 3249
1018 14
686 1018
3437 3396
387 889
1018 3622
3180 447
2567 2603
3137 254
332 1018
1018 2598
1811 2374
1018 524
1018 3159
3372 2828
2905 318
1345 3242
3016 3482
1078 1018
145 3435
2131 530
517 1067
712 697
1018 33
1925 341
674 1048
717 1018
2754 2092
1812 2161
2041 3073
1688 796
1538 2397
839 3551
316 1018
2171 1484
1742 3552
2132 1018
3455 1
3180 1608
1104 1240
473 370
3490 1018
140 1039
2971 3220
295 1750
502 1018
105 3065
3519 1018
331 499
1014 2131
909 934
523 2837
1820 918
1379 1808
32 143
1904 1873
3485 825
1853 1384
2254 3557
1800 349
1018 230
876 2982
125 1480
2332 1406
3085 2702
3371 82
1018 3575
236 1018
1347 3059
349 1018
1194 1018
1018 2501
1563 559
916 2853
1578 1872
3349 2535
3091 3262
296 1018
315 1018
1296 2980
1210 1018
3506 2960
2180 1018
1018 2349
1374 1579
1325 76
986 3536
1018 1915
1907 2834
1313 1018
1018 975
2570 1018
1256 2221
1018 3218
1062 801
1018 1348
1018 3493
2444 2510
2245 509
2818 630
3469 2037
1420 1464
2473 2915
3057 1417
3181 1872
2023 477
3542 2162
1912 2637
970 1651
1018 1503
2359 1018
1018 2682
536 2493
186 1018
3277 370
1018 3289
1289 884
630 1967
1239 1671
2684 1018
3366 1018
1018 2913
1018 1381
1018 724
2594 1054
2390 2865
1466 1018
2299 2758
2311 313
828 1932
2993 1771
356 150
740 1135
1869 2276
1252 1836
1819 206
258 1161
2990 1030
763 1896
3063 2647
751 2200
1903 13
1018 113
1843 898
1018 2175
1018 2712
974 1018
2724 2727
2279 1018
519 1352
1018 2632
609 2437
2464 3041
2532 1759
1018 693
1018 2778
1018 3288
1424 3029
1018 587
996 365
1018 3109
688 946
293 54
2635 2341
2269 644
1691 1018
1245 529
1520 2733
3040 1580
2717 1018
2391 2511
803 2339
1208 2759
2946 1018
2323 1018
1018 3138
2082 2111
3183 1018
1018 3281
668 1384
433 1018
9 808
3102 1018
826 1818
2305 87
1210 1580
1457 1247
1018 1027
1050 254
1531 1018
591 142
875 2660
1018 324
1068 839
2104 413
460 3374
542 2397
1018 1976
3190 1434
1881 1018
2004 1018
2979 572
2779 1935
2437 1622
355 1018
1018 3357
201 947
2585 1018
1522 810
1803 3098
1110 45
2134 2891
1957 1018
133 3471
2652 1788
1254 2237
3119 1249
2107 1018
1286 1559
2900 684
2955 182
1376 1018
1102 378
983 3586
376 1018
1800 954
420 3333
1018 1635
3513 2492
299 380
3533 1478
629 3412
562 2151
2605 1018
1018 2720
1467 35
3304 3580
2787 2215
1439 2487
2577 33
422 3555
302 3307
3552 344
1018 1032
2941 3400
1018 662
722 617
2576 1018
3238 925
2593 327
2392 2622
437 1826
3022 707
529 500
920 2677
1148 1018
1116 844
2854 1530
185 2083
1018 483
1725 2514
2655 1576
1209 2212
3101 440
2736 2051
417 2313
941 285
1018 1257
2421 995
1018 2070
3558 63
2655 1195
103 1018
16 1871
1980 2876
3052 2223
1835 2645
1018 1916
3118 2008
64 1583
2914 2457
1884 1571
804 163
1651 2871
1604 1018
1018 16
3061 3287
2212 1018
3026 1917
3025 3387
2305 1018
486 1833
1711 3209
1018 1017
2293 1018
3027 3304
1018 2013
1018 3114
3006 1122
2742 2965
1165 463
1006 3330
1018 108
1911 2717
749 1018
91 1018
572 1018
1018 1501
2909 540
3447 75
1594 2334
2289 1615
1283 105
3353 873
2456 1018
1018 2075
534 3375
757 3587
1170 876
2936 1199
1497 1018
1018 2552
2125 1920
1555 81
2642 1708
1081 2128
2262 1018
1717 1018
1040 2983
1026 2179
3141 793
3044 1185
3151 2001
3339 2500
1569 1015
425 3619
3279 612
574 2062
353 1388
1000 3271
660 699
2777 2453
2660 1018
1723 511
1908 582
160 2405
1359 3161
1018 2561
2892 585
2447 3550
3053 1778
1018 537
1601 1761
2480 2813
1224 3262
3588 3074
427 233
2930 1018
976 3257
659 3209
1018 2146
2658 1391
1337 1018
2943 96
2628 2742
2452 1018
1018 1428
1498 688
1018 2966
851 2780
2519 2183
880 2626
703 1018
3083 3441
385 593
3590 2293
3264 1018
609 1762
607 2575
3589 2951
1018 2929
3467 604
490 1018
2275 1360
990 2220
1358 1370
1711 1924
631 1709
758 1018
399 1234
386 290
261 2887
2743 1394
680 972
2326 2542
922 2132
553 1018
3572 794
2187 1751
3447 2640
1611 2414
2729 1018
2599 2587
77 1018
138 2779
260 2297
2037 1018
1861 641
1018 2106
3561 551
3246 1018
697 3191
2723 2415
2432 2407
3095 1687
3428 298
473 485
1018 689
3596 488
1018 3231
430 3269
1242 2924
2377 583
3005 3060
1440 1018
395 1713
1639 2913
1271 690
426 2305
1018 2927
1198 3506
719 193
2398 101
1018 726
897 170
1909 533
2614 605
1013 888
1003 1133
2989 1018
1018 3030
1621 2657
2534 994
1018 1752
1412 48
1867 1018
411 1774
3599 127
1100 2120
3146 428
2242 1128
260 383
2770 3198
236 1845
735 1018
1433 3258
746 3259
3122 535
800 2319
1018 1885
455 1018
295 2975
1941 156
1779 1675
2720 293
165 475
2173 1089
1410 3425
2281 2075
2920 1018
1018 891
700 475
2438 223
2696 1018
1637 2030
1370 1018
1730 2497
632 1028
3317 976
969 449
1502 3531
61 1018
704 3339
1782 1401
2875 893
1726 399
1018 3342
581 1251
1318 1018
2741 2489
1102 190
2566 746
1426 1018
1566 3224
804 36
765 38
176 1139
2295 405
660 1018
1154 1765
2693 1018
3448 1570
2497 1018
2253 1131
112 1018
2458 2080
565 1018
1882 382
2093 174
1018 1721
1740 972
1022 322
1018 2369
2471 2394
1496 246
2748 2921
84 1177
3378 1842
2615 3404
3318 3290
1018 799
2282 1018
1018 2285
2437 1018
69 1763
1588 2952
3023 2094
1184 3386
3510 2426
487 1018
3573 2804
465 666
1093 2981
473 258
2727 2479
2279 1411
1018 1610
465 608
2014 1018
2347 3123
1124 3104
1237 1298
237 1963
710 982
1018 63
2900 2488
177 1086
414 1018
999 303
1369 3452
2639 2580
2817 912
2450 2515
1018 2208
1284 814
1236 2850
1018 2034
3202 3566
984 1212
1018 857
6 2807
2336 411
960 1018
1906 2196
1681 2176
1018 2623
103 2508
168 1001
1600 1757
3199 783
3560 1361
2935 2526
1278 638
168 2434
109 1018
1303 1229
2294 1976
1140 3158
2820 1118
1082 1408
1018 3499
1484 314
1137 2726
1018 477
2631 1074
1587 839
1764 3311
3157 1018
2658 2610
3430 2100
2150 740
1223 2568
1445 1481
1984 388
1018 3182
42 3239
1049 1355
706 1018
854 1809
2827 1663
953 3407
478 2069
1018 3077
3119 3163
1018 1044
1954 582
143 3237
837 2380
1018 2290
2360 1183
3419 544
3060 244
1103 3009
3399 3507
2242 1599
3269 1018
1018 736
1018 1586
1532 1954
2378 3149
1926 3266
694 197
264 30
1968 247
2635 1189
1745 1685
2377 2520
3462 2352
1480 2101
2193 1145
1010 994
3064 3315
81 11
1018 3146
1018 1569
2422 2849
2893 3520
241 3201
1992 3602
2100 1112
798 2458
2908 3585
2277 1738
2635 1018
1018 877
8 1018
1628 2553
1811 2675
1018 3136
770 1018
3151 1018
2215 1018
573 1932
3442 1070
3302 3029
3096 1018
3104 1603
1301 2386
1655 2095
15 1018
3061 3213
1018 2243
601 234
1018 3085
1018 1714
677 893
320 1018
1018 2657
1573 1504
1985 1018
509 1428
1739 2540
505 1018
3110 1018
639 1170
906 2767
1018 3274
3356 508
2575 1018
1360 198
3351 1678
1088 467
1018 3022
2128 963
301 3086
507 3228
3465 996
1018 2589
1018 1674
1018 1763
1965 527
652 2280
2949 1493
1308 3251
2989 2193
3378 2868
3196 3046
3407 3600
3395 2076
415 1701
1781 257
1018 1519
1018 1111
55 1018
1880 551
1523 272
1100 265
1018 141
3318 2997
624 2295
1018 2411
2910 2394
2823 785
1394 2667
3064 3168
2438 1589
1140 614
3381 1018
2764 2253
457 2161
1305 1890
1414 2165
1018 2594
1949 3118
3221 2989
2911 3028
2770 1018
3232 1018
786 3188
1421 555
1096 1942
1206 422
1018 1050
511 1966
1391 2551
1351 1557
875 1785
1754 99
618 2259
3494 3514
2883 2165
2755 39
2535 1803
1018 3310
2541 1313
3571 592
2579 3373
1018 290
1041 834
647 2234
1847 897
334 1022
1200 1518
2090 2450
746 3207
107 2378
3543 3585
2961 2590
1063 2699
1543 1386
2220 2717
1018 2386
584 2354
3229 150
892 1960
457 831
1018 2689
3293 662
3416 2538
252 3167
1699 1018
2546 2550
1047 1018
902 3171
1018 1623
1018 3530
2698 815
164 3618
2808 2688
1269 1018
21 3221
93 2845
1392 50
559 1649
3103 1224
2944 2436
3093 962
2900 1018
1018 2062
441 3337
671 3115
1377 2151
3421 2012
1267 1018
3545 2880
123 577
1457 1018
1284 1042
1018 148
2296 1853
1018 1758
656 2774
1018 1214
1018 855
3050 3068
2924 2429
2148 371
3338 1018
2421 1446
1018 3534
3365 2143
1901 1018
690 2338
2560 3094
1844 2210
328 3028
906 1554
1018 1296
782 1018
3076 1374
150 3343
458 1018
3438 881
1888 12
1018 2766
2854 3492
2676 2155
3304 132
3194 1607
1327 1018
2954 1036
1018 2005
1997 3271
3411 3533
494 1018
2088 616
1718 1070
1186 1763
1018 2028
948 1127
185 39
1856 2968
1939 777
1018 3432
1987 964
36 1007
2655 676
906 2881
1018 1556
2248 2252
1888 742
409 3367
2815 1018
982 1241
2186 1337
1018 578
1125 1018
2700 1018
952 56
3621 709
1470 3527
1018 256
1028 196
226 887
1363 44
539 3319
1018 98
3596 599
1291 3161
701 2459
569 2606
1018 304
1018 705
418 575
2931 2035
1610 3042
535 1630
1018 2995
3135 191
2627 1018
3121 1018
1801 1137
160 1018
2136 3240
3089 3073
1567 2110
2149 3363
868 419
2122 1040
2097 2502
1018 199
1018 2782
1018 188
3018 347
556 2078
824 1018
2036 2799
38 2084
1470 1847
2637 1141
255 3552
3539 1747
1018 2250
377 1018
2371 1263
2185 1018
3233 2930
2808 1745
5 1018
1895 2898
1018 535
929 30
1018 1860
2019 2778
1731 3299
1751 1018
1177 576
248 187
1353 1018
2688 2677
2543 67
3497 923
1988 1059
3351 1018
3230 3564
2247 468
3117 378
1001 2177
1018 479
1018 3047
2851 1749
812 1405
773 1614
888 2230
2338 270
1018 3401
2982 2895
2315 2069
281 1872
2176 2416
2388 1018
1208 2516
3175 1018
554 512
1703 187
1018 417
2200 2407
701 2530
1018 3514
1018 714
1347 1475
3406 396
1704 913
3038 3345
2051 712
2241 1714
3445 2194
2288 2133
1018 1567
900 2073
4 1395
1018 289
1018 1825
732 3389
73 399
3173 3484
2290 575
3569 408
2542 1568
2392 2347
1486 1233
1018 3359
3413 1018
2412 2034
1287 1653
2765 1898
2173 584
2230 36
2309 1018
1018 3545
1836 1083
202 36
1018 307
1018 2184
2273 261
2330 1992
541 3616
149 1018
1864 2840
1526 2816
3542 1223
1018 361
1396 1018
1018 2441
3127 658
543 306
3226 1270
3095 2994
1548 1018
2692 1018
1037 1715
3376 2339
996 3593
2459 128
2134 1796
2090 1705
997 1018
346 372
242 1937
3239 583
1535 1018
1446 362
2020 2631
924 2357
1919 344
1616 3423
1640 1018
1018 1364
2475 3389
1391 1018
1865 135
1877 1564
286 1161
1563 1426
3337 3187
1018 1565
2012 1795
1018 1786
1656 1007
1368 929
2551 3058
2988 869
1324 383
1204 2599
538 233
1018 443
1386 1018
1018 3528
3598 3211
1018 1603
2774 2574
2679 659
1018 2969
3391 2174
2990 1606
2946 2025
1018 3143
1677 3418
2257 1905
3498 1217
1986 2588
2831 2085
2836 2849
3594 2160
2715 1777
1018 2718
89 3409
1018 364
1152 2123
1018 489
2566 2147
2154 1930
1689 754
2879 1018
391 3563
1235 795
239 360
1018 1659
1018 3323
3432 622
1849 812
3289 2950
2839 1827
1018 451
3297 1522
1388 1775
1097 1018
1018 3306
3445 2045
1944 1018
560 3215
1023 3362
1018 2616
163 748
2762 3312
2606 1572
1372 3570
304 1422
236 3019
2518 1018
51 1638
1175 1018
1018 802
2201 1767
1982 1613
1565 2139
3576 1242
1297 759
3210 2291
1360 1306
43 1018
862 29
325 237
1961 101
2920 832
3174 3030
1016 1018
62 1698
1018 1073
1277 1604
1334 2612
1049 1010
1137 2142
949 1018
1666 3353
1941 600
1018 2687
567 3061
1018 360
3406 3503
195 2918
834 2737
3576 2457
3424 305
1018 1617
1159 2738
820 2283
2747 274
2084 1634
1950 693
2810 1018
2100 2127
1018 205
3266 719
472 2848
1114 3361
1315 858
2803 3475
2663 530
916 1454
3203 823
300 3198
1018 1261
2314 3217
2430 1421
957 1018
2250 2697
3084 2770
693 1816
1835 1018
3062 1867
1548 2235
2820 1018
2131 3571
3614 1788
1516 1285
359 2900
2954 1244
351 395
1138 691
2065 1018
2860 2730
1315 30
1873 2303
1018 2195
1677 2680
3125 147
1270 2788
2450 1996
2863 3360
1919 323
937 3524
2462 1018
3414 1946
2792 1333
3150 1045
2426 1249
1178 3092
1018 2748
1018 581
2067 2024
356 1018
431 1570
1729 804
2728 2440
1367 1018
3428 2511
1257 2906
1379 3080
1265 1018
3426 1037
1371 3130
1024 2238
521 2480
1018 1352
1018 2533
909 1922
1459 1018
1267 2178
505 3170
3527 1072
3209 329
1018 3565
2418 2605
635 3013
2525 1018
24 2476
2751 464
629 18
1843 1018
1969 1018
2572 1910
2943 1018
1018 754
2200 2338
1018 1043
683 1018
1018 884
3564 188
17 1694
1897 2044
1018 1618
1682 1870
2380 1018
1947 2582
1536 2542
1373 2538
3152 2747
1657 1018
1187 1357
3257 314
2225 1018
1694 3337
3248 1018
3231 980
925 1802
2795 3134
2933 383
3455 101
1018 2145
3622 3508
3515 1160
1018 1811
1749 1018
1028 1495
1018 1736
2481 2002
1907 1942
587 3090
1472 3516
2707 2060
141 1906
2799 1018
1005 1018
9 2060
2759 1518
2109 1018
1793 2229
84 2242
1416 755
1193 3378
997 3075
1941 729
2872 381
339 1684
1288 1018
2557 1018
3390 3476
249 2436
2159 960
2302 3241
1476 1018
3097 1241
1131 3294
3326 1018
40 1018
3482 1018
934 2517
1018 1506
1018 31
3007 1018
1070 3081
1025 17
769 2288
1018 1894
1018 1579
2619 916
1012 1756
937 1018
2345 1262
2098 1018
3549 2180
1245 1451
2590 1018
102 282
3286 3224
1018 1645
302 1692
1875 1018
1350 2785
1429 2310
1018 823
2226 2318
2472 1288
2765 3576
1018 2543
1018 140
1018 1902
1018 1727
1799 1897
1296 2370
3124 1018
3112 2289
1873 2568
3574 1018
2684 863
1393 1018
2164 959
1344 3145
3435 3467
1582 2547
819 1328
2379 774
938 3306
363 1018
560 1018
92 2368
2057 2282
250 1395
2553 3149
1968 256
503 2143
2802 498
700 657
2545 3569
2725 2470
3261 1659
1390 1018
1018 2826
3445 275
80 2373
3382 1387
2385 387
1409 2987
2648 1170
1018 233
1062 2265
255 2671
1829 3592
1589 2083
726 3568
743 2086
722 991
3387 2651
1018 2558
2987 3080
546 1304
1203 566
1018 2097
1716 2622
2339 720
1211 1784
2912 1162
1918 1018
368 2128
3341 468
579 1266
2425 2349
2136 642
2160 45
1018 1983
1197 3511
350 1615
243 730
2934 1018
1472 3519
1018 1978
2448 3169
2884 2852
243 788
1018 1948
3282 3345
266 1129
695 1018
1746 1190
1620 2376
2424 3589
1018 685
3507 1820
214 1018
3173 1018
1275 1018
1619 559
3319 478
3308 1009
1077 1018
3617 350
271 2040
1006 842
2427 1018
1603 1167
712 1018
2681 2229
630 2644
1302 1018
951 2985
161 2068
619 1018
1624 1431
309 1698
3380 2541
1018 595
767 3121
1886 3529
1342 590
1018 3150
1848 1906
2661 2551
2291 2970
2763 86
1465 3044
1931 978
1446 3279
2563 283
927 1018
1018 397
1018 3034
2767 2885
638 2994
1018 1638
1187 1534
3566 1042
1018 1323
2734 1018
3575 1702
1682 196
2324 2611
1494 3504
2722 821
3331 995
3513 162
1825 3367
1018 774
2443 3326
1629 130
3593 1790
1018 1061
1018 2928
1505 1408
955 3159
1701 570
1034 215
1802 628
1919 2216
1432 905
1018 3582
1018 934
1018 115
788 1643
2556 1018
335 3086
1018 2742
867 1018
1664 3616
3246 3184
3394 3238
1449 2169
1018 2480
1445 1511
945 2903
590 327
1236 1018
2601 1018
1018 3536
906 2331
3300 2381
3232 1733
1723 2399
1018 122
1090 250
3446 1824
167 944
3194 1352
760 3180
2771 702
2603 3347
2077 1018
830 1690
2236 1683
1941 3498
2559 753
1548 787
3216 2487
1018 3266
1018 1912
2416 3306
1163 3053
3490 1255
2224 1018
1018 1573
1018 2991
1018 2404
3169 1822
1574 1194
1299 1982
2642 631
3556 2648
734 2380
2258 429
944 1832
984 3458
2219 2862
2051 1297
1874 1249
2830 1982
1704 887
1641 1018
1018 1964
1018 2937
1018 2033
1018 80
1070 1018
2494 1628
2648 1399
517 3074
1018 1605
2097 1132
1018 708
515 449
1510 1018
1608 1995
849 1018
2475 2889
1456 1769
615 2003
2563 2417
2033 1841
1018 3120
666 1018
1018 2721
2223 1018
1697 3516
722 1713
25 2205
3071 3515
3117 2985
2959 1018
3067 2377
1067 3502
2397 1495
1705 3235
1057 3311
1292 1018
2410 1018
354 2209
1371 3031
2398 2935
1018 772
3617 482
1621 841
1175 1890
1018 613
1018 3211
1018 2491
1018 1577
2409 872
313 3344
925 1231
1018 1509
1571 2848
1989 2656
874 78
1018 2449
2310 372
2968 1018
2000 1018
1468 3353
944 1487
1018 2298
2636 2576
2648 2719
2587 1018
1467 318
1322 3550
1281 1349
892 1018
3089 2811
2278 420
834 2206
3198 2055
2434 2210
1397 3537
111 2009
2398 1537
1419 1899
829 3145
2620 3514
659 2655
3577 3617
2648 1366
2061 859
60 703
3199 221
1494 3012
1057 2784
1702 2428
211 1018
83 893
504 660
1219 68
335 1018
2706 1018
1018 2094
1846 1018
1181 3231
305 1018
800 2569
3069 1364
2494 728
1018 913
1746 2977
1822 393
3180 2972
1018 3511
348 3108
3270 1018
681 3242
2870 1880
1975 2948
1060 2458
1978 86
1018 3513
2722 2048
730 2104
2519 527
1945 3330
2117 1018
1602 2923
2656 2256
127 194
781 1855
1980 261
2067 2504
2803 1018
885 1122
3541 558
1018 3347
2779 1930
2201 3575
3503 615
2259 3607
817 3309
671 2326
842 1018
2240 3603
3398 1506
1190 3140
1313 2307
2521 1193
943 3108
1402 1242
1987 1103
3132 2347
128 3487
1018 1248
2380 3127
1917 2386
497 1018
786 1246
3133 1018
1018 2314
1725 1018
1402 2315
1385 3619
1018 2674
1795 3372
2503 1018
1887 2862
3020 641
1018 2010
151 3417
3408 1249
2797 2642
352 3312
789 3053
3199 1216
2602 2836
1134 1404
165 176
933 1650
1107 1442
3360 2446
2794 2356
3495 282
1952 848
3549 3384
1018 1106
5 2138
2742 278
1173 1741
1018 2271
1906 2333
1992 1018
2584 2197
3586 1018
2065 740
3340 1776
1601 1059
572 2383
1810 2031
1249 2263
2395 138
2267 2246
796 2271
1126 1018
2185 3548
348 856
1349 2994
2172 84
766 1182
454 2634
1640 626
1987 1179
3134 872
959 388
2483 2517
1541 2554
2087 2838
3535 1081
1834 137
3299 1018
3303 1534
2403 3267
1606 2030
886 1018
2474 1475
2679 152
1142 1744
109 2814
2831 1311
1018 2714
3035 1018
2782 768
557 1500
2680 1018
1398 3541
2458 1191
3517 2710
1226 1018
2364 1018
1018 1021
1838 2035
1119 1590
1355 969
3177 1018
577 716
229 2308
2357 596
3198 2211
420 2258
1805 1371
400 1838
2654 1004
2213 1018
988 1018
1018 3304
631 755
648 1329
1294 862
1386 2482
779 3414
3255 3132
3142 2967
45 480
1874 1996
3029 1018
2484 458
2431 2551
24 1890
389 1018
1565 2974
3575 70
1043 1029
1755 1236
2869 124
945 2112
1018 3613
1018 3373
2265 1018
2630 627
1020 1411
1059 169
2713 891
1973 3084
714 3200
2191 1452
23 2091
1085 1018
678 3216
3615 1018
2571 691
197 3011
2874 748
821 1018
1527 2766
2272 2064
1293 3329
399 1264
1682 421
646 1772
2115 1371
2600 2233
2232 1651
2365 1018
2433 303
3252 3182
1137 1018
3285 628
1018 1500
392 1018
1018 1012
2548 603
1203 3307
532 2312
1207 1110
1904 2882
1018 830
563 669
1782 3364
865 23
2337 2523
3467 37
2663 3540
1018 861
2217 2423
1940 379
3472 2783
1018 1866
1018 3462
2640 3187
1018 2233
319 1315
1525 1018
1562 1018
1047 3128
2203 2726
431 739
2311 3320
2393 1018
1018 1388
839 1057
57 1993
2683 2572
950 1018
407 1018
1018 3332
2164 2750
1467 2996
2954 246
3 384
2877 1028
2372 3051
1220 1018
1326 166
3142 1007
190 1238
195 1018
1018 1464
759 1712
3496 1208
3126 789
1018 2824
756 1916
1270 1033
1004 3195
2827 1018
1876 1617
1018 1153
219 1477
1710 1018
474 1294
870 478
917 155
2715 1018
2209 2504
2424 2537
2013 391
3409 1662
2496 2617
852 2714
2340 2171
2172 1262
2751 2901
1104 568
47 1518
3156 1018
2483 2523
1547 2559
1018 2239
381 1088
1018 3520
2198 1018
52 2778
1018 2618
3045 1018
660 979
2634 2677
1227 3539
432 73
286 1325
2823 236
3197 1770
1900 741
2289 2626
1018 471
1018 2611
2665 2780
1018 1336
3598 2301
1018 3476
2532 541
2994 3527
2087 3393
2923 2520
2916 1018
1184 1018
1018 495
2320 1018
3180 1082
654 1178
903 45
3299 3186
1018 1956
1241 1859
3129 2097
2997 442
354 1
2776 1018
797 1018
2396 2756
2424 2406
3243 1018
1481 1736
2973 3611
3515 1018
3201 1018
3488 1269
240 1959
1467 1018
2157 2513
3508 3402
1311 1613
3145 475
3054 2700
2844 1018
2576 2355
570 2769
915 2749
533 1018
2997 1780
2594 3165
2505 793
2089 373
2132 126
3426 3048
3500 2554
1018 1739
1865 1165
1018 2471
1018 139
2050 2054
3414 2079
1218 1925
1018 2401
3164 1018
2156 2592
757 3305
1119 2714
1425 2323
1632 1018
2471 3254
1415 297
411 1644
1091 891
1459 3185
1852 775
1218 72
1018 2387
2237 66
134 2550
1742 2802
3148 923
2140 867
9 2923
2056 1018
367 1925
2467 1018
3276 553
518 2214
671 1966
1018 308
1616 2343
1822 2672
75 38
3334 1018
2805 2848
1844 1673
690 532
1737 1369
933 825
2210 3542
1871 3256
3234 3436
1064 2686
910 689
2648 1588
3370 1857
3268 2021
1766 224
183 567
3046 618
2072 2026
2838 390
2790 381
1379 2516
398 1919
2583 581
1018 476
1165 1018
36 3037
1154 2424
1151 2440
1018 1098
2497 3033
271 3608
2812 3527
2461 1314
956 2500
254 1196
641 1575
1567 2633
1441 1018
921 2692
900 1018
3532 1025
1799 1164
2865 252
647 769
2686 1018
1031 1018
1018 791
1018 2468
1018 1920
1033 1924
3135 749
481 1686
3531 1018
853 1287
472 452
833 1428
1810 3465
1454 3522
2836 1513
3324 1948
1018 1818
1018 2849
1365 2866
3451 416
1223 1928
2862 192
933 120
2840 1773
2122 1018
1018 3153
1298 3244
3183 2562
3445 840
2332 1018
1858 1492
884 1485
1018 3427
1521 1018
1372 1018
2689 667
1317 2486
1768 2154
2546 2015
2202 1288
2021 1273
1587 764
2653 2293
124 159
1273 1018
2499 1010
1382 247
827 1304
1404 1018
1018 2478
1359 1018
1760 2262
1018 970
2379 2578
63 1889
1018 1633
1822 1018
1294 1954
2724 1670
784 2389
3565 2419
2260 1018
1892 3166
2719 3160
3095 1942
2087 1018
3579 2063
2552 2597
3079 1018
822 2882
1939 178
3088 1874
2753 1018
1018 1927
2985 1069
2002 2219
232 1608
2537 541
849 2596
3105 3388
7 1018
232 2719
1921 1377
1994 2189
2186 1646
2205 1018
260 544
1055 1304
965 714
50 1448
654 1269
3017 144
2977 1018
1018 723
210 2529
359 2744
381 640
1018 2348
3181 2758
1891 2677
794 1018
1679 2318
3581 871
2314 899
1018 1133
278 1693
1549 1018
1450 1621
1539 1817
3493 3437
1282 1018
1018 652
1018 878
1099 2012
1552 3151
3308 1018
1471 2897
1018 556
1505 1080
348 666
1131 496
2038 48
399 1813
1669 2465
22 1707
731 3606
1279 2773
1557 1018
1018 2527
1901 1741
1018 372
464 2042
2993 81
1994 41
2367 1356
1665 446
2046 3373
3610 1682
2837 2919
2400 2335
1018 2807
1341 1658
1036 472
2816 1409
305 3225
1975 1953
3037 2158
3578 803
1621 2888
500 1342
1936 3474
2161 788
2659 1018
375 1984
2195 1680
1018 780
3505 2510
136 930
1393 580
1122 1018
1794 1436
1487 1018
1018 406
3130 3292
1018 972
2169 1018
602 2165
423 2824
1794 2077
1018 2247
1046 2969
3144 2481
672 3379
3331 2494
457 866
510 290
2525 1331
1432 3048
1276 1557
1018 2061
3606 3167
779 319
2109 3284
1280 2039
2399 789
285 2526
3392 3135
2710 59
1152 1018
2833 1488
1891 2694
1981 2574
2819 1018
1018 1591
1523 3263
1144 1018
2524 518
338 518
2053 2662
1018 1317
1018 1206
1808 1272
928 1010
1018 2793
2306 2890
2723 3169
961 2789
1268 2859
2582 3377
861 3425
3189 1207
2841 1018
28 1018
2690 1018
1114 1893
1018 1570
2 1536
1738 2784
1018 2339
434 589
1018 3305
2904 894
1018 3459
1222 1444
1092 2989
1042 2058
917 926
2840 1018
192 1100
292 1671
843 3469
2206 1018
1018 967
1550 3272
259 1018
429 1339
2287 3061
1018 2683
1185 1060
2857 2653
2153 1018
1018 462
2121 542
864 782
915 1018
2958 1018
2016 959
1018 2960
2361 1018
2371 3559
2739 1018
2219 1192
901 1018
2435 530
1150 2049
116 1170
2367 3539
2403 189
1018 978
2899 1457
2216 11
1018 2173
3375 3456
877 435
3061 1018
1087 1018
2846 1018
645 3147
1477 2053
2891 90
1018 721
2631 762
628 2531
1018 1443
3383 2588
3391 1018
1018 784
1690 251
2796 3320
1018 1850
2896 2324
2467 3471
3441 629
1105 2721
2469 2041
1224 3192
397 2528
197 1551
987 2976
2599 807
2465 2064
1696 692
1018 3193
1859 445
1183 1018
347 1018
2302 1802
2563 1018
780 2286
952 688
2495 3070
3569 1018
2845 2170
1018 629
1793 2432
3339 1018
2478 1955
737 789
1263 901
1018 2932
795 1837
2079 457
1018 2866
1018 3125
2666 2912
2242 3447
1260 1351
1018 1166
1625 1932
3521 2084
3606 3223
1018 1174
1125 1159
2823 2485
636 3453
1751 2334
1490 1018
3378 1913
2516 594
2397 302
620 1018
2984 231
1057 606
2839 364
11 3579
1872 1239
2108 1200
1018 250
2163 1018
2629 1032
1156 3247
440 1018
269 1018
294 3533
1380 1706
1018 2071
1275 1804
2400 1065
911 2493
2920 27
1330 1018
1427 124
3298 1018
947 2593
1018 2925
1018 806
1998 927
947 2345
1018 1415
339 2166
1120 3071
2641 3340
1507 1772
3595 690
2682 444
2742 868
1897 1018
2361 2249
2796 3397
1018 1095
1049 3251
3077 564
1018 1698
227 2708
1018 1792
1018 2725
273 1018
2798 1894
2230 645
121 357
3612 1423
3473 1018
3009 715
2767 1018
739 2439
1583 1018
1266 1018
1018 2986
673 2418
1018 3518
2144 2208
3452 1018
263 1073
711 3586
1018 2092
1566 2703
131 951
632 2027
548 2268
3579 1180
848 2351
2116 984
776 1018
296 907
1631 371
1748 338
3512 2379
469 3124
1902 3461
973 1018
1018 948
2365 1383
384 1232
3167 1205
2360 1491
1018 646
2643 2304
2165 2124
1018 1002
1853 1122
1970 1300
1225 1018
1066 1557
1293 2319
2102 1018
1018 187
58 1018
1611 1018
2426 1650
1018 1855
2461 1018
1018 2128
1321 3547
1212 1082
2870 1798
1018 257
1775 46
1438 238
453 1761
1018 3407
1405 3609
1667 890
2218 1018
2283 1130
2829 936
1018 769
3142 1139
2009 1963
1104 2105
3492 2667
2248 1877
2752 3199
1157 3021
2920 942
154 1018
484 2902
1746 3107
3342 845
3215 1233
2953 165
2308 1018
3490 1517
1018 1149
946 1052
1117 433
2595 3322
1530 2762
2300 3537
1831 2923
2925 513
129 3310
1018 95
1461 117
1018 605
400 420
2873 1470
1018 2255
2098 914
1923 1018
1427 1018
2149 3055
3004 3137
661 1158
2922 1018
2852 1018
1018 1235
449 874
1018 819
2513 1665
2475 2990
1018 3014
2623 74
1018 326
3314 739
2231 1912
1577 343
3480 869
3176 100
1633 1993
3321 1018
1018 3237
2504 2992
2708 2832
1362 1168
2569 2695
1735 2248
1722 1814
1018 1340
1099 2442
1445 893
945 1018
1585 1018
1460 1542
2693 2455
1076 37
1018 3410
1998 3463
3137 2809
3131 1761
1018 1123
2821 708
1018 2237
1152 385
3460 686
3147 544
491 298
2611 2727
2511 592
2786 1018
1701 3448
1217 1018
688 312
1836 982
827 2626
82 1834
3477 1674
213 578
690 621
337 1253
1295 474
1530 3139
2978 2379
2991 310
1018 144
836 1018
734 3350
1018 2843
2261 3621
2781 2646
920 2796
1018 1063
685 1115
1018 3596
1018 503
3618 2188
2345 92
2267 2990
1613 222
998 1099
584 3273
1018 1387
1121 2337
550 868
1164 650
1018 2945
896 2426
2704 947
1010 1375
1938 2406
1018 2454
3470 1879
2373 3116
3557 253
1116 1018
2422 99
871 2487
2118 2079
543 2129
3294 1431
875 481
2887 1018
1343 2810
1728 1725
1018 2506
2685 1025
912 2760
1626 2438
1018 1360
1018 1553
3070 1283
1524 1285
2685 2099
940 970
3253 3338
395 998
509 448
79 3339
643 2332
2481 204
2329 1018
849 2822
2096 3220
1018 3601
1904 1778
1934 361
2477 543
1113 3148
2825 2375
1788 1018
1018 1975
1085 1259
2466 2362
3431 3476
2322 3516
1912 3328
212 1018
3483 3425
1018 1309
2840 1147
1018 1932
1018 3093
2408 1949
722 1982
2362 2824
869 1471
262 539
200 757
1018 1008
1570 3591
1652 1841
1018 2376
2959 330
2445 710
2264 2351
1018 989
2238 1018
1018 3066
2693 1079
2963 3466
3395 1408
3464 3471
1018 1970
3145 1664
999 1018
1778 274
2732 1018
13 3028
2115 586
2392 2481
815 15
539 713
1018 725
1011 3449
1172 1028
1056 1495
1856 456
1092 1482
2148 1936
882 1522
1642 984
1018 3489
217 766
1972 2769
1344 2608
369 2344
1018 2385
1018 3134
127 1018
3008 838
2522 1254
1648 1018
3060 1018
3082 3524
1562 2114
2591 149
2536 1018
1018 3346
2327 2212
438 1485
3336 1018
1018 977
82 1018
3146 1488
1584 1267
2181 573
2496 1082
1018 1672
317 1018
3465 1018
373 2195
1612 742
2555 1018
1032 3370
1596 1018
633 1018
1698 228
2086 3000
3094 651
1474 643
771 1192
325 2668
3456 1074
839 1750
2053 1431
3262 1018
2218 2321
1435 923
2251 736
1947 1179
71 1018
3155 1018
3327 1018
1518 786
1940 316
2358 1974
3352 777
727 1487
2128 3423
709 3579
1286 1455
337 935
847 2599
1213 3100
1811 2606
1018 2867
1375 2194
475552599 178821612 209244900 53745172 398755747 924886641 21405866 855624755 600406237 665074934 206849732 219708841 288260492 88695944 149671771 146736441 349892283 829181938 658473876 874189755 591232078 451104270 314453012 9641941 328251723 641140936 24922326 724404526 839076879 614114693 441818764 917979934 925809262 987591446 762929818 279240029 1373996 737535464 350200353 953482678 927730395 870778860 791364328 485057689 101909483 674393803 374882373 321182963 91116697 485840930 645176834 606098520 35494725 518303378 600878103 622094223 899245758 440747881 137034834 193966293 131285729 921588946 162570304 876802557 513163776 703536841 227738342 942839634 634537766 576217472 840056182 672911059 574773288 92969833 800538283 816668404 752814325 717049221 135711731 332725310 595582249 376772608 24929562 669230652 763967473 87747495 633103899 157338462 467684084 999320645 679040076 644330732 837142752 846331972 842659619 878417958 353386849 444122512 452310452 680904458 122493173 107738229 866021568 455714376 405011339 491639817 937625554 638333634 66353494 555131413 94173112 92303043 678763718 484002483 439105916 777210382 710641381 117626006 846919613 170483232 144267855 219915314 541427439 702476721 25245329 82657222 778637529 694627848 550341230 755333013 498473875 954712210 918761175 863291593 672421853 945418193 799397876 234359891 820084856 266436363 102276067 700702640 939051801 39254621 512935370 534992004 458344204 352979037 912182616 798656007 280554169 866888103 426645065 687090726 562257301 896132524 612500307 154443842 578150991 432784839 492818793 158823630 211862436 693693280 239327825 567994013 269562476 677435460 12234819 76413997 489265727 624562359 289787976 150217285 871756306 69852951 589420887 576822054 948869115 620624581 8877152 332881424 595865140 641327790 873433414 335957847 542692674 359846401 795078360 636506975 295296263 756303900 277340217 524846480 315841535 855596740 748361031 183815617 864996927 70259735 99851800 932644243 813381592 858236574 71446959 390661285 674687534 27586194 564662387 519523576 678595434 255835404 81627856 431416706 581841569 775143939 914527676 392913834 530230659 255870207 223532874 563760052 165526659 462322906 84882816 409059776 207802350 792563803 102552187 33501249 445630635 511162994 485321295 450324256 262969494 381496187 814429661 696006322 688214629 741559128 538229559 714929138 652851047 407636368 725449026 289968669 60650958 308154013 135958600 638396751 237662577 4232992 722839058 715153525 207289149 505845424 954813295 466588419 907743659 734444774 427505379 20251137 844129813 581009123 661934888 818764519 524657652 531052117 651933198 741815418 795159105 657841121 342008896 9176080 32803282 43097543 266050504 270053379 151958153 379218133 626663196 548014467 530090873 398207798 862157159 455783367 385669886 457127150 340968265 139680189 629729396 736549761 707146621 138161096 514063098 263948636 833958794 703154222 541376789 276475520 158551830 438837679 857510965 609956500 12625309 630981936 158080996 2827585 380445272 252785537 810512883 200635040 72151850 324586828 923055830 374219463 275346434 953888478 988535968 241426946 483823482 116851370 636373072 134416735 820218639 759425226 101997412 109977541 503192295 673866088 900652945 341713937 323033481 534115962 731032631 83371956 531660163 267917026 805750286 880377190 229516206 804934997 109540887 667346841 561601034 962826322 685446649 40671369 427263398 347193237 255305969 958408788 342620531 407039114 594146873 345291515 113701549 449254360 429585083 75489706 507696340 969336562 899677602 611483659 446397656 238570938 606846756 728074417 23155620 909906040 666015923 669199796 266285790 449258038 238020906 532333173 982834306 384739133 11258629 107346211 852514916 196390972 910083989 832553391 116794502 421045703 867352295 973887968 72604075 371734214 596152384 625996043 45924822 92635266 581818716 301610193 70464882 982565823 552580162 928600285 594623104 414854463 687971410 142181882 833945857 342517927 78604320 35410362 709794343 150708893 379843980 105832278 925972948 520310316 570577761 728689819 576898383 779392168 827583823 670631597 33888013 528675420 509484747 857389956 197901373 188952743 171336123 566438686 32328040 546210554 16886664 457447575 443905249 414850329 158260604 157600322 959758676 573363148 445838215 577830262 312999684 315022052 403176938 168990978 879695648 197639581 427769184 940969877 542957961 588420642 479324526 791731279 845788001 437312285 643203601 674258054 938104406 525284486 349217195 608736502 398135609 751946494 651489856 83852987 556063862 274592569 839009217 862335935 68937390 314852637 315247901 61629181 339306564 632927826 765441982 27870738 946107176 406660144 678461670 983689281 942671916 867546231 226709415 284193098 93528766 147634029 550716485 260036992 998234818 906772055 164519731 418575601 66647814 457946065 268488778 251018119 887331450 806308405 387877874 161420810 918884501 688450119 748887091 242317448 398934595 226767303 852448522 702540666 729741937 327287450 198639268 357880353 778520781 383052141 134069415 600969795 255052546 229967515 987448065 613084927 738429029 547349531 898067994 725706449 365486186 91575599 169651102 772106752 516850101 5779361 920897508 176583846 611147549 125459179 848703034 803279742 667331211 409314587 457812945 487260655 376805647 722798157 731948503 15835932 325567421 772673499 180231471 175748907 32426922 813957224 428169366 71179603 416547635 858956187 157378828 501324102 596071731 198839081 206039545 351358472 279797815 337496919 151649388 653484066 536101367 937278500 406091913 662044736 804990509 341364644 140791597 233420813 837423087 500293095 140959083 945039912 670185018 194583070 303126270 726828338 49135497 770820673 836522576 894949727 191253289 578465259 711860435 76093437 725425419 105437227 404975373 233541793 607605093 168860066 138092169 153694561 930402494 590030116 984283520 985951875 407744799 376644277 304430507 262597300 738413294 181485398 756557738 34614936 213448870 49005562 134718159 497362826 6306776 949284939 979912528 705341591 109757280 509275946 370879736 391642261 321024031 306017615 519526582 184235467 444479347 725494572 625308837 764082160 747723158 874967330 422511748 746539620 201157395 513438275 479700372 844535707 275775109 12082596 951427067 33121387 509273853 938092635 151622869 244130400 417485636 747498911 585005204 554958191 12881701 327258107 722696724 427542986 582102912 685053194 376387989 997243657 431450502 323910653 458151623 544784671 409766910 686036808 853559776 914775649 901294820 705849857 629780989 792857411 569740773 964699185 291997956 674396232 906578428 179551713 920905043 292924826 954578690 753681564 296400679 577356583 56262741 390336413 388075942 359604108 666191014 550727965 932265225 336967996 519009481 579174568 80591575 916486025 502524019 417815144 166000516 668723682 726195099 166751625 383130282 889260159 411166060 656098372 773653496 920088908 806220369 246581936 341906694 614372941 588263836 283333103 942963792 790155587 803395967 636675968 682884172 250507584 403370084 647849323 364119189 380679868 788607984 949469046 45931241 363939528 380085171 150729159 5643091 113049139 623144786 164720730 872232366 348106396 42107536 881637467 734691535 959921014 130485375 959182693 372984159 121115905 237401461 550230800 561076062 528098839 368635470 529029873 764171750 868900464 242829240 906149948 16834243 738154174 420054016 703951969 174298897 718098431 408035630 230516748 699089115 95960703 413871485 927990340 627132679 977260642 118237979 171470384 929152363 600787134 85793891 508082314 144458344 260551339 747456348 460365772 593841615 136710725 449960944 94409198 495529554 974467374 965745791 433481929 447004687 539327399 847602941 933208154 496781826 94555341 449462317 557993805 184498866 878563332 488239962 944824369 342024061 645412163 287299018 817132750 84022077 407380548 705877594 60331964 52647800 564778183 323603365 978453988 395469238 615343304 205661129 763802705 486404735 184985948 238285826 744253736 75011358 677094195 708679368 679865179 47524935 480306821 988031797 146762192 662125161 120071681 538833635 449865280 477661012 125808424 107059543 43179682 962367634 169132517 335014598 80284668 622299768 884253189 598971057 698461030 806415062 134663302 455446077 231839227 50267143 199517713 87661647 605547760 119138305 351400980 949348516 707957997 306008099 11171728 900525013 415731925 737752411 403014874 609319472 418742017 154454824 179885439 165380406 252998648 526396616 211510920 763657795 676843588 218657066 165408339 32213980 295672256 320284493 553269712 818586242 478248546 890583847 423392170 4185119 310090641 621257961 783773366 760426659 326063065 134796895 846332269 748653037 40085482 8885750 607642548 861774862 292421706 762387204 648973661 432745520 827628758 749871450 886735602 682547411 539881721 693115875 776067430 458470379 349475674 608531282 91256149 758061530 578091389 665515528 146537385 696265568 327442869 768893517 938474930 576995461 615231266 496509121 801223840 543330627 726716787 121278162 942345080 731912714 101461849 905536144 932197772 185530163 20601282 297003657 662351518 606299131 827578367 182748196 768998334 599568992 145817036 576024079 944695409 195756417 793584820 179937602 768186832 944330291 884643413 426246332 731829219 545552069 54404107 514775085 80738516 450438286 174249462 167973765 942332567 702608871 411496768 164792942 416286986 164621900 744513651 977187670 319209216 502773490 675459810 688678464 686179642 750465352 590775324 779605662 6091667 68595269 62003466 670253972 928110564 837972900 976653199 294856998 379474462 678023002 497028154 782084371 802119573 695878717 748210154 311099873 94049259 478292988 582563167 805788586 852889401 616400460 277724263 28948569 511995397 23043957 583377670 662262113 34446255 662643785 435635832 298903266 917103528 838121430 87908929 776555995 840420148 459271463 409119874 63761089 70476400 801210084 848833246 986986220 441911651 544978772 557620069 150541912 421998797 101313688 673700520 52929209 671758 644120607 383565775 63336859 918342560 104014030 557054854 10653847 57108286 38932295 589394178 215649595 122197714 172954011 39904145 195210251 743256179 500614085 720025970 836449849 58877168 992647266 112469548 108988263 139636622 884837908 891344791 581935005 74312794 965064388 215879549 218583276 407655260 36487567 299035393 71457903 699503985 795639475 124924312 164511682 931168906 665164484 886512791 314064918 555722308 92456503 305849642 549800697 118174296 546655800 48544962 282582295 930060555 505325921 292509389 719363045 112516931 280494341 944641173 138974491 168428896 321441309 31271354 585585028 668730371 993970123 568885858 790965068 342826022 929424545 860388095 755624936 356381244 260271828 726771652 342868379 263768855 636106428 994750397 688024858 56319642 868122662 27297036 714385790 698383093 213051703 230754772 240487041 698881913 813256214 235639693 924776477 114678908 927520531 285409407 254999127 361087071 397582716 111730458 348986009 247358275 167558025 221265655 460681998 7892006 64576246 494915273 969416184 349772849 182204457 384054283 702073761 410123702 841007543 579169217 956439995 490529116 863644159 662025195 948663893 400116431 957353079 101023090 36207106 515823698 127664681 317393997 620982526 895093798 233545949 579988103 923358658 842447162 111992917 817843850 501266032 149792643 816424585 652486230 406245842 547018494 217175574 947495481 924464270 493767293 212265834 733098088 639595457 684435776 430107382 596451223 838448300 831317976 575138676 497557079 135927458 19684362 298738194 654984402 546927512 901248090 296685548 346705640 707888250 410789873 971067565 388093253 14673803 451339744 452812081 96101001 208065137 449000388 425958660 751991143 643192212 967827167 365070420 300676565 684001785 997594340 616802491 72831661 586124555 104269137 15228061 108657235 554383248 527090056 496177425 581144658 723939310 229709249 631084511 966377549 485374907 876299081 648967047 390436951 559996182 82068799 68105577 9831037 554588378 563481320 579606595 592905499 120624243 828911794 47974341 32719873 528821801 147081451 400561843 370532168 487483191 590503942 138168830 942089207 543239656 951614892 436976327 204198918 214523419 665582800 393227214 953314541 982165210 353842671 137307535 98784129 199721149 206258528 976048404 808060553 703857036 122732977 485560192 165527999 690590430 147990899 841788502 777464732 964237192 72037758 154200782 812043238 847799228 783814362 289522883 140175093 936051347 986406467 459361722 823883045 954624585 1350458 958982373 629769311 807950433 180742248 688515998 433553017 352528658 893943522 810322149 436947060 554532346 113554203 834470761 877303906 842824649 79545900 518614861 770503442 898561372 374563681 481194935 946845544 269524914 166383873 357330296 312904026 983102501 240203620 614393634 72062979 533073057 365054118 587004050 522644677 897866011 954872912 628467757 907849144 602773071 380790158 700235633 451209710 163248269 129580808 959965385 537328048 378185558 964774674 893701193 351119837 911782350 69530729 320430446 572671717 12241370 698142631 695675265 584698123 560785404 319445143 222810547 543452947 429586453 941293502 135239981 268533862 108759718 385637602 932930102 287314591 180478935 576591197 14931163 614275195 541593877 43830447 525325539 260378582 583070673 140945677 940857293 745652855 647433567 221370356 376682774 16513360 446695198 205156952 61767342 199682637 969297569 128392433 110921748 362004320 125916762 330461739 382414215 824922352 168967569 798846712 903446380 932321524 659270748 153768992 143071557 664045167 169686844 879029837 627207331 360151507 860179784 713168852 891609996 293521299 878483224 540896724 945199904 199661657 142321605 835997010 485273706 958032991 645171524 131816957 193328757 405130382 574470050 33728634 512399733 198851704 202493818 837399945 792892957 168734570 437215070 261875350 683947197 671632091 623121115 172488653 963308471 376093192 642380977 422702106 907465145 694734760 732071993 326712955 404934554 285100449 845848571 955835556 926619288 657297021 460325338 574192242 749184226 528786892 958152934 158610384 971735514 781362972 726980565 740019121 453112961 998958479 315461275 237000303 827139994 563059826 573134124 304688810 532734147 924690949 824986945 992455568 372862178 203261411 773134467 59637502 257530997 648473795 968378544 578392774 134670803 651329523 739028889 191423244 311777677 785687983 451552703 154400064 481071045 514314694 751765751 113065665 50296989 745268318 504513892 978330734 799688952 848667215 864224143 832842433 25544054 917534549 164887123 789269338 484863532 811210332 950672192 403424345 194244184 814746961 315557791 194679837 708788200 495056682 13543710 246006630 30096544 153266960 142688520 871768144 396925057 469060163 135237054 19651503 55641977 324339657 291693680 19237961 702526727 106401375 936172136 230507117 999357373 606756835 47323452 89117813 392642677 466373347 421264402 610987402 755207833 761195785 917355890 331670330 976522051 602532091 140922438 440270484 951585053 524474236 257210258 346617019 776852390 248952272 518709511 445797607 684033665 921262424 907084131 782540923 60043088 785630582 545026212 604252333 221890066 252487055 839538190 468046255 707803071 919444472 982783884 866166467 269114323 13794480 884587764 919583839 749049883 650048053 1556286 455633107 46384285 385489696 646875453 968911696 714264797 808805438 539030398 993757433 673281021 369093619 899168289 453623936 99136631 612026896 407890076 353091623 197968248 895143619 14154444 448292534 645552862 826747448 817366310 913214721 222021243 416140844 197442547 106474933 883657562 368798690 982518355 433368850 844292253 248742036 144174053 87712356 863289643 826450446 768099209 222849735 318212858 758052860 769901915 1224436 616744171 952118143 175291162 655955132 927762424 73112770 133546883 165743120 477052491 452154983 379192191 737171338 296064399 738987324 271967230 574425299 310720041 797373604 95884177 144267037 963232925 663105381 720665206 757001953 961339019 161205036 552231944 290394494 642074232 268509875 293244625 421446157 989830697 707494432 546922048 287125566 853540436 390312130 318151494 843219912 901915346 965311916 669450744 366577548 89436224 394769565 755520988 381961002 478255545 624144393 205797222 568592779 716642729 909398023 530368671 721403268 126196260 232590604 992349046 721047867 932051294 513989600 417076173 889458804 75934718 295795956 290884954 743830949 838870988 862674334 60375053 99465775 857546087 504386987 464291608 434673397 410332041 138974686 550888550 565415259 139117561 37955693 158346332 131768896 671780376 201014051 559470994 14232300 689162006 360570460 51918459 766598544 100457726 882811485 372299145 922223757 6545484 738551117 350559016 339570767 820531599 676182245 539102650 842079614 740013767 15188164 987550388 665225865 91343962 839930166 190140901 336392298 564583190 712975228 652583866 411881683 556995157 33908224 579552183 228489838 18226997 474422222 283288862 891533259 35230721 953874889 674819298 652932505 473674678 815548025 653677501 289437974 213982142 923028006 712151567 448536263 736902205 399348882 694073918 653924538 827607859 284314031 932498651 657031144 508630886 412433234 494542373 181027480 769726966 218139517 208163635 897358463 498975073 531571365 379142558 792628905 268234310 443250480 602681153 367418595 532807568 466792336 671309959 625527474 110749198 535552006 78979693 699000815 590639262 837059299 232570366 915333027 624263460 465287879 782208766 870010208 482920384 343273713 135919486 225312080 938583129 528375932 308740447 353597109 11848089 150318773 979375210 926298339 199621243 894291523 28603426 263498501 586107317 259636858 472783385 251996412 28914253 409985388 943474588 639493086 922933110 771151741 491355223 116462034 900879320 882714099 289521367 181709307 491870252 909038297 962422782 117377308 14305244 622914044 271553789 894887300 162984981 103172519 387684723 655358050 494804988 872713212 615019362 820684958 292177191 922482634 191050213 758481125 46709219 576689585 34041834 638525945 661488002 935377532 802266804 504189113 866523678 687298108 906744182 376135228 819312283 596606169 606821529 326112991 86021365 607043171 168427787 485698357 237636629 223464963 154180447 207366388 944724185 615213899 603560354 688531368 231353786 616872492 256578144 934979868 248694060 262408866 92676979 932983577 810400182 734811256 863276956 595561252 770855138 801832049 239531698 499024821 989107350 833367079 436926684 987958197 674081143 918490980 438956635 156643588 286615735 228974087 687558636 903285939 524537033 768448482 252519618 365285450 323617882 488061513 940070018 106964509 210312041 466265494 983014077 291230760 962982169 439890188 638490779 564012192 555181569 455309869 763083071 703156962 837631102 120941671 437933751 390555916 938119271 9124026 788030319 11930813 512391019 552409880 128476684 104163631 400995446 488452598 100280193 698823852 801065610 315276809 429207610 102336460 826605075 883150308 163529205 134812488 945677286 232609757 173655356 35820362 4964589 242194600 642351039 51622323 798238024 568741721 901073583 916993165 433679558 655683825 74314883 932832039 789234745 914746199 935398074 79853062 47096378 379656854 672705427 67311003 751773459 771339572 369073319 833151009 660618529 554870049 828861922 272404510 855613559 833949207 78847695 674604610 382071950 219871256 390837608 549810631 631468786 30319312 370120122 485205422 854626928 251740235 562460239 357847498 183809946 182583360 578329032 310436538 493858152 951358239 193982225 663407068 700842913 502005333 233476072 423917281 877551676 130096002 743123804 780765862 229259031 609145927 785447676 148442336 511175244 721144335 837295573 887589126 241147336 539156506 961121345 608391265 373774484 886543497 10504371 872959312 500439673 161764467 30375304 828813194 11211824 199644097 870754427 822782229 603978417 32929485 743866669 199670637 976355668 821401179 381478740 863976515 141815935 137822541 98319210 136791454 512048104 146493516 138404307 703377451 672603151 549651077 786311585 256626902 95838272 340733048 606919779 371698094 179736300 377346860 706819636 757406982 563414363 627323409 823883702 324549549 103689870 819150304 871135118 260885990 48421245 926320222 518164747 285629311 27624854 746002397 267026251 760271595 505925326 838360876 124977600 349079727 599563812 513830164 824017690 20407231 305727850 86853416 842011000 992197639 920700599 471102983 877926555 53136612 174353341 581637161 466578448 226664866 313241765 512101907 558567776 297215256 943814696 806051052 555405147 246923846 416066640 197857121 59873066 138263808 612563839 459717326 483676325 896310173 875699515 939764347 858427936 361644108 191965611 397334020 871206961 342785427 851591967 403229832 973932844 563932977 372989563 531318715 149535125 353098597 529678437 275223628 704165713 68282221 309843527 436046436 973010486 128822825 520016375 616554387 401557333 567431021 656314228 996543533 385615226 516005320 692890343 964205796 644438494 114200781 907583700 128647367 921805974 39744869 330744285 988214762 976193239 328379765 898491933 422288012 736923001 663828274 161205632 707871292 812264740 775507715 362279484 691741144 385113956 358660499 81538296 976242953 822969066 834861943 372626867 684708050 773603917 692570451 30997505 720256681 804955845 435708682 842251378 750441627 996913193 881223637 833581953 988166354 202088324 381045497 404354253 171188538 558307580 762451635 781665118 690961512 252805336 518230118 578820086 467064267 734756639 919636086 741186780 784757593 776554637 177945409 330796840 862470706 588358556 614364445 624032540 158817219 445294499 674866013 711218859 893071509 587380624 307468004 976314721 933966770 859300890 512374087 928755570 914384860 116915150 615934407 493795169 51014967 191439467 883963595 807354329 250123000 995527644 233601414 70937619 325959233 457194796 709786915 220645850 254004093 842232210 308069235 576903169 282572517 49488043 901066841 870463201 544864954 648987977 813792177 893534555 902160071 494487627 919409935 789424173 890572342 439244075 916540143 722159064 165989613 415864186 72555581 684247782 782341386 58252196 616053919 737308449 75444820 262762221 746288596 421429645 616116514 67068179 736666927 181852454 826303404 145635915 714557626 841363523 56807453 390680522 278256587 574168701 591263993 392263120 595420497 258896405 210682717 549019850 851980491 387026274 686638088 879811830 231589205 914195359 744218955 461643392 819440640 937649524 130143638 961197570 743134441 398078207 636076050 763296523 616137346 103244192 221027529 792698292 400381374 238455507 188143393 593882059 206632281 947727908 833729350 38078817 344639150 97213782 192455222 978333276 78539308 652228699 401468869 117056091 385223335 715950311 865603518 869405453 371511726 815685292 228020999 552015567 820069626 287526430 417049884 149761003 136624363 204519610 652067236 366945800 201907267 928735893 713340444 167881512 16467231 542698386 960284822 321744 910854611 928976639 561587832 56706454 900171956 232549319 923745220 726470094 271833181 8011448 587742932 833840308 358536110 553269393 136194535 862407155 881997156 637055069 623643624 669125922 232864597 244721889 36497232 15076080 738941376 483388584 7093623 927848234 783968387 522407360 404680965 92064221 320325852 526515602 341674661 111276017 14612979 136756374 827904292 327418934 63746026 45159470 674284127 442168487 155726684 707124427 476506402 144756544 370584832 769566500 488613111 313506625 755803244 862020929 750297353 546797309 812778626 807358012 397364876 759538979 185996136 723507759 94062040 463200177 834059155 124955758 896967534 551611290 213978063 480733069 185403418 401670687 513739755 675947882 213810163 255799899 480964821 740025777 925784337 581956291 326380314 585491846 516294514 431155394 580702082 225831239 294803646 811616492 91918440 20587404 985214979 255917014 159341804 715566653 350737764 776335810 201263095 652642950 223389547 200192185 18099169 932689830 376372166 716917835 759453136 901648996 936872268 14071783 662261689 905851750 981354429 655794038 964790729 810460721 230976695 25877929 504415135 614732209 621847113 670789043 193962159 256582229 701346672 171421064 460846285 49864008 360945406 527935989 326399454 645151977 238691784 539774672 818414994 674180691 297938775 330154945 294522235 253621280 431687503 389237047 127732823 714137578 251355525 998324311 6862671 180026606 924341689 242677560 918605769 746537139 960139426 674512465 774517856 675612707 158593210 810829029 261265607 657034159 801708523 221197368 946657828 151158005 676728340 502578755 104315 313980072 926333835 881492542 187289895 289653550 843431369 573018099 413791243 894732672 120168541 939140368 54861710 117664245 423302195 458616318 435640035 347543219 602664223 753120756 778524992 391165680 882999242 138091609 501287229 622075697 906219259 574820307 530580723 824761608 351217757 40249846 355753815 699760086 116940717 654219911 3469554 368529019 512515259 820593364 71637391 85389914 570750813 889072541 674012098 602036827 597011991 998912731 506986261 565013285 670672545 221274512 814081649 423950462 932998921 640721278 135739926 140040256 32280770 287816981 779030593 507527667 179774731 317144885 835561741 953334774 721482238 309973869 202001321 575946295 262479489 949388687 729632209 895435581 309745522 150935420 431742470 539118185 695711806 450740261 220942638 771906489 205917855 646095635 568725083 689175691 181047950 196909626 979496179 270397322 554063961 677074625 814495387 180017904 453846685 876707182 456452966 242396024 97582984 615833888 398899205 849928933 138010996 520604321 483121963 613060113 597493962 682492077 770628636 277348611 857402512 974184372 536767317 521690546 171791445 303457555 830533908 693205851 761607997 991332175 888714501 409116150 777841768 920559172 955862428 929681567 516258381 644681620 149740459 620296452 142225986 253607002 760349076 444598602 82898145 331505001 271280515 352767362 333850375 657783343 634829703 916867146 847904931 907339892 229102956 78802356 738811085 42346103 928721315 35399031 790428244 135166415 639823311 154891448 236272715 871398023 210775841 721835186 995072688 504171616 2021869 725234526 361600370 960337370 392866281 169286542 369393034 934940248 381999783 287426995 453945706 679165919 389656717 534436157 776999409 578448291 766666112 568696156 452304716 795828455 105698510 322358606 140776141 541281992 396237376 843813227 537693363 547897017 701053167 823982861 77704946 778335637 804870575 206250731 976869480 725058006 839784859 224871422 681220642 807523628 826913093 409750157 876807999 17983437 299854853 265529597 270955622 561764533 173102047 155552096 497870770 491212406 247392838 215563249 409745097 205976331 413194696 855386684 318691570 109076623 546882350 997917745 430321541 747923803 638545213 565360253 39040554 724480835 80887622 764281647 982511584 307849652 941809705 12303512 136704866 930023122 463028080 207931538 879605192 677381125 559759153 486261603 269579661 22303794 42359508 2115639 606360002 586048384 790048620 858274247 329008498 652664128 215223422 478560888 567200813 122877015 93357745 341138975 984232814 416773924 472188159 801812268 410088860 524663192 198437313 596132105 715284386 399353901 572554832 923470775 322199380 869384841 450621509 937048290 576447465 139334831 995709436 910660177 826538575 754788493 520343906 38264443 302140374 399703808 559423589 964450500 447485064 549580047 625010347 144148342 17283117 255241484 982960028 303224494 578670481 129720927 549243003 768547982 805959923 907289667 84217547 987515795 41718363 848918691 665573566 589714685 545566533 331731969 416308755 173200574 546570126 345126178 70207819 284470853 440596027 627019901 773232826 659668089 353400393 703176955 342981767 572638706 314497354 282953266 109283948 273984245 320031837 219395880 783074672 955927944 320812275 79203151 320741811 221689612 356190252 418036576 911268446 686376092 750932220 368164794 180360324 915821273 200342644 750654518 613783610 716087861 554979895 615166717 598850792 740718590 715653724 8910901 165815742 909014748 349184448 339517363 306071808 505982024 778883117 898773416 766823780 519515435 178806108 197837775 374330005 615309874 184621660 41401565 764306422 489329905 544970514 868891236 363418250 267221057 719694268 284903082 555220218 895906678 916490138 987376448 164085874 316267425 162588015 851482639 52469542 705981649 846565726 628662683 512574469 677508744 862519339 921309752 4062206 453177385 277345471 780853080 241779315 554996785 635812652 546162522 101611186 664740560 543482309 901749574 811819887 821874627 743402485 336015273 219608636 787978849 928388538 673386801 42379822 959699010 801901421 942251387 779757954 642422151 898306835 559734887 456355886 123805665 878486672 668376903 934525182 533506574 827200678 222087294 717559905 718258835 304462528 831431972 483947577 597462198 649311430 325823575 782994950 106121198 395407922 861716547 555298590 863941310 239570595 537543282 490418053 143469800 308069322 341582097 136274803 636847008 812563030 259497309 904342646 639203464 394327997 119699709 569803262 972229860 879893828 471366978 813765569 553638162 262980226 426600217 478776097 774669841 202253091 289267576 942380290 893608293 517096123 542747607 329542469 73719978 568143790 341345500 733639836 528579047 771073524 858534866 387615266 404535243 128067112 542464396 212237784 153142770 615164193 245888723 46879705 210338063 136189005 111116066 203993385 319067266 840216360 993435622 994896834 465723837 710244668 576278213 675721029 749448534 651465233 210052680 604350853 938909349 307027398 535379927 292830455 154636907 126229236 673258607 180466041 697303270 400936283 720259805 194116973 537466278 541190627 170119840 628268211 958573819 759330681 631501779 194479876 992376476 231948928 689875325 728674164 930656956 774261034 240130845 435861707 421082603 899486142 23347549 214723254 948369605 66068613 239006915 825360127 538590017 277335789 815659271 473457397 411546143 440864531 949275153 907410398 736284841 621236225 772447175 410133946 724586735 418411116 1535659 521739510 893383658 525982590 713776757 638364082 894500798 58799403 831866509 606197754 347276238 513436964 873074370 918513892 121673301 356769278 236752925 280670011 534714162 871578357 596629144 825400516 702476090 840772027 344171625 831145793 380522868 368991416 280994037 888711150 772458926 381001145 646116327 59412489 253107404 599797853 568945007 942468304 263397149 666467559 27577954 818646347 652925276 295613193 621765888 431177464 994039642 257077744 42766977 13802288 617752983 806528988 588204307 234383013 417377623 762309918 177814510 172090373 973601555 86153310 613548952 897043715 734450115 500526995 321892613 98147412 626811445 348853209 973352095 327266868 481135467 472615972 567506544 345327692 385470403 887507662 450441449 783820428 292704188 70116087 120369879 904720323 157460534 942733486 480827873 861362467 51779132 155321039 788658063 918733731 128953665 570766158 97075372 738265593 113925024 919227093 415095570 36695100 785537956 819663337 318872102 814958929 437209910 827651663 614149275 798176745 219229699 327222013 980137077 735195031 991270274 303086770 49740418 885467657 283652609 841509233 110548266 440737903 876520453 849091871 410600559 749945912 541266751 213786659 538076502 546424383 224306953 386212382 962106255 870971801 708632830 636451724 780335313 92948772 108007050 218686074 120375780 349984565 597368536 194277918 82943734 280794553 870338514 125063343 532195664 154410963 229928543 243712796 722653422 150547860 563299492 113581566 163557161 982516001 754928242 567691469 886062600 881462099 710348359 91321636 436469620 971280326 86298048 268896426 973610542 690523855 197776526 523920136 25621992 422322769 171316543 864717242 273976107 391016178 291624582 130048383 95933479 553483969 594183202 964935956 619097296 431984053 800057823 785206361 336192208 961867998 889839128 500754967 680418205 816907286 670209570 923874633 849315737 597668844 936007201 452759845 335006108 506520512 719485368 694164726 214105500 891100447 880505372 966023881 662788594 913510417 925340709 784747015 762628339 815098746 900773823 510594299 698832689 602087748 230066651 975942648 472968896 453688700 819640791 972194360 184154867 532192418 671290785 852699373 589074306 684345687 752502405 317004953 810289629 142463106 273235075 398330404 617975296 798530767 153702902 852655687 206880529 577077173 113021710 47395763 425270541 920402737 623930967 333629680 775813910 402134796 244319963 124171853 636189589 770532191 443469807 703380663 840541676 459334066 619128491 492465187 447550542 112073965 867804965 526948808 366275743 670145399 827114349 650940243 973523319 150686702 478262849 512936 134151918 876226918 175266801 765802883 949246726 870075835 680395146 291123967 210256092 289248464 865518138 655323707 309928626 181489562 183673109 335548360 251870118 656600504 680952353 106996045 105251606 123075356 384166279 120372045 87293711 351070778 985087149 865151545 945530581 855167663 741525522 364657021 518562795 519127194 539706106 572433313 712824811 790046955 220883368 857701192 484827089 989612870 546540520 125507375 478388991 280798828 881866998 853406667 180394520 805578775 491120244 550922141 24308772 531217719 548883358 981110447 161974975 15312099 770435701 354053285 717840518 385290402 554620645 204842221 212782138 385860786 424755535 856551932 576065995 434758154 872108687 895859874 868599173 269454032 158826182 82873584 844808989 213234013 379198567 381453785 168042333 615423769 863455359 102451114 659860822 340973638 791692636 435648961 598312384 447828495 638113046 432687218 770311764 385860381 868648771 497877308 847199459 84472517 246393136 879900074 189419200 296147952 81558192 920203966 861195202 186031881 234519556 474479940 220918787 48597659 8697875 134481047 89726585 290423847 107635826 271415203 847373834 939224079 499828071 736092781 92486488 614777965 779772612 724530803 47552077 367754348 431121650 61916271 183426055 812571945 542646999 530828082 680178138 248621822 5784479 183297329 256005213 276789808 874143728 401289089 610341680 673608098 678983694 743857988 314147085 940446852 55266102 582209227 458571260 727469899 745898354 860594958 820218876 508326941 417497076 225910089 121051098 393227953 959477294 449295315 565077919 302814307 2712194 391413165 280650109 289578525 931611318 357566128 330473237 630305758 458212431 562172499 177401597 398157007 200671769 238011434 588206417 290391113 806853592 768125944 344137212 454827058 701864091 762786028 680579956 320072991 778166620 848294237 396801528 445737491 268740784 798075092 896763668 72048695 313705421 408581956 460532930 193062645 431281697 442868455 305815888 275830555 481994600 680559548 548902859 420844171 301711036 745803181 669739900 588277978 234137424 153068167 226317955 374091797 682576180 430708327 440687240 348950604 115765379 880885022 526405478 543765263 934438953 281534476 366150036 193768976 612831667 662781234 210856506 117685161 27238491 554056150 440406165 428245541 661252614 854064294 48043712 131508598 275373306 604777323 585481303 239369439 856991598 996767374 306201654 270846824 84893527 941735031 930972222 617943422 179643858 710116583 999200955 131427456 788103961 750392377 930029284 782503899 416102795 943409092 842760640 725019219 849790184 764150129 426379209 550643071 673804301 502011579 195749117 654438866 343894408 952474603 705680904 555812134 640749848 609613425 549424962 168857543 585613038 674800964 600356251 256960241 279890473 4226716 131363245 16654070 166539030 879367139 835425030 601638575 645754210 676560585 900539665 547534349 731097068 478639033 908924095 514258951 291709300 312759791 643076050
0 1 1 0 1 1 0 1 1 1 1 0 1 1 0 0 0 1 0 0 0 1 1 1 1 0 1 0 0 0 0 1 1 0 1 0 0 0 1 0 0 1 1 1 0 0 1 0 0 0 0 1 1 0 1 0 0 1 0 1 1 1 0 0 0 1 1 1 0 0 0 1 0 0 1 0 0 1 1 0 1 0 1 0 1 0 1 1 0 1 0 0 1 1 0 1 0 0 0 1 1 1 0 1 0 0 0 0 1 0 0 1 1 1 0 1 0 0 1 0 0 0 0 0 1 0 0 1 1 0 1 0 0 1 0 0 0 1 1 1 0 0 0 0 1 1 1 0 0 1 0 0 0 1 1 1 0 0 1 1 1 0 0 0 1 1 1 0 1 1 0 0 1 1 1 1 0 1 0 0 0 1 0 1 1 0 0 1 0 0 0 1 1 1 1 1 0 1 1 1 1 0 0 0 1 1 1 1 0 0 1 1 0 0 0 0 1 0 1 1 0 1 1 0 1 0 1 1 1 0 1 1 1 1 1 1 1 0 0 0 1 0 0 1 1 1 0 0 1 0 0 1 0 0 0 0 0 0 1 1 0 1 0 1 0 0 0 1 1 1 0 0 1 1 0 0 1 1 0 1 1 1 0 0 1 1 1 1 0 0 1 1 0 1 0 0 1 1 1 0 0 1 0 0 0 0 1 1 0 0 0 0 1 1 0 0 0 0 1 1 0 1 1 0 0 1 1 1 0 0 1 0 0 0 1 0 1 1 0 0 0 1 1 1 0 1 1 0 0 0 0 0 1 1 0 0 0 0 1 0 1 0 0 1 1 1 1 1 0 1 0 0 1 1 1 1 1 0 1 0 0 1 1 1 1 1 1 1 0 1 0 0 0 1 0 0 0 1 1 0 1 0 0 0 0 1 0 1 0 0 0 0 0 1 1 1 1 0 0 1 0 1 0 1 1 0 0 1 0 0 0 0 1 0 0 1 0 1 0 1 0 0 0 0 0 0 1 0 1 0 0 1 1 0 0 1 0 0 0 1 0 0 0 0 1 0 1 0 1 1 1 0 1 0 0 1 1 0 1 1 0 1 1 0 0 0 1 0 0 1 0 1 1 1 0 1 0 0 0 0 0 0 1 1 0 0 1 0 0 1 0 1 1 1 1 1 0 0 0 1 1 0 0 1 1 0 1 0 0 1 1 0 1 1 0 0 0 1 1 1 1 0 0 0 1 1 0 0 1 1 1 1 1 0 0 1 0 1 0 1 0 1 0 0 0 0 1 1 1 1 0 1 1 1 1 0 1 1 1 0 1 0 1 1 0 0 0 0 1 0 1 1 1 1 0 0 1 1 1 1 0 0 0 1 0 0 1 1 1 0 0 0 0 0 0 0 0 1 1 0 1 1 0 1 1 1 0 0 1 0 1 1 1 0 1 0 0 0 1 0 0 0 1 1 0 0 0 0 1 0 1 1 0 1 1 0 1 0 0 1 1 1 0 0 1 0 0 0 0 1 0 1 1 1 1 0 1 0 1 0 0 0 0 1 0 0 0 1 1 0 0 0 1 1 0 0 1 1 1 0 1 1 0 0 0 0 0 1 1 1 1 0 0 1 0 1 1 1 0 1 1 1 1 0 0 1 0 0 0 0 0 0 1 1 0 0 1 1 1 1 0 0 0 0 1 0 1 0 1 0 0 1 0 0 1 1 1 0 0 0 1 1 0 0 0 1 0 0 0 1 0 1 1 0 0 0 1 1 1 0 1 1 0 0 0 0 0 0 0 1 1 1 0 0 0 1 0 0 0 0 0 1 1 1 0 0 0 0 1 1 1 1 1 0 1 0 0 0 1 1 1 1 1 0 1 0 1 0 0 0 1 0 0 0 1 1 1 0 0 0 1 1 1 1 0 1 1 0 0 0 0 0 1 0 1 0 1 1 1 0 1 1 1 1 1 0 1 0 1 0 1 0 0 1 0 1 0 0 1 0 0 0 0 0 0 0 0 0 1 1 1 0 1 0 1 0 1 0 0 1 1 1 0 1 0 0 1 0 1 1 1 1 1 0 1 0 1 0 0 0 0 1 0 1 0 1 0 0 0 0 1 0 1 0 1 0 0 0 0 0 1 0 0 1 0 1 1 0 1 0 0 0 1 1 0 0 1 0 0 0 1 0 1 1 0 0 0 1 0 0 0 0 0 1 1 1 1 1 0 1 1 1 0 1 0 0 0 1 0 0 0 0 1 1 1 1 1 0 1 0 1 0 0 0 0 1 0 1 0 1 0 1 1 0 1 1 1 0 0 1 0 1 1 1 0 1 0 0 0 1 1 0 1 1 0 0 0 1 0 1 0 0 1 1 1 0 1 0 1 0 0 0 1 0 0 0 0 0 0 1 1 0 1 0 1 0 1 0 0 1 0 1 1 1 0 1 1 1 1 0 1 0 1 1 1 0 1 0 1 0 1 0 1 1 1 1 1 0 0 1 0 1 0 0 1 0 0 0 1 1 0 0 1 1 0 0 1 1 1 0 1 1 1 0 1 0 0 0 1 1 1 0 0 1 0 1 1 0 1 0 0 1 0 0 1 1 0 1 1 0 0 0 0 0 1 0 1 1 1 0 1 1 1 1 0 0 1 1 1 1 1 1 1 0 0 0 1 0 1 0 1 1 0 1 0 1 0 1 1 0 0 0 1 1 1 1 1 1 0 0 0 1 0 1 0 0 1 0 1 1 0 1 1 1 0 0 1 1 0 0 0 0 1 1 0 0 1 0 1 1 0 0 1 0 1 1 1 1 0 1 1 1 0 1 0 1 0 0 0 1 1 0 1 1 0 1 1 0 1 0 0 0 0 0 0 0 1 0 0 0 1 1 0 0 0 0 1 0 1 0 0 0 0 0 1 1 1 0 0 0 1 0 0 1 0 0 0 0 1 0 0 1 1 0 0 1 1 0 0 1 1 1 1 0 0 0 0 0 1 0 1 0 1 0 1 0 1 1 0 1 1 0 1 1 1 1 1 1 1 0 0 1 1 0 0 0 1 1 1 1 0 1 0 0 0 1 0 1 1 1 0 0 0 0 1 0 0 1 1 1 1 1 1 0 1 1 1 0 0 1 1 1 1 0 0 0 0 0 1 0 0 1 1 0 0 0 1 1 1 0 0 1 1 1 0 1 0 0 1 1 0 0 1 0 0 1 1 0 1 1 1 0 1 1 1 1 0 0 1 1 1 0 1 1 1 0 1 0 0 1 1 0 0 0 0 1 1 0 0 1 1 0 1 0 1 1 1 1 1 0 0 1 0 0 1 1 1 1 1 0 0 0 0 0 0 0 1 1 0 0 1 1 1 0 1 1 1 1 1 1 0 1 0 0 1 0 1 0 1 1 0 0 0 1 1 0 0 0 0 0 1 0 0 0 0 1 0 0 0 0 0 1 1 1 0 0 0 1 0 0 0 1 0 0 0 1 0 0 1 0 0 0 0 0 1 1 1 0 1 1 1 0 0 0 0 0 0 0 0 1 0 1 0 1 0 0 1 0 1 0 0 0 1 0 1 1 0 0 1 1 0 0 0 0 0 1 1 0 0 0 0 1 1 1 1 0 1 1 1 0 1 1 1 0 1 1 0 1 1 1 1 0 1 0 1 1 1 0 1 0 0 0 1 0 0 0 0 0 1 1 1 1 1 0 1 1 1 0 0 1 1 1 1 0 0 0 0 0 0 0 0 0 0 0 0 1 1 0 0 0 0 1 1 1 1 0 1 0 1 1 0 0 0 0 0 0 0 1 1 0 0 0 1 1 0 1 1 0 1 0 0 0 1 0 0 1 1 1 1 0 1 0 0 1 0 1 0 1 0 1 0 0 0 1 1 0 1 1 1 1 1 1 0 1 0 0 0 0 1 0 1 1 0 1 0 1 1 0 0 0 1 0 1 0 0 0 0 1 0 1 1 0 1 1 1 0 1 1 1 0 1 0 1 1 0 1 1 1 0 0 1 1 1 0 0 0 1 0 0 0 0 0 1 1 0 0 0 1 0 0 0 0 1 0 1 1 1 1 0 0 0 0 1 0 1 1 0 1 0 0 1 0 0 0 1 0 1 1 0 0 1 0 1 1 1 1 0 0 1 1 0 0 1 0 1 1 1 0 1 0 1 1 1 1 1 0 0 0 1 0 0 0 0 1 1 0 1 1 0 1 0 0 1 0 0 0 1 1 1 0 1 0 1 1 1 0 1 1 0 0 1 0 1 0 0 0 0 0 1 0 1 0 1 0 0 0 0 1 1 0 1 0 0 0 1 0 0 0 0 0 1 0 0 1 1 1 1 1 1 0 1 1 1 1 1 0 1 0 0 1 0 0 0 0 0 1 1 0 0 1 1 1 0 0 0 0 1 1 1 0 0 0 0 1 1 0 0 1 1 0 1 0 0 0 1 0 0 0 0 0 1 0 1 0 1 0 1 0 1 1 0 1 1 1 0 0 0 0 1 0 0 1 1 0 0 0 1 1 0 1 0 0 0 0 0 0 0 0 1 1 0 1 0 1 0 1 0 0 1 1 0 0 0 1 1 0 0 1 0 0 1 0 1 0 0 0 0 1 0 1 0 0 0 1 1 1 1 1 0 0 1 1 0 0 1 0 0 0 0 0 1 0 1 1 1 1 1 1 0 1 1 0 1 0 0 0 1 0 0 0 1 0 0 0 1 1 1 1 1 1 1 1 1 1 1 0 0 0 0 0 1 0 1 1 1 1 1 1 1 0 0 0 0 1 1 0 0 0 0 0 1 1 0 0 1 1 0 1 1 0 0 1 0 0 0 1 1 1 1 1 1 1 1 1 1 0 0 0 0 0 0 1 1 1 1 0 1 1 0 0 0 0 1 0 0 0 0 0 1 1 1 0 1 1 1 0 1 0 1 1 0 0 0 0 0 0 0 0 0 0 1 0 1 0 1 0 0 1 1 1 1 0 0 1 0 0 0 0 1 1 0 0 0 0 0 1 1 1 0 1 0 1 0 0 0 1 0 0 1 0 0 1 0 0 1 0 0 1 1 1 0 1 1 1 1 0 0 1 0 1 1 1 1 0 1 1 1 0 1 1 1 0 1 0 1 0 0 0 1 1 0 1 1 1 0 1 1 1 1 0 0 0 1 1 0 1 1 1 0 1 0 1 0 0 0 1 0 0 1 0 1 1 1 0 1 1 0 0 0 0 1 0 1 1 1 1 0 0 0 1 0 1 0 0 0 1 0 1 1 0 0 1 0 1 0 0 0 0 1 1 1 0 0 0 0 0 1 1 0 1 0 0 0 1 0 1 1 0 1 1 0 0 0 1 0 1 0 0 1 0 1 0 1 0 1 1 0 1 1 0 0 0 0 1 1 0 0 0 1 0 0 0 1 1 1 1 1 0 0 0 1 0 1 0 1 1 0 1 1 1 1 1 0 1 1 1 0 0 0 1 0 1 1 1 0 0 1 1 0 1 1 1 1 1 1 1 0 1 1 0 0 1 0 1 0 0 1 1 0 1 0 1 0 1 0 0 0 1 0 1 1 0 0 1 1 0 0 0 1 1 0 0 1 0 1 1 1 1 0 1 0 1 1 1 1 0 0 1 1 1 1 1 1 1 1 1 1 1 0 0 0 0 1 1 0 0 1 1 0 1 0 1 1 1 1 0 1 1 1 0 1 0 1 1 1 1 1 1 1 0 0 0 1 1 0 1 1 1 0 1 0 1 0 1 0 0 0 0 1 1 0 1 1 0 0 0 0 1 1 1 1 0 0 1 1 0 0 0 0 1 1 0 1 0 0 0 0 0 1 0 0 1 1 0 1 1 1 0 1 1 0 0 1 0 0 0 1 0 0 1 1 0 0 0 0 0 1 0 1 1 1 0 0 0 1 0 0 0 1 0 1 0 1 0 0 0 1 0 1 0 0 0 1 0 0 1 0 0 1 0 1 0 1 0 1 1 0 0 1 0 0 0 0 1 0 0 1 1 1 0 0 1 1 1 0 1 1 1 0 1 0 1 1 1 1 1 0 0 0 1 0 1 0 1 1 1 0 0 1 1 1 1 0 0 0 1 1 1 1 1 1 1 1 0 1 1 1 1 0 1 0 1 0 0 0 1 0 1 0 1 0 1 1 0 1 1 1 0 0 0 1 0 0 1 0 1 1 1 1 0 1 1 1 0 1 0 0 0 1 1 0 1 1 0 1 0 0 1 0 1 1 1 0 0 1 0 1 1 0 0 0 0 1 1 0 1 0 1 1 0 1 1 1 0 0 0 0 0 0 0 1 1 0 0 0 0 1 0 1 1 0 1 1 0 1 1 0 0 0 1 0 1 0 0 0 1 0 0 1 1 0 0 1 1 0 1 1 0 1 0 1 0 0 1 0 0 1 1 0 0 1 1 1 0 0 0 0 0 1 0 1 1 1 1 0 0 0 1 0 1 1 0 1 0 0 1 0 0 0 1 0 0 1 1 1 1 0 0 1 0 0 1 1 1 0 0 0 0 0 0 1 1 1 1 0 0 0 0 1 0 0 1 0 0 1 1 1 1 0 1 0 0 0 1 1 0 0 1 1 0 1 1 1 0 0 1 0 0 1 0 0 0 0 1 1 0 0 0 1 1 0 1 0 0 1 1 0 0 1 0 0 1 1 0 1 1 1 0 1 0 0 1 0 0 1 1 0 1 1 0 0 0 1 0 0 0 1 1 1 1 0 0 1 0 0 0 1 1 1 0 0 0 0 1 0 1 1 0 0 1 1 0 1 0 0 0 1 1 1 1 1 0 0 1 0 0 1 0 1 1 0 0 1 0 0 0 1 0 0 0 0 1 0 0 0 0 1 0 1 1 0 0 1 0 0 1 0 0 0 1 1 1 1 0 0 0 1 1 0 1 0 0 0 1 1 1 1 1 0 1 1 1 1 1 1 0 0 0 1 0 0 0 0 1 0 0 1 1 1 1 0 1 0 0 1 1 0 1 0 0 0 1 1 1 0 1 0 0 1 1 1 0 0 0 1 0 0 1 0 1 0 1 0 0 1 0 1 0 1 1 1 1 0 0 0 0 1 0 0 0 1 1 1 1 1 0 1 1 0 0 0 1 1 0 1 0 1 0 1 0 0 0 0 1 1 1 0 1 1 0 0 0 1 1 1 0 1 1 0 0 1 1 0 1 1 0 1 1 0 0 1 0 1 1 0 1 1 1 1 0 0 0 0 1 1 1 1 0 1 1 0 1 0 0 0 0 1 0 0 1 1 0 0 0 0 1 0 1 1 1 0 1 0 0 1 0 0 0 0 1 1 1 1 0 0 1 0 0 1 1 1 0 1 0 0 0 0 1 0 0 1 1 0 1 0 0 0 1 0 1 1 0 1 0 1 0 0 1 1 0 0 0 0 1 0 1 1 0 0 1 1 1 1 1 1 0 1 0 1 1 1 1 0 1 1 1 1 0 0 1 0 0 0 0 0 1 0 1 1 0 0 1 0 0 0 0 0 0 0 1 0 0 1 0 0 1 1 0 1 1 0 1 1 0 1 0 1 1 1 0 0 1 1 0 1 0 0 0 1 0 1 1 0 1 0 1 0 1 1 1 0 0 1 0 1 1 0 1 0 0 0 0 0 0 1 1 0 0 1 1 1 1 1 0 0 1 0 1 1 0 1 0 0 0 0 1 1 1 0 0 1 1 0 1 1 0 1 1 0 1 1 0 0 1 0 1 1 1 0 0 1 0 0 0 1 1 1 1 0 1 0 1 1 1 0 1 1 1 1 1 0 0 1 0 1 1 1 1 1 1 0 0 0 1 0 0 1 0 0 1 0 0 1 1 0 0 0 0 0 0 0 1 0 1 1 1 1 1 0 1 1 0 1 1 1 0 0 0 0 0 1 0 0 0 1 1 1 1 1 1 0 1 0 1 0 0 0 0 1 0 0 1 1 1 1 1 0 1 1 0 0 1 0 1 1 0 1 0 1 0 1 0 1 0 0 0 0 0 1 0 1 0 0 0 0 0 0 0 1 1 0 0 0 1 0 0 0 0 0 1 1 0 0 1 0 1 1 0 0 0 1 1 0 0 1 1 1 0 1 1 0 0 0 0 0 0 0 0 0 1 1 1 0 1 0 0 0 1 0 0 1 0 0 1 0 1 1 0 1 1 1 0 0 255
2507
3371
947
1414
593
734
1583
324
2262
1122
2942
1719
2149
142
2488
930
1649
2624
863
2980
2643
274
80
1702
1870
567
1854
2596
1860
872
2121
177
2292
1352
3187
412
1723
3200
2002
2799
2275
1599
1866
743
418
77
1991
1300
2200
3223
1004
1656
52
762
36
2218
2914
229
752
1065
1465
3389
3161
1169
1464
3485
699
326
2742
2688
3155
2702
403
3426
3516
884
1509
1005
375
1215
65
1502
3092
189
2883
3363
288
927
2066
1695
1431
2830
1090
266
543
212
78
2337
1223
3504
995
1807
89
304
3530
2472
3578
3623
2491
1062
3481
885
2698
1948
1485
938
384
3518
2974
1747
1779
74
1906
1415
3110
3418
1659
3254
650
565
703
417
144
1793
588
1709
713
411
2091
2295
2502
3333
2130
1144
361
1247
1523
2030
138
1365
2331
3570
1766
3281
2074
1072
1926
318
620
381
2159
1238
3244
2151
2522
2106
1907
1200
839
2244
1666
1221
1984
962
2523
2410
931
650
746
655
400
2114
2305
1752
2907
1307
564
2439
462
1676
431
1868
2371
1292
1179
2741
243
3456
282
593
2440
1029
1449
1823
3367
1231
2433
514
2124
1695
542
1776
2666
1848
2557
1684
2900
3572
2983
1648
156
2147
836
2624
498
2560
1258
3476
1876
2677
876
1003
1280
1212
110
96
2904
1840
2314
3534
2678
675
1676
2508
2120
438
796
744
730
2632
872
3528
874
227
235
3470
2852
132
1506
2686
2463
2356
100
1854
1464
2868
2273
180
1447
2425
786
962
3040
185
1020
1726
1013
302
2062
1414
1100
2351
3141
2579
2062
2268
3200
2167
3177
2281
3320
1223
2712
3554
1378
695
1717
208
274
747
2287
3349
2191
722
1349
3596
2037
1882
704
3533
2822
935
783
3097
2923
2640
1700
430
495
3077
2066
1974
1576
680
2034
497
286
747
341
1423
2401
2271
2935
493
215
2861
1875
1880
3073
1324
2520
925
14
2436
177
1072
1194
1305
343
3463
1191
57
961
2656
1506
1298
188
533
2972
2291
3616
2114
2532
2443
278
954
2462
2640
829
1304
1153
1759
477
2567
1420
362
1180
3197
2122
2442
1456
2179
1727
3040
1579
1736
814
1382
135
2161
3605
1415
1879
320
205
211
2396
1041
891
1579
1954
1563
2850
3347
2167
178
2005
2453
3431
3238
3439
3013
2920
419
1666
1024
720
3531
849
1208
3436
2512
1058
74
330
87
3249
791
1101
182
3465
1702
182
3101
2495
1231
826
1615
1244
438
2116
2812
3174
3437
450
3402
1455
3004
74
1624
1022
1707
3555
1724
2522
3059
350
3314
1289
93
2800
1813
1061
860
2823
2767
109
3268
1977
2422
2017
2460
3553
1878
1754
1128
1540
2662
2831
1090
841
48
684
1604
1356
3264
2290
1316
262
239
245
1848
3082
433
1988
426
3351
357
2630
347
2266
1239
2682
398
1080
3623
938
3540
1936
1963
1093
2787
3027
883
2779
2138
2151
868
1249
1927
3570
2579
1162
3452
1901
470
727
779
2586
2707
114
2947
21
2424
449
2993
2209
1486
1882
1974
2856
1356
2621
219
79
535
1243
3453
3320
515
1528
2511
2591
649
82
79
2517
2904
2932
2783
779
933
227
2669
3119
1225
2305
1709
2399
1023
2478
3573
1720
582
273
52
3399
1253
745
482
1714
1500
1605
441
965
2021
971
2799
2389
2907
1200
2448
1447
723
267
1007
252
3212
2756
1274
2916
1844
1522
1356
1095
856
2601
783
3469
1704
2734
343
2565
426
1260
2363
3179
1883
110
2456
317
1421
1963
2468
235
2431
1032
1812
2219
2881
443
1497
728
3581
750
389
780
3553
1640
320
2585
1718
794
1768
835
913
2607
1632
3076
535
212
3373
118
188
2164
3483
1378
206
260
2283
1164
957
1544
2229
2825
476
2406
3027
2457
2959
297
1442
391
2259
2124
16
2075
1040
2934
3450
1078
1080
1621
2779
2290
2932
2992
3008
3594
2513
1518
2715
2250
3000
2099
484
985
1465
2894
1305
1266
2716
2554
1963
263
1868
1272
1354
3581
1876
3064
1877
2887
735
2430
620
639
237
2299
1870
1196
2162
2267
2076
1678
1091
1935
1392
1163
3198
2414
2439
1085
2334
1500
326
2152
638
2387
2973
923
1853
2236
747
248
1640
2655
505
1577
3286
1877
909
2352
1847
2253
1914
23
432
387
1885
1518
963
3611
68
2819
2630
2067
502
2375
3425
2291
305
1753
186
3516
898
2204
336
543
776
637
847
3526
3157
2415
2117
155
2266
1927
607
3028
509
3405
2429
798
2594
1504
2258
3383
438
2386
410
1675
2534
1245
2354
3145
940
577
2824
3398
179
2143
1358
3333
1526
2939
1396
3410
986
312
1028
1071
1714
1785
747
712
1046
2477
1488
1529
2190
636
3517
1938
2828
1126
739
1043
1499
274
1259
2078
2477
767
2824
2907
3484
3518
160
2353
1991
506
1494
1712
3007
2546
2317
666
706
807
1251
1206
479
140
927
3169
2124
1580
2059
1797
1280
614
578
771
2273
135
3581
235
871
1159
1026
1864
939
1563
1768
798
412
2740
709
93
2022
377
795
2708
2631
1352
587
2127
2111
1367
824
384
1695
3523
3208
2349
778
2811
2988
2724
2316
3392
593
2289
199
3534
2407
570
132
1206
3435
399
3215
1844
2637
2906
2358
920
2827
2463
3287
688
572
2367
1558
1714
1984
1715
2456
3467
988
1963
1563
2063
2965
3115
3124
254
2332
61
1630
166
2695
608
1402
2613
2622
1448
3571
3250
270
2471
674
2854
2468
1980
620
1970
2992
3551
955
3130
2697
2181
1420
3523
389
2952
722
2870
3561
2374
175
810
2211
3486
1047
1118
3235
618
3190
410
710
2109
2385
2412
3312
3580
1459
1048
3013
439
613
3223
545
2765
20
1587
2564
150
1836
1582
1431
508
3024
2905
1926
976
1720
462
3140
3619
5
2294
2417
2659
1379
2728
1584
2292
1986
3063
1678
2799
1190
1593
2527
2621
3441
2817
3569
2704
1518
1608
1830
736
1819
1834
800
1449
3445
3219
2529
963
1318
1797
1128
1989
1862
30
804
564
3230
2078
248
857
2215
2902
2355
1644
3460
82
3612
1689
1531
156
2696
3099
1259
2741
491
2138
2792
268
2919
186
415
944
3179
2206
2282
1417
1212
2744
2729
2054
753
3210
708
3380
2810
1431
2489
1313
2849
2659
2341
112
730
2855
2741
3147
687
2958
957
2921
2879
3047
2667
1994
956
1917
1561
3220
3456
499
574
2029
1732
3480
1712
2837
795
2378
2197
2954
3531
1883
2212
776
3401
567
3599
2026
2371
1596
2816
2790
1995
2031
2415
2409
2239
419
3026
1990
218
597
3134
1277
2540
2006
2861
2203
3338
2538
1649
3110
2635
1684
2142
2969
2573
2770
106
646
716
2443
871
3456
861
748
3128
1925
2709
3201
1427
1792
1077
1749
2465
545
2051
2847
2626
2901
2588
1958
339
2392
2461
3118
2724
891
720
247
981
976
3322
1238
2806
650
1751
1646
1452
934
163
3571
1356
1707
2109
1424
2859
3243
2798
1177
3461
2186
2269
2872
3447
2683
677
284
2146
1676
1188
1197
315
3177
1375
3475
2244
989
3519
917
2388
1022
1363
2649
622
928
173
3565
2719
17
895
1127
1485
490
2677
2878
2660
3380
1753
321
3336
2388
2374
1164
2615
3049
1690
798
306
151
1177
2240
1341
515
461
888
902
2804
1894
2613
72
607
832
2641
3114
1604
1168
3466
2459
249
453
1206
3156
1302
3240
116
905
17
2209
828
1766
3128
714
2641
737
1462
3511
2372
1546
2328
2446
1122
2763
1272
952
3565
2635
574
116
565
168
1124
2401
2038
2285
2262
2946
236
1974
1157
1625
3087
988
1835
1788
454
2270
1349
529
942
2173
3135
1171
1152
1713
712
175
296
2073
3455
920
1574
2220
2203
2068
2753
2109
91
2006
1611
1584
868
1538
3012
148
2126
2235
807
1414
471
3412
1660
3532
1488
2581
1822
1798
2959
898
1602
1970
966
3182
475
201
642
2912
47
1637
1952
1597
3018
2037
2097
329
2556
1899
1007
550
286
2368
2841
3183
2071
132
3447
597
1384
2796
2906
974
2700
3195
2058
2740
202
85
1940
3036
3512
3298
739
3036
219
1831
2147
941
3329
3411
677
580
823
3252
1009
6
2759
1117
2232
2951
3176
3012
2343
778
1204
1777
433
3362
1979
1964
887
1319
1384
1032
2102
499
127
2301
114
2697
3167
3274
2305
1367
3451
202
1768
2220
2810
385
2674
483
1581
1647
2578
311
1274
1357
3194
2485
968
1343
1233
3454
629
1302
2673
3296
875
2860
3041
1575
269
2225
1748
1531
2891
852
1195
1178
2009
1274
1764
3046
1087
298
1365
2482
1485
2187
2881
1000
2580
3391
3480
3403
3207
2602
1677
1861
1986
978
2238
730
374
3294
1906
1576
171
2731
3043
96
1378
168
361
2058
3511
349
935
3512
3454
1174
2906
1519
3190
2684
250
3368
1126
217
2562
3114
1363
530
696
3253
3379
918
1007
1850
3430
1909
898
3090
3052
3024
1265
2875
784
261
1468
2578
3560
1798
3409
760
1691
3272
823
1085
1599
3540
164
640
145
868
529
3349
3119
2826
2606
1369
984
1751
2748
3162
87
3306
332
2566
3394
1736
440
2726
1314
1681
795
3119
694
961
1758
1681
3015
1321
737
763
1522
210
606
1389
382
1996
2790
1660
3375
2024
2352
1448
1581
1651
3214
2777
963
2343
43
1402
2056
3512
2983
2420
2677
3123
1018
910
2608
873
2129
3578
1872
163
548
427
11
2608
1502
3062
754
1992
825
1316
2537
3440
3547
3426
2136
2928
1211
350
873
3619
2920
2575
1348
1014
1800
2179
650
2574
1378
3039
1726
228
805
2358
2450
1718
1312
2789
3301
2146
728
356
3220
519
867
2819
451
233
3427
246
2864
3194
2628
385
1698
1749
1469
1905
3391
2718
2387
2689
282
2649
1256
1275
2576
2923
1044
2812
1172
239
1737
147
739
730
1895
1606
1596
1789
77
2813
897
385
1520
279
225
1577
2100
3411
2319
2335
2933
2700
291
957
1380
691
2122
1193
2998
63
2080
2037
1161
517
557
438
777
3096
2976
2240
2051
511
1343
548
152
5
90
123
752
3023
2056
2220
3032
65
2055
3391
1728
2767
937
3395
1805
327
2797
3242
3103
3199
1764
2539
235
1
1132
3109
1109
643
1208
337
2687
838
614
2213
30
1937
1085
767
924
2363
1178
2562
3336
2369
3397
340
1903
1135
443
168
912
620
694
530
2042
457
317
3353
1753
1456
274
2183
160
332
2950
7
1699
142
974
3064
2226
2928
991
3383
878
2966
1946
3537
1818
2555
1962
1267
1955
1844
788
1750
2261
2314
2032
2037
3544
3430
2981
1534
3473
2845
3480
3532
3043
1181
3325
268
642
2636
81
1301
1941
1642
1184
143
244
1226
2162
1459
246
3055
719
2944
999
3129
2543
1394
2492
2630
284
75
576
1930
3176
1093
3009
3096
1469
710
3590
1838
1718
3352
1824
786
241
1905
312
748
2659
1647
205
2249
206
2148
2637
3542
441
2165
2542
116
968
1163
797
868
2058
1882
3619
3307
3209
1442
3112
1563
110
1449
1060
245
1252
3368
3260
486
925
1627
3337
3098
1067
1555
1653
2943
1700
3360
2852
2196
2097
3157
1353
104
3125
2859
3301
1122
2129
1780
358
1348
342
1029
1145
293
277
1366
2138
477
2689
3451
1618
3191
1974
448
3377
433
3024
2506
2535
828
33
3147
3500
1982
1529
567
1823
1987
321
2385
766
2985
1041
3389
3155
75
633
17
2301
2546
1992
2244
807
3241
1503
1896
1612
2940
2606
1254
1064
2926
854
1607
1630
2926
894
1077
3554
1918
3553
3070
101
14
962
2798
3162
952
3347
1978
1053
3498
920
1255
585
1742
513
1895
1322
1947
2453
1271
529
2580
1631
3397
709
1523
2928
1666
2079
1914
2606
997
756
2699
2077
2213
1790
3451
1033
1528
2278
2451
3441
974
1516
2664
2582
1479
1522
2933
569
2967
3008
65
1349
689
16
2933
1030
1636
1390
2193
2722
2102
1836
124
3126
2068
2054
3079
1238
513
1744
96
52
2720
679
2760
648
2434
541
257
829
3320
3534
2279
219
2692
2019
2818
678
701
440
2173
2968
1710
2892
3576
642
1913
534
184
668
3232
136
1194
1505
632
2612
2757
699
1388
2776
931
380
1605
3173
1644
1751
2739
2286
2941
3133
2281
1039
550
2455
3508
1359
2114
1881
2578
750
3459
322
1746
129
1989
678
3404
3432
800
2793
3516
2986
2521
3588
1523
2559
546
3021
395
862
2839
2507
2165
1578
3149
672
1571
2418
2500
2387
3437
1693
3136
1124
2069
2899
1620
2078
3126
1206
1927
2655
318
2998
3450
1659
2041
3617
3177
2679
1512
317
3275
2220
2830
1518
1775
3241
753
1733
2270
15
108
1726
2283
615
1235
3112
3497
79
101
1137
2900
1911
1518
1950
2831
196
2764
1758
1424
3351
486
2588
3400
496
206
1471
3523
22
3554
44
2884
2706
150
941
664
2918
3459
1851
75
2773
2156
2009
2921
2941
1382
2664
1544
1539
1990
2132
2240
2127
3198
402
481
2974
3428
2103
144
36
2112
3285
1927
235
133
330
3392
1120
2571
181
1016
1974
2378
1628
1620
865
2845
2513
2380
3295
3056
3025
2903
51
3164
856
497
2784
1270
595
1651
2434
138
2658
3540
3186
775
33
3405
2497
1038
227
790
597
1449
1638
2484
282
2527
2290
108
3551
231
578
133
3516
1444
1358
3166
2069
1243
513
2032
3332
3495
3459
914
865
3233
514
3150
989
1398
136
3201
2557
503
1045
1137
1029
3012
3553
3573
2125
1416
1475
2687
601
490
1138
132
819
753
1229
2617
2471
1507
1991
1284
2406
2919
1179
2709
1747
577
1216
270
2947
247
2194
2829
1582
2923
89
2093
124
447
1694
1314
1121
378
2504
1221
733
879
1123
1871
2978
2081
2995
1113
3020
3102
908
111
2794
2446
1114
835
2483
614
340
1364
2865
527
2803
1700
3602
1465
1064
493
1592
1204
254
1115
2703
2904
1279
630
2780
1635
1481
1432
2315
178
2063
2244
680
1924
2428
1878
2396
447
447
3352
192
2913
1557
1691
1045
3518
245
20
170
549
1445
1551
2770
2688
1764
1173
1592
2015
813
3118
1229
2852
1830
1851
3547
2452
286
1161
3142
2653
2436
2696
3042
3336
165
760
137
444
2483
5
2721
2599
3490
2506
2201
3467
2322
114
2841
3234
1785
2646
2991
1302
3315
2079
647
857
1427
2072
830
443
307
2411
451
2992
197
1709
1321
3494
2045
2029
3317
3454
3532
3105
2051
1322
2319
932
3226
1217
2097
2788
1884
3033
3107
2762
1278
2914
1371
3376
2347
3008
1004
3293
3350
2379
2772
2399
892
1109
1299
1497
2420
214
1162
2502
2254
2732
1609
89
3430
1568
2376
3184
826
141
1351
88
1218
272
402
3051
1914
89
1864
3583
748
797
184
46
1980
3488
2069
20
2284
2132
835
95
230
1642
1215
2231
2981
322
1276
2431
2899
3104
1966
716
1276
922
1834
1661
2959
2719
2356
638
2666
1586
2811
910
772
1184
1644
2160
206
25
3192
1413
2549
13
3384
2889
3098
2806
722
988
2239
432
776
611
3282
1980
160
329
1813
1809
463
2842
1945
973
431
3112
3485
3510
755
799
1738
1629
783
1443
974
3218
3493
2699
426
1347
2085
2077
2596
2318
392
1418
2881
548
2640
2257
1414
2931
496
1459
2457
322
626
1970
3478
1841
3229
2136
3027
2824
604
3365
1226
1974
1616
204
2597
125
1938
1621
551
3619
685
1546
513
1868
2141
2571
3209
1068
3166
900
3059
670
157
3490
1571
633
1588
1406
1587
2848
3154
2451
3164
47
24
1867
9
1432
3231
764
2951
2531
299
2472
2085
232
1095
1448
2596
2855
2560
1730
2031
1087
2805
982
2492
2807
2433
1797
3515
2534
2570
252
1422
846
2586
362
842
1873
3008
171
2604
3409
3191
1230
441
1743
2405
1183
1577
1269
1222
867
2464
3601
909
1457
2696
250
427
1616
1459
699
2107
1925
2432
831
1512
1083
2800
442
2095
1680
2248
928
2307
2549
363
1656
1884
3151
3128
983
616
1880
2761
3436
3371
1588
2333
1299
1037
2647
79
1484
40
1478
3083
276
2452
1938
3294
1364
1428
3319
288
820
2250
3400
3583
193
3500
1533
3090
582
289
3346
2489
2029
1962
1764
216
3563
1011
1762
2493
1463
1330
3577
3581
1870
1163
1165
212
200
241
1334
1179
1220
1915
2378
910
246
78
274
1141
2746
2561
2069
512
3093
3179
605
295
258
1500
1782
1655
2297
1492
2392
2405
1288
278
1647
2594
1979
3356
487
3269
2708
2383
900
1927
3392
1067
3132
2596
218
3226
2766
1440
490
1006
1509
2
2088
1426
2478
241
179
106
1536
2290
553
1388
2061
1619
362
1817
2507
1756
540
3049
1948
799
2327
427
1704
1983
1271
3591
1555
1233
1221
1994
2787
32
3442
3216
305
1384
1414
1498
3091
2401
2434
2917
1501
779
1511
1118
1051
562
1438
396
2839
3218
2968
2213
105
1380
2548
3156
1587
989
986
1782
986
2884
2949
418
2229
1050
2401
2728
553
1868
855
2456
1134
666
3086
646
3213
3256
822
147
1150
2445
2072
517
3078
1923
3395
1713
2122
2991
342
2595
3586
1036
2793
2082
2172
373
1661
1297
2883
1536
1582
2994
1284
1963
364
188
334
303
269
1376
3516
337
3296
1289
1284
3493
2431
3301
928
1841
744
741
542
286
2858
1780
35
738
3210
511
630
2458
3513
3546
979
2300
1986
1285
3606
2724
1711
2669
1150
3070
1351
3261
865
3164
827
2255
2061
1678
460
89
386
1514
2653
2681
2144
2268
2733
880
689
257
2256
3451
3616
522
3245
1839
1996
1855
2860
2075
2128
3606
2781
610
3005
3
2775
3316
1496
1180
1639
2666
2697
3130
1215
1250
3294
60
2582
1623
2580
2195
2733
3183
123
2183
476
1173
2119
2895
1382
1438
299
1044
2737
1669
1473
294
2926
529
2915
1865
1067
3535
245
665
1176
384
1966
362
1492
346
959
2213
3413
711
2415
1549
3257
2464
2735
2728
1856
3578
814
2370
513
1124
1771
3255
1296
607
2980
3184
2358
2143
2320
3216
2668
2248
268
1615
3472
905
2292
1483
3171
1870
1703
256
1296
2102
2428
452
1201
1777
3537
839
2802
3370
1917
2150
3289
1762
715
3052
532
2312
3203
3577
1199
1964
2156
1030
393
3257
2974
803
2571
1501
1377
278
1114
2638
2819
1419
2895
705
3422
3489
335
3137
821
1513
1683
783
2794
2036
3031
2266
221
246
3611
755
2970
968
2310
1209
3086
3449
3512
2645
2019
1341
2288
2473
3572
3266
3315
3291
2451
1043
1704
3140
1674
2434
1535
1817
594
58
3173
2692
1372
728
2629
3336
3511
700
1255
3437
2136
1114
3525
1559
2438
1489
2360
3571
2520
1746
703
281
255
2329
1522
3394
1571
1230
2041
1491
705
3591
828
3332
713
2623
1458
3171
2715
2019
1760
3267
