2537 2583
37 2437
2288 988
104 2373
418 2056
1412 906
2133 1223
1427 410
2219 1079
1654 1904
1406 1768
1480 2020
1715 1982
773 2260
2058 1954
142 2483
2142 2308
2107 2
842 2055
437 1512
408 766
582 1960
1955 1177
1782 634
2279 486
427 633
1840 1370
1680 451
1158 312
1299 959
1682 1843
579 856
559 1472
1716 1836
2382 1339
1971 1553
1081 494
2334 748
91 1323
1023 2138
1782 781
670 1432
292 1867
714 2347
949 2437
2468 1257
2492 2175
638 698
1764 1108
1495 2348
1021 2207
1146 1175
905 1429
728 1454
223 1483
1849 1944
678 200
2522 412
1173 678
397 2415
1298 653
390 1355
1437 109
1340 887
2433 1614
1612 600
1244 1079
848 2029
2397 1495
2228 2319
1214 2032
154 1312
726 483
2506 935
1495 242
33 356
1090 1020
1415 942
2033 541
2240 722
1921 2509
1962 2527
1300 659
2066 160
2053 2326
1457 1548
1482 2186
1344 1396
2494 492
842 210
1205 937
139 590
2497 339
1787 1187
262 2180
1112 703
1150 655
151 1021
2392 1586
2253 2162
2296 971
1323 2110
409 1714
1280 1392
924 1742
1987 256
134 2222
958 1028
1166 2351
327 586
1974 2516
708 1014
1438 1286
2007 2106
83 2233
178 2375
297 667
1121 1607
1864 2192
1928 431
534 1692
1701 997
563 1149
729 154
1326 860
196 1138
866 2099
929 2289
1746 521
1243 2135
131 2158
154 444
1256 1293
1492 2369
2208 593
2154 1723
2517 2288
2412 480
1336 1104
1341 1547
559 861
1686 159
1621 1594
1699 1834
1563 339
1469 1704
618 1081
2063 2163
112 154
548 2278
1400 2416
1414 1709
2195 1309
1154 2528
1515 352
2337 295
1301 1015
1678 301
288 420
1215 944
624 178
41 1957
2488 743
1587 1790
961 1891
1208 2359
349 1935
1633 2509
1436 392
1060 932
886 1792
921 2338
754 2441
2463 502
311 169
2230 829
2024 386
2163 2200
1341 1117
858 2054
749 271
936 1888
760 581
2525 180
379 123
358 205
1836 1280
2419 137
564 1467
648 897
862 2244
1240 1696
134 510
2128 1012
2123 2116
1931 469
283 551
1337 759
1738 24
94 790
590 917
1361 557
1370 1384
1954 1037
2388 257
2236 1064
1818 1242
1008 321
323 1513
1226 67
405 873
1184 783
1112 1350
44 333
2226 2507
1803 2394
1446 1284
22 477
1693 1907
1738 2506
640 182
2087 1668
713 529
1909 2384
1198 1104
1896 1929
742 640
64 1293
1529 2189
2241 566
551 1731
1687 1144
282 670
1796 132
2521 979
2330 883
1201 543
2365 210
1051 1130
2225 1225
655 822
2004 2525
1179 2191
1496 2301
1775 496
914 1422
1685 312
1822 2077
2531 1674
183 108
705 1002
1454 54
1329 2206
901 2411
1487 2440
1560 1534
1994 929
652 614
335 2152
2328 1160
313 1391
1185 865
264 1189
1629 789
98 1889
2144 392
1759 1187
305 896
1625 2143
577 2354
1975 943
461 123
310 994
2492 376
543 1370
408 2346
683 656
745 700
220 1803
2023 1350
1276 2281
193 1987
2453 1461
1295 2259
146 1265
1355 2498
2143 341
1945 2275
1047 417
720 688
1228 2405
894 593
2379 560
2106 1944
1487 2284
1548 1735
1831 2331
904 2491
1647 889
2413 2049
1785 2521
1053 1350
374 393
1190 529
668 206
1564 625
340 739
284 1878
2305 1543
1497 1487
1091 2396
232 2034
498 1216
1499 1058
372 388
1508 170
653 413
83 2517
2496 26
467 877
1874 638
1669 971
1504 1373
771 1862
621 366
1354 1011
95 214
2107 423
2192 878
2361 2181
1820 1777
1984 2279
565 881
985 1924
256 82
1009 1762
2420 905
1860 1518
2216 2104
933 2068
984 1953
2059 356
1317 1686
1568 2340
2299 1167
2443 1600
1979 107
1084 371
980 66
2504 2259
1383 2169
1920 135
1943 689
122 1067
852 428
743 930
667 882
479 1028
2165 1338
2351 2324
1645 480
1323 622
2245 806
2455 533
2323 334
2500 129
1617 119
2147 995
1097 1329
2112 1033
1283 2441
1547 1317
1468 1038
1325 747
1870 2425
397 1220
1857 1067
1161 915
2112 1712
1358 910
118 437
1969 2093
1819 1144
19 853
501 448
2190 72
1916 1744
2223 1979
53 1740
1656 547
1414 1381
35 1372
772 1409
601 670
1025 1373
645 1421
749 908
209 2142
590 2510
2367 2503
2378 1630
1060 1106
1475 1720
1332 2203
2387 916
2073 1082
1407 1026
1919 273
79 2172
1081 772
2507 2478
2230 1187
2021 1056
1364 1734
898 1627
640 2168
2325 1909
1403 1375
816 1975
2342 15
2270 2309
984 2143
2224 2520
1485 978
1054 2429
1144 1807
1731 1759
19 1340
2256 154
2324 2181
154 2192
595 1362
2447 1898
2325 1505
1404 1839
2490 2269
156 2470
500 2321
1017 429
1239 708
121 1361
11 1464
1700 89
2476 786
223 1932
1788 1438
1658 1732
1619 1358
178 982
2512 2335
2401 1140
1249 1754
1670 1641
2241 1501
154 815
2150 207
2481 1697
1416 2289
426 1042
1300 535
1896 1024
2422 2479
335 1362
1349 2113
1445 809
565 1803
1814 1404
877 2355
1246 106
523 1891
1421 1423
1480 1540
2160 1648
1461 685
865 259
1121 1527
1247 450
1610 581
2071 330
1368 2219
2035 1493
2460 1001
1605 2459
2164 2060
2048 1476
703 1822
1437 129
1419 1215
497 154
900 405
980 2015
1671 1958
2319 450
1786 1004
1854 2528
2106 577
2155 2360
1152 839
198 1671
2095 2040
1536 1919
2423 1933
1291 1693
1723 2061
1199 876
1165 2454
1647 867
2452 1418
1351 296
2030 222
2327 1379
1033 123
2239 920
233 219
635 1160
2145 1909
1558 1127
1721 1761
1137 1786
671 648
230 61
361 1356
1678 1749
26 660
1356 1836
1014 975
1758 1454
2089 420
2086 2105
874 570
1410 23
1449 1045
316 1487
1579 396
1863 898
2378 2098
1537 1268
1322 1193
2357 662
2241 1477
934 2500
1681 341
1915 2287
128 1545
443 997
852 649
1196 2248
2036 1523
2455 1209
966 401
51 154
1850 1983
514 2497
1686 1302
244 1576
1516 1744
1693 2467
54 1565
2140 863
76 1256
1045 2034
1324 556
1094 1323
848 1676
1300 680
1979 516
274 184
706 1274
691 585
1156 649
1930 871
1997 2217
2198 1077
2362 261
2401 1579
785 736
2419 1052
1975 2025
834 1294
774 67
1290 1365
1154 2257
2289 254
808 1985
461 313
1813 1517
2107 734
1307 1747
422 2198
154 1706
1982 506
440 149
1356 42
1004 853
1432 322
2496 2134
655 1088
1482 2485
2395 2355
2219 2137
2418 2102
1854 1882
454 2204
803 1108
2503 630
463 2000
2396 1553
1628 2132
1202 1731
303 882
1335 1433
1089 751
1820 1789
1913 1078
960 1772
1009 758
889 760
386 1673
937 840
1442 2164
1557 1760
318 184
1634 505
1938 1839
1030 1412
529 2396
815 46
1853 1818
1049 853
198 617
69 2057
951 542
2062 1572
38 2211
758 852
1011 1322
1247 2083
427 1098
1060 953
456 1554
787 2473
1695 7
319 1388
470 658
2087 1368
2256 286
1533 794
1495 931
2371 832
1710 673
65 2304
2523 802
1099 956
443 598
1313 1783
496 2312
2187 1990
2255 1550
490 1039
1562 118
1552 896
200 784
1689 1112
737 197
715 2432
2244 154
2347 119
689 695
1605 1330
2303 1445
2176 2429
701 491
2173 1640
431 1544
1517 428
2423 629
2507 1060
961 1061
1386 923
2325 1800
1192 686
11 2380
61 2224
1577 1339
1513 84
1999 2307
536 1517
2342 509
59 401
1161 1699
2122 1816
2534 1803
2470 1526
825 1811
1503 1246
488 809
333 2382
1643 2132
2092 2393
1720 1808
1725 1289
2426 2262
420 316
1254 1845
908 5
38 222
154 836
876 1452
1750 2345
2227 1291
554 1029
1422 791
1315 2397
230 424
2009 1194
733 2151
2267 477
437 1297
1655 2487
368 2214
62 1001
995 2271
224 671
1554 2159
394 107
107 2014
273 973
677 2086
1377 1122
95 1120
1358 2120
1353 2209
1529 1707
2103 1830
165 1089
902 2406
1663 402
1373 20
770 1463
2342 2214
1003 1489
1972 513
920 343
1509 92
1987 124
1032 762
2389 440
1910 2226
108 573
805 1431
399 252
163 1922
2321 2198
347 2258
2232 635
956 764
465 544
1147 1096
785 903
2186 2246
195 130
1284 2217
2280 534
1971 1601
1832 2212
498 1407
517 1568
1409 524
1214 1019
823 1452
2392 865
2437 2070
1759 325
742 1714
398 2530
30 1030
950 2072
994 1277
2116 762
1304 826
158 2273
81 151
1213 757
1956 8
1982 1705
1215 2173
1947 1413
2322 2530
1913 2331
2255 1926
359 1898
2265 1630
1261 923
1063 1278
1917 1069
1251 594
1975 1700
1682 1685
976 701
1411 2007
1231 570
1369 1486
1454 975
480 34
926 1714
2261 2130
1744 663
60 1998
1717 15
227 1886
1515 2320
290 1317
179 1161
1361 474
1301 2080
365 2462
1582 2242
406 1803
800 497
813 1255
1417 917
737 2356
1697 1664
143 1626
859 2475
1837 797
2340 1641
2513 241
1816 1594
1136 139
2011 484
1822 907
17 2041
2268 1884
1833 1144
1116 2210
2431 1717
273 1533
722 978
1553 2094
1468 408
1564 1623
1869 1356
2310 1168
1168 2363
1615 596
465 195
1890 2120
1431 2453
1995 1078
391 1946
1062 998
2213 1323
1015 1334
300 718
1306 405
199 587
2433 231
55 1746
2471 1155
603 867
1364 1236
1426 86
1901 1529
638 793
336 2263
735 566
639 2235
2403 1100
464 2110
237 1649
889 97
203 336
1808 1762
1375 1164
2229 793
986 1880
1001 1134
765 1766
2404 1969
1020 507
1469 1260
1472 471
1210 1126
957 1311
2071 2495
613 1544
1322 316
1258 105
1459 1762
1250 184
374 1160
1019 578
2527 2207
1545 1600
99 2254
487 2054
1629 2311
1677 189
2053 230
355 930
1323 1752
2054 1524
648 335
12 123
844 2000
2083 481
2341 892
731 1817
1943 2409
2040 1642
879 2005
13 1619
1287 893
1089 710
725 2352
1405 1219
560 290
1789 81
996 2410
2408 955
580 977
1083 236
178 176
162 1600
893 1364
656 211
1352 1273
354 1673
430 1032
1678 306
968 2299
1418 1963
1026 1624
2420 1960
1836 1352
1754 2160
1000 444
2016 2351
619 684
2436 359
609 699
456 1089
1389 488
1708 2003
2334 1133
1089 1435
1147 2331
1606 297
1571 2180
522 142
2183 2537
1530 755
39 938
1802 502
2484 486
1862 924
1217 1092
594 2389
414 1611
1825 1873
196 1478
1828 239
111 1534
846 39
316 1752
2420 461
1453 2140
2505 2251
815 1511
1751 1554
2108 2219
2400 1529
1514 693
2361 1507
2535 346
1281 601
1711 1044
833 345
2159 2416
1503 1822
28 1653
597 2366
1055 2366
1737 2012
213 1014
2528 1095
2187 1978
1373 1020
1246 2095
1525 1562
107 545
456 1110
15 1443
1574 813
210 750
1293 1809
930 1709
594 769
991 2139
65 50
704 348
882 440
2465 1623
1420 1115
1076 1852
1437 2341
1855 2061
1107 1624
337 1903
485 320
1892 317
1254 205
2059 154
2025 378
1411 1462
1093 1269
1109 717
2028 859
1091 2318
2226 1599
253 1276
2248 390
55 1805
426 1300
1240 939
1908 715
2384 2343
1365 1340
198 824
2279 1333
1722 2423
877 1543
2536 1539
1648 1097
612 2500
739 1726
1550 869
1205 129
608 918
1739 2059
1453 1595
1965 1410
285 452
441 1270
447 286
1409 1976
1141 2121
187 1790
1120 1712
1470 1998
1056 732
1100 2148
1342 1417
116 1411
2016 248
1631 190
948 1241
130 1881
1486 1388
1116 145
784 1397
465 1327
571 252
1399 751
1623 899
1145 1147
1113 2264
29 2050
1431 2531
1466 1903
859 22
750 464
306 305
2156 164
73 855
1229 1969
490 1019
1183 110
1453 1954
1870 767
2027 1874
1163 606
1819 2242
460 861
508 668
703 1649
1653 1102
1215 1266
30 1605
1300 1708
1814 491
244 695
1019 2062
27 1336
1324 2509
1009 2477
1862 1395
1406 2365
1628 2375
712 2042
678 2352
2099 795
1159 299
1082 2341
2383 1909
2472 1166
1106 421
448 136
1178 740
154 1828
65 2022
2200 575
986 79
294 791
1363 1470
2024 281
124 1866
606 307
655 1454
316 1098
2248 841
1135 871
456 672
1184 2180
1387 614
2403 539
618 690
154 1375
1653 2361
1410 1532
2036 2492
35 811
849 2400
1849 1928
2508 1741
1481 136
2382 925
1414 1215
1592 2085
946 1179
1358 211
2276 650
2499 382
930 265
847 1182
154 309
551 191
746 34
347 1154
369 47
192 1603
1569 2344
2418 1394
1654 2167
1326 1303
1461 458
1533 1871
1040 372
733 1960
277 477
1735 2078
362 1214
1126 1610
1005 504
1514 1356
498 694
747 1441
1106 752
868 1153
739 877
1927 408
1890 2204
1108 2272
573 416
459 22
2185 84
40 2253
1264 408
1030 813
2218 211
1124 2090
2240 951
749 2477
2411 1980
879 1345
2217 2508
1657 1570
384 55
147 1568
564 2333
1408 2388
1641 770
2442 2473
2439 591
1272 426
750 1277
400 2529
1556 1961
2357 2331
2480 385
212 2026
1493 702
1187 1105
2240 561
78 626
205 1806
1684 1902
2266 1218
1425 1519
1279 1450
1517 2250
2294 264
2522 783
2377 767
1852 160
1973 2280
542 1234
2053 491
1373 867
1230 665
1516 947
2091 2052
1286 2372
1984 1219
1506 56
2352 306
400 1369
631 222
1101 375
875 2175
2180 1012
1379 154
1269 1254
550 796
814 719
1255 132
1739 240
874 1106
778 858
2194 1036
1347 1100
2322 1420
233 1187
569 496
2018 530
63 1705
2111 858
857 1823
840 2364
799 558
1542 900
1715 57
353 448
489 2054
1314 49
1128 1768
1631 324
2487 263
145 1157
1559 851
2487 161
90 2220
1996 1112
2037 154
2487 989
142 140
2292 1459
1026 2184
2177 1697
1389 1591
1518 1057
1810 2101
1332 1074
301 1118
2378 295
552 1374
413 1513
1663 182
1659 592
1865 1987
2068 869
1767 1376
952 129
1520 298
192 185
975 1178
2280 2537
1977 463
1900 631
1862 1982
1426 2532
537 242
629 2270
360 1620
45 383
2290 1984
543 1050
2513 776
2486 2515
959 1298
157 1857
1920 183
1753 661
466 367
2061 1934
1605 293
2349 1210
2056 1175
877 236
1918 1767
1890 1282
72 271
1551 218
1324 1022
352 495
2310 1490
1952 1454
787 250
170 380
2020 138
2298 2355
2482 409
2200 573
1743 1479
262 681
316 515
851 2015
2084 2492
331 1673
2282 1855
193 208
1801 2016
823 1745
1829 1278
255 2240
1055 682
1292 2316
823 266
266 2299
62 1867
753 2350
2398 1306
966 1471
2063 2516
2436 482
2479 646
427 1848
1271 634
1593 1756
1661 1686
2457 927
98 2352
1075 1194
1045 435
1705 1488
417 1259
2320 168
1023 1980
2110 1482
1497 2096
190 1905
581 1548
348 1393
1345 1784
2492 2505
113 1647
32 968
1032 460
357 2067
511 2376
210 1755
2078 945
1462 1331
2367 2371
1951 2274
1899 1983
2109 2152
53 2403
1593 4
597 1357
2124 1977
2118 1835
1180 1461
1703 1535
281 341
1375 146
2509 2363
1346 2272
305 456
1586 1085
465 2025
1267 1170
568 1550
158 2173
305 1729
1321 351
1940 704
432 1505
1985 2212
1981 602
2332 1282
2222 1054
244 549
810 1210
771 272
1609 647
2313 1708
1407 3
2075 1834
2158 1798
13 626
1815 397
1440 1664
1599 1032
531 761
1197 1856
215 2063
961 2264
415 739
2016 1713
116 1937
2197 606
114 1350
93 1241
888 2212
1838 370
936 620
830 529
1634 1147
1024 1169
1136 884
2528 2092
2035 619
800 152
1210 329
246 1980
738 1553
1778 2223
230 258
2077 80
1413 2322
41 1978
2419 1223
1947 1683
1780 1709
833 238
1062 331
1024 819
1735 1730
2031 1504
277 2003
2037 1887
217 2053
1622 721
1044 1687
2259 2147
19 804
1143 2398
544 2424
1789 919
2490 1529
1928 232
1310 1723
1421 2146
1188 1817
1546 961
2256 1073
1431 564
439 1520
512 230
2042 940
1670 670
1018 330
714 154
1721 1254
750 1694
2352 1232
772 716
2492 1874
347 25
1691 1743
2221 1055
576 1061
173 2389
1316 2352
2429 2240
496 2414
1827 1378
1379 650
2375 1740
107 1659
2353 1561
154 2537
2002 1295
2325 1774
685 1491
309 234
2270 154
1503 983
1731 1771
763 1929
2274 584
1191 2077
40 116
788 2508
493 2420
2000 1272
271 55
445 352
1119 388
879 154
2262 916
276 1101
2396 2517
182 1895
2079 723
278 643
1680 705
1103 396
144 1853
2147 885
1966 2054
1514 1899
427 519
1421 1271
1425 1362
1246 1165
1949 992
1575 212
363 1866
898 1978
964 1791
407 1987
2130 143
588 1929
1344 1238
2369 1248
1176 678
1948 1200
271 877
1894 560
218 1084
1685 1142
2417 673
1818 2455
1422 1791
970 350
2366 2400
2198 1465
1832 1765
1926 37
339 1479
2473 74
170 1967
431 1086
1632 2384
1229 1650
138 1142
2236 243
442 2244
441 442
352 1918
1717 1866
2061 154
300 1791
1052 664
822 228
2523 1796
2129 103
244 1262
1770 103
300 880
605 801
81 1830
132 167
2376 1453
1584 2223
2375 249
189 2099
2329 205
176 1757
572 129
395 343
2049 2427
2525 1782
433 548
2511 438
636 559
1686 103
632 1602
1631 29
820 1172
647 1557
696 972
2409 1332
2065 263
1204 825
2024 2334
670 1441
1144 190
2483 113
2172 1660
2505 2107
979 1439
1483 1545
1869 782
268 2494
190 485
1057 16
69 559
390 737
1991 1988
125 1827
622 105
886 1380
229 2017
1480 1537
1253 1584
2322 676
1175 2219
251 1544
1569 1948
1677 43
1850 1936
502 600
2461 434
1911 14
600 349
1034 1533
2247 61
1580 2316
2435 338
1428 2335
520 589
2129 609
1211 2031
1366 1172
2421 1254
110 2198
446 2330
3 1852
2057 19
2351 669
920 457
790 1366
1871 2199
18 2141
2279 2448
1389 2278
918 978
2283 548
1766 2450
879 1636
34 1042
870 647
199 2255
1301 1414
1541 385
350 2513
2280 2428
760 1218
628 1360
261 711
830 2009
986 865
1275 973
2119 2331
1513 2265
17 2199
1224 1724
431 2307
1580 269
2053 657
2446 1711
342 527
1874 2506
129 153
1980 1480
916 1662
1939 2336
154 583
1629 1550
2188 1364
1396 1333
188 580
768 1811
909 1583
2494 377
1966 2442
1964 1812
1094 209
1255 2370
1421 2516
645 969
507 1893
1700 602
1896 1279
1683 730
1823 672
1628 2295
2101 2369
1050 827
2317 1805
1444 1447
374 1464
959 1235
868 1398
2442 1592
1147 858
1473 1687
352 154
2297 1873
181 2188
1291 2149
36 2331
185 50
546 1478
1350 2260
1267 1960
1455 503
2339 870
1434 1762
981 1787
115 2334
1781 1189
1680 2067
155 462
1348 331
383 1056
1903 896
1541 102
2468 1717
2499 1291
2457 1046
1593 1322
1835 1881
1447 69
1424 154
2301 1448
1106 1261
42 2500
2512 2503
585 1082
1581 836
1013 1748
2097 244
1162 1335
1430 2498
1187 1993
72 1875
1127 1918
1838 1704
48 207
1 1327
1021 1389
2193 2430
574 625
1091 1124
1306 1279
290 955
1736 1165
1443 2100
2409 120
1357 1155
847 2003
1710 1975
1217 2135
160 623
1824 566
645 798
289 794
124 449
2152 1535
957 1551
1333 1035
2107 2099
831 444
2237 2212
955 884
2331 71
320 1398
2161 1896
1923 1236
12 2017
1005 1989
2048 9
177 101
1733 836
1072 1177
1082 7
1347 2147
872 357
444 291
314 2015
2182 2350
707 867
1057 2003
1697 809
651 2221
101 2076
1361 468
1573 1100
2215 1656
1191 2166
1578 2044
828 195
1254 2355
1945 1418
1041 138
448 2391
2178 1992
1186 2159
1072 1757
2451 270
32 1600
154 1141
1604 1851
1798 1760
1314 1563
2324 141
980 2407
73 1584
999 1104
1070 375
424 1308
1662 406
425 2288
812 30
1512 1208
833 868
1950 1057
2013 1716
1233 1574
2194 408
2131 2502
431 194
1578 1885
1861 2069
549 1065
1817 2528
993 2528
654 301
579 2335
1909 641
1980 1017
1584 154
920 757
2507 118
1653 787
154 367
1465 547
1596 2
586 154
1803 1635
1774 2209
575 1006
802 226
502 56
2357 1212
114 1139
1148 1529
2042 1666
1129 1587
965 821
1884 713
2257 79
826 1426
313 2167
1927 1804
247 1972
1022 1330
2448 1727
1305 578
2458 1328
1128 1502
2509 58
509 75
1437 1418
2528 94
1033 634
339 155
1171 1859
958 1237
877 1223
1631 1390
245 966
843 774
2269 2242
49 1590
313 1797
651 2336
2224 1551
1750 1161
2443 531
1024 1914
1688 1050
1754 565
1487 1066
1401 547
967 640
176 841
2198 917
987 2457
2420 321
1649 721
1750 1087
62 2402
10 11
1116 2019
2234 570
2458 1367
2226 963
861 400
605 1695
960 2399
353 1951
2051 1678
1697 1588
302 1695
2097 198
381 2028
2081 2002
1719 1412
1163 2347
632 2386
1881 2074
1158 895
1027 722
1548 191
2171 1980
543 2222
1159 154
1210 1812
1670 846
723 7
2138 126
666 1056
1644 2163
2469 2226
772 1469
1279 1683
1608 183
2474 639
2369 2493
1464 1798
1828 35
1711 1794
2438 1624
1145 280
775 1620
1884 1019
206 306
2252 2412
2453 2281
57 341
688 733
2000 1152
1382 198
470 747
2414 1528
304 96
1969 1846
1640 402
1353 792
163 447
757 2212
1877 1081
1821 1967
58 1698
2466 1397
1858 828
1492 697
1645 1949
1568 1059
145 1961
2518 485
1975 1888
1378 1364
614 444
642 62
1203 2406
372 1490
1892 1454
1206 886
2514 1479
1597 1744
2001 2030
1499 681
327 2444
2127 1661
774 1857
558 154
390 336
452 1495
2043 1906
1526 284
2136 580
334 1954
65 1362
1240 339
287 1811
2141 551
1780 554
1526 1573
338 2413
2345 2018
1903 1104
850 416
1242 1080
610 1046
2225 1068
1663 473
1116 154
647 1298
1847 874
875 741
298 2413
1414 14
437 1589
109 23
2057 1371
1789 166
780 507
452 1248
972 925
1247 2003
1583 72
878 1602
1567 1868
2169 555
967 2193
1676 200
1109 1056
1401 1925
31 600
601 744
167 2224
606 1259
1247 921
351 873
1469 1769
1337 2420
1945 621
1336 538
838 1817
296 2077
1639 678
1364 385
413 1289
1109 178
2360 2514
2006 2223
541 339
2405 1554
1204 1844
532 646
631 397
604 2177
26 1460
244 2067
154 851
962 2175
171 2286
1672 311
1382 1693
593 280
1109 88
1484 1072
1627 1309
979 1441
905 2489
1732 2369
1578 2358
815 1510
2012 2385
993 2496
2193 591
2139 1320
1105 525
2241 922
942 806
279 1537
1288 1059
893 1195
1973 2476
155 1883
1684 699
1553 1587
309 1783
342 1207
1107 328
1225 929
1505 941
1396 833
1434 270
1218 1585
174 2186
2170 718
2418 30
2322 175
942 1978
1496 43
905 1252
1079 958
483 1272
1897 1814
1265 68
1799 1915
173 950
1814 814
1665 384
1669 491
614 1474
1638 1246
1639 1346
1087 241
925 1322
202 183
2064 456
154 499
1667 1136
2114 178
100 2507
2520 1385
637 2273
625 501
2269 315
704 2368
758 1989
774 436
657 550
1560 318
817 1537
191 1278
1159 1426
1537 1438
2340 1227
1920 891
615 2221
184 85
1263 154
1776 335
1594 1876
727 51
901 706
1676 391
2115 2226
182 1791
154 648
1810 1500
457 2047
1498 1600
1441 1826
1718 1926
2223 1092
528 982
1401 1402
154 1611
440 410
1775 1424
974 1082
1868 1409
2450 854
2415 692
1349 257
1301 479
154 2065
2157 1793
1782 2104
235 888
335 611
2220 1022
350 660
2106 756
1666 1695
1145 1954
1174 1787
1441 679
1765 567
771 1181
753 904
1436 2183
2411 578
1779 1317
1555 1104
2046 641
1111 551
1736 2449
2188 204
1489 2307
1611 990
1673 1225
477 335
1275 1441
950 741
1651 704
1164 389
913 61
1646 888
496 2374
1509 1391
1976 2479
749 2178
991 655
1967 1215
2436 607
1859 882
2453 2344
501 295
2026 275
540 2466
2464 1791
212 2187
1821 188
410 675
1847 594
47 2192
365 23
1520 2008
339 37
1970 2456
1140 551
1061 2260
1610 260
958 1969
1246 2261
1151 845
2202 1189
1874 2012
926 2125
1529 641
911 2365
1915 2077
1593 1451
403 302
639 1193
2121 1702
1126 2117
1123 2221
547 38
1210 172
2385 928
2524 2016
2346 21
893 1349
2219 1693
2056 404
890 364
133 1967
2477 2088
476 2015
1652 817
1122 263
1799 375
2016 328
2171 101
1521 1190
2389 267
1566 935
2408 616
807 648
1886 638
2445 32
1956 91
154 997
1744 771
1604 2183
1872 1425
9 739
1031 2084
150 881
2302 2245
709 2329
2205 1736
1090 1132
397 1105
1335 2162
1766 980
956 2281
1852 1684
739 1131
1841 154
488 1968
1998 1853
1016 901
2316 1631
1615 1312
23 864
6 1459
1097 2367
2010 577
2315 2199
1057 164
724 15
272 2045
252 882
49 834
472 2292
2458 1021
1201 452
411 1285
2100 1923
1114 1070
1618 62
465 1456
338 562
759 711
2060 85
878 2373
1890 1046
1290 475
1042 2193
1293 488
2512 2130
887 818
1673 1452
774 123
1811 1571
1912 1288
1165 2377
62 1896
1745 644
1318 170
1984 502
1454 1280
260 332
608 373
1679 1430
2242 364
835 653
2180 1662
87 465
259 1802
1684 2495
1464 2241
2255 1695
1914 503
821 154
2406 1826
125 946
522 526
337 1307
2384 1863
2071 1879
1124 2536
1607 1301
1793 1413
1090 2390
1167 221
346 849
2131 1763
413 1283
575 2533
2376 391
947 1669
1760 419
2126 2532
1125 1414
390 1578
2410 1611
2196 1873
1579 520
1979 1873
223 2344
1389 1458
154 474
194 1347
1061 954
308 1766
1998 41
2443 1972
2359 1986
91 93
1811 1332
1672 1826
2381 1279
777 1058
1108 2231
1651 1322
2035 1708
2310 2199
779 2519
2122 2038
1043 1832
318 755
1820 1365
2344 1773
1503 1792
1260 1553
686 1370
30 1207
1046 1768
1048 2254
242 646
271 1613
878 1326
1349 1598
2278 312
1054 1360
1598 1359
1927 111
2192 552
670 2526
1708 2038
1991 731
4 136
1222 787
553 947
2436 1653
714 1549
1117 225
1724 594
2086 1724
184 1793
1072 2174
797 1340
1675 1314
771 1942
887 434
475 387
920 2194
2131 626
1249 2254
2520 453
2463 2238
344 2153
360 62
2423 1616
499 643
416 1699
1069 1865
1842 2019
266 2314
966 378
1812 2039
985 2285
867 687
2217 154
779 1364
2280 1130
130 2264
138 960
1568 1254
648 1931
139 1637
1349 1853
344 243
837 1515
2201 1410
2058 52
1149 946
522 326
866 1748
2012 478
1517 1355
871 653
2224 201
2270 1151
416 1343
1191 1221
455 1750
1906 2269
1248 96
138 2286
2054 2052
2169 1330
1671 2165
2537 2293
1690 71
1480 2179
1619 2277
2082 1145
154 2494
2300 1664
953 1795
1728 2454
2217 2243
62 256
1223 1856
1007 1379
655 2212
2501 793
661 2150
354 883
1010 1819
1960 484
1656 2434
360 148
2194 2306
2291 1515
1245 2038
518 1112
1601 700
606 1071
599 817
186 1857
2131 1335
1602 1285
2511 1619
2174 715
1522 183
1348 1657
2433 1030
912 1210
1494 1187
2413 1819
1640 2456
1807 2249
12 70
216 971
2212 785
1538 956
127 2181
1866 1531
985 959
665 1385
2112 1959
1397 77
661 927
956 753
1090 795
627 2463
2373 1941
2080 117
1138 1107
956 1561
2025 635
733 918
154 264
154 2515
113 1319
619 674
753 49
1627 1861
1296 2291
243 1245
947785310 700296725 935801444 172437040 878904898 640348464 863725813 580554840 862969384 827026895 57134566 870236731 183010086 935451573 483592392 725434775 773074483 811944083 556785935 656694950 7076621 207536525 317344407 72068016 525655273 925013473 133221741 80930567 39702107 599070901 896577263 270387241 339848819 369128126 881011071 498815063 415537796 733454081 630443973 414255986 477158354 89258539 728956976 103910683 266499661 63555664 471149184 387342195 716710690 917331256 287491969 599112950 335120228 61607747 577718581 233291530 512598155 55584 851179954 424974796 183671815 588829030 696024723 662788520 346123037 528063886 770845193 769138115 436222117 470622144 976846329 160406947 346381247 881027839 578164 689316961 514117744 631420805 967879899 363934920 8395297 986882281 725791643 673564073 867308899 913747974 144768505 316222212 496313160 376818617 470646305 152294909 233543461 705785743 562250035 840949665 372670288 899338347 797964784 138854987 771170717 663147313 637504319 104991689 345885485 135106623 568281725 818474071 630273442 83875277 276129078 622197446 472214952 206295761 669596472 282214211 939818572 904925684 49363101 817080354 920405561 990812156 279039319 189376299 798313402 698431113 62312692 985925790 677943522 61283870 402229857 365564339 963166990 691116296 179705964 169192999 368338627 106893393 283977716 199047028 13928727 794964396 620307649 668466128 415236565 708837246 825891926 698977744 978617296 89407614 75699069 874966205 583365712 806707599 699886132 453482343 825817004 468411182 909374754 244381908 651911320 84375286 477010840 925978737 817344058 281278811 332697814 108427559 663403337 192946954 386351350 391546653 810374178 255624640 813348716 347107809 961633986 343157367 346924706 752862495 994779194 528799774 189676467 767531901 66003670 356689182 221016560 874906769 265280151 429972490 650521632 108654551 133114237 992719013 686255196 585641730 4579236 627824373 743411667 219455469 871754906 835671594 25901539 202561441 749172449 347612757 930034387 248276820 631525502 808112332 749976501 419558260 292873284 493812725 297432286 486982040 668210262 844948930 857414864 352711769 204453510 866047795 867158015 196460626 11777335 157736081 8017893 865903004 401912719 117987741 31305249 266280181 108707109 316026942 214414518 853075307 303857264 890790214 653959412 374460587 610775008 287123979 562849542 207550009 924129752 499087577 817555868 867587673 733141912 558955492 825028544 826130851 554851701 360443480 977172179 438632670 192186068 261512127 100158222 469191087 891727249 462517052 910865786 30251752 990321509 433410214 727879736 777270677 375944503 683613112 830575537 40067860 871065920 655957887 294232481 491109022 489118241 357672490 487873633 947646640 243036271 127743507 142159576 479382119 511576 299144694 710311584 935472777 345206919 993858511 131447227 342329035 706515110 465978740 567932506 819194436 366870134 976605358 21051738 358978529 513286964 136943130 591220510 555838995 799674303 414138034 189351206 252938740 745200470 148617987 156619852 818542498 932678794 480481462 428513187 75702286 470670813 960188426 75728043 591082273 922396306 997155372 289185199 991378727 356415431 819887394 355585961 951590500 385985014 922727102 68992528 37708805 425244329 668603453 50840411 166269485 993551548 703593534 356506507 940434714 841311033 841174879 516369246 493407973 646146492 143010103 389912459 795638660 589797646 697174938 201061527 106822848 441207277 371267515 959645422 674100942 171698444 948659559 893184063 834422359 813554621 829421738 621606561 953030034 682882146 245718264 329871325 744897985 249044300 861078741 600990295 309054349 399656051 590802184 522374166 894348621 385211155 549442016 146037848 872555404 132751846 135244594 506410410 685418666 296920136 194203862 641104357 107103683 938706901 680425735 324324648 904292909 258147306 389554792 159779760 937502470 109799852 721582125 706274386 857164236 885951379 447400060 486894659 671171333 424901147 796732193 864493870 549304580 906661619 979897263 652306272 605102287 454660521 17210517 158807419 873772251 112691971 256460110 259802293 654399303 37517729 375314206 994325474 431762322 258199122 318016264 51072724 970493056 730978206 483232681 670012962 825771830 18256064 90812803 440741778 544070606 978098759 790847029 702560157 116765883 301939711 49102475 691471425 78789557 946319949 704725396 189039172 767829677 877471269 90221798 481229451 605118590 524365961 858834766 926930443 561154586 784319821 498687020 724255059 993397562 627267410 57250151 507723298 672085797 191362919 935346973 967723548 267680769 975512523 584753847 528299718 420989939 825204822 832114465 849479832 908351854 784816563 80047947 113065883 296830277 760508884 185541773 911353999 208063197 290415569 267838824 448619575 220730238 92337020 168338394 729486087 707411569 53283097 445302029 476029004 365992129 338802955 593022355 943039632 185708348 463615463 123745043 448049965 468923306 231271464 329017361 744725678 774049420 688541381 191638610 662063060 475282328 628949164 2199569 629028498 602856853 291761525 390937427 257739776 977494500 772685635 389030493 378073623 158344148 292804373 336959583 424706758 133055872 628620780 546073287 120414604 698883826 549618320 226978107 815841030 156244558 712624430 808032922 474128591 826211289 730269930 515076352 446926636 266246847 49958565 172545290 433083864 712832713 826473398 380673033 674810455 691887148 694419102 19328191 657159295 980921584 17907419 642659706 505898485 191953301 337340468 515015140 550394130 670829474 663125747 622876921 615735587 240886007 744459599 832360038 238608513 546414753 631564406 202440816 894941712 53396280 660965878 975447292 258652391 29358604 223454302 749454320 20321233 771810860 535387770 273301634 781368606 493877660 277982934 558277400 214860048 924917825 135019935 281318740 576861946 688545994 553751293 80859564 240778285 172771093 930983657 393912003 474818918 639686553 760832582 428741794 959390785 913546611 924545105 592988502 28442793 27369362 256696534 461829975 612649710 602647488 23105533 749048632 67347245 290793267 448156420 207094806 798862474 512029353 565153718 825198290 742718824 77413891 267490610 630709495 385330440 150195780 565992010 827657476 401106354 358685879 929506389 944647817 717441499 384369661 582962313 841157168 722263367 459167797 361062943 249669071 967371721 341301818 932103246 388367752 877074266 831386790 190728706 39437506 766942234 121990094 525511081 132200113 299655483 976452811 779407037 988567713 801089684 832791418 564606257 451578646 166844739 394094866 521399602 884486222 120321746 420556351 229752841 57502131 906020059 628972762 698553816 143749930 832898456 972938015 324575981 271606805 576855666 329396402 396640400 682414172 551439840 266719341 220289617 476681109 469433353 968176244 851699233 814518988 912250015 112983523 289961155 484875447 454083232 150219062 700772524 101782418 792825060 123367882 345005312 445838400 455439598 28566357 528193622 903837651 314205594 919519893 491251921 511066433 598754392 514581329 412998994 239209658 250692004 122619245 691201104 702198358 811786585 243660243 355657792 520079682 349293791 167452887 469838898 988135071 190358333 880069942 446999299 910439926 885948942 517510623 368609012 298903525 742844777 568911873 248849316 511386603 375102199 964791009 332697393 539054607 874792084 970470101 165764055 268750217 126683634 406724269 115038524 208183188 233904723 953316580 908609094 384562029 905415148 715712248 769002134 722061263 776400237 121698742 341519865 591998737 646845835 889570499 602721212 488400379 859439060 181519436 538447372 298050674 497235559 990624053 781683827 798847216 30717803 110785955 145046886 344894131 993690372 66264722 221462770 388709622 613311836 329538633 470310204 293319107 80129251 91808557 617178200 180341836 285410315 735780614 305935936 331711354 265504487 269279474 322240885 422825306 152725537 549165646 791472440 815433970 963179701 982670978 346510759 24972862 995326488 135137224 756727838 811279215 93072818 731878170 608289090 487790190 396689706 199449946 511506186 661222585 578581356 972265357 82316580 798148349 708962265 947885772 415608430 610964896 485108118 454217970 133879896 504395787 277378924 508076789 86938293 291833904 685803524 79187990 470519217 625805293 770478335 663554173 35340926 284310609 21208515 520501631 937384553 612067927 978851371 23058149 843491572 77371559 248080029 490582252 333909908 802042135 325385820 605267727 561815475 753455677 386930120 198857988 342525420 287852538 571141576 976994130 683044801 374913854 955568448 475787854 113704043 18784938 275561667 950849129 788363563 770912162 984892485 38037398 988187882 991554253 803435222 497676491 308154394 25233347 236806085 217676599 339392219 729475098 290684141 882935877 715610144 190892188 799338396 495730515 772697042 921851536 172277242 91219397 296915431 306027425 58487818 338622689 902197237 592789616 54778740 717601617 98309214 954147028 348068590 546949514 478096107 506095507 208689674 922268064 793635614 135132480 915980713 620566152 534706755 407711582 52642163 829732967 602185296 606870943 773072479 216347281 763293126 427706422 898011518 975540756 849062335 163663457 872908063 411312292 143199713 601179684 449381161 993079811 589807156 164492725 697360403 781717825 277671448 154716398 828982776 575604564 276652449 48123847 786101660 21979563 16163832 424301452 117497599 125465846 401600867 518933883 68108606 466047240 958490512 789088600 203849948 18850277 601935815 724003166 597545545 125533617 801550813 504000745 712673657 823119984 466254662 298181341 365431034 373578982 770634408 129263243 101844068 94382162 166208882 591265862 818978219 96605680 193779047 462407761 770070016 999293564 636337676 386847555 551303601 791915295 589361267 403383443 834489454 410793122 202184186 616094368 932569332 244122997 403488409 791925338 515648937 666072687 70960039 986322292 362057521 277315935 239728383 214976578 658128520 719393713 270712779 773464205 741879282 436599970 735373331 138771566 876470732 604279703 461768460 12512537 775164604 554241033 747411444 362492344 618902687 516820974 560283730 952342194 868486112 734576226 147814764 95095952 801148165 992670710 45957131 347070360 197985920 997769169 590863958 316088613 471732163 149974678 413208229 685586992 155731792 870454792 823926581 834080182 844136495 905515643 514058031 714987338 742219978 135978243 133598200 356596652 706172204 241853193 383315583 948231036 458926145 355080694 912237816 287665143 505435248 855570193 712216856 428174160 201326890 694094536 276031177 253952458 948268109 788564837 519745572 125603214 158493389 59597831 982087800 472999095 423986410 889671933 336564311 895461210 364270237 860129951 986583091 94647516 160697468 359452382 61743282 139926776 835731976 654656954 277397494 47562298 369125064 287746292 738223659 214905448 442477192 704399636 728254921 408258621 741228138 592334814 372591592 792573305 129836243 79270941 355073964 41537137 540047737 803510166 410253486 958393765 99054971 295309402 271708232 70793075 866731151 863982378 270278617 27011105 924068783 662311590 467487200 445176279 756879360 210236964 399479251 871211530 837493426 923372363 126551938 477929315 696371386 718115024 476666394 967448484 15182181 552670073 406469489 916709008 791182496 339492100 668700522 412523185 982655715 933412786 452933195 78459304 476424456 220109019 455057572 19213998 838853845 501327479 288201654 774475944 994861369 849534498 796964143 777413648 379729998 527284458 905979694 255004552 271171085 778606259 678592616 107418461 302484110 560491428 741590820 25499203 910678944 164492810 227349977 872573255 415751486 847775516 907121564 115856832 336495091 882062243 419897814 655653193 320879852 795971739 2886262 241629201 630358887 456332416 176714218 34878409 680603055 878483560 36442804 604823591 524375442 801907869 609705840 410079930 816227804 403802339 71252198 599342975 658740489 78900439 211864150 594653686 687534434 664958155 89230603 329480783 282032228 691959984 366814476 400055347 277062379 696418629 970732761 545681328 100003071 641973659 451024716 931296939 992193644 609094666 202605163 716705454 492213946 610217783 250948550 189364933 681605513 587090618 946428141 467094909 773572267 944551033 843664648 761296587 614136233 945208408 988897249 538488034 25617943 292884247 720370162 522596488 862814687 75006027 111069787 389327410 156183122 913319587 654200750 967177332 591637946 409976871 977896759 966978677 91059308 246234987 172057102 970668407 404560295 952269086 617983502 747506887 910900078 696676644 804013380 984692454 636672995 39397311 759768173 224675392 955158406 535648264 846313896 350508225 622249493 242276806 89110978 984580901 747223430 719235579 417043695 758221125 148514106 102154028 500906749 728384746 321853319 952085400 235415091 458137323 413205847 136089205 416913506 854722855 202422899 973702896 374568649 855837588 44329620 442450041 151230106 310627919 242229024 839575927 283923270 620979866 662503228 53325028 434262911 112626138 841243948 24336112 914856599 516930462 247133491 521644818 171433607 982653205 45546094 651276609 194365154 560716721 612783149 181958495 371551223 810623131 497188511 17337815 23299028 506392749 847916726 344188960 180793125 761066102 510490490 336457315 745271870 930644912 915428541 176449624 53263958 489001065 411336068 813559304 677377408 690497264 294173876 994573348 142621717 132663939 854668213 598560647 105548898 902925693 183161643 553590387 160877240 319356433 835815031 546929084 882412912 75126689 724883449 665270146 412692491 590614564 251883370 172099215 666107437 401322846 961427302 926341859 73190030 176402628 284589399 456272122 517453896 996025024 408698524 714218205 31604863 600995047 579641582 290352890 919169555 376942953 25489573 54843843 926418505 548620668 636748169 236759480 554104861 418418424 598152799 566533667 696548399 670027273 902879992 657940464 61688347 257205477 849314967 610645328 442125355 969057458 554320231 457765074 351630715 648607048 601351512 34288473 645732530 745214940 35057771 470271110 224277029 541602407 511179785 473033172 651600975 924523679 608942031 347983389 698806204 551555350 67093617 16393055 162784107 360936202 523890937 15476134 674550201 346442048 435196502 921293148 863391123 733438013 10801207 125493159 77651690 288122912 379152376 307303677 969477334 931965125 49223109 323455770 846137848 82418068 695230805 938848755 734004074 702783584 343723308 784189471 911804568 27857889 361656 96537650 109033099 913606248 176637833 881211649 50554849 954437393 77165921 643568189 612463030 897422584 430727516 407798866 325017115 478037020 597858322 148293813 988338781 710041115 241068378 262091934 274772663 532903755 484462739 941297921 200084876 883753811 730256133 137758992 598162338 288983259 798468272 634611465 519702671 387331130 976634730 802090702 185649766 865490995 903949116 346038053 599104181 304042776 469620433 486016450 167162894 498804016 159585875 417098862 722830960 555871473 901388768 768632611 907031741 822755631 192734914 578690291 148287232 612370136 364912114 177571203 321261213 308496931 372815085 293400143 10833164 738704283 854009631 143519353 707667203 117359584 819133166 507769033 388454753 141568066 568986048 438841759 91994245 973522790 761060997 19999275 497310472 864436630 210477572 704042613 128974556 925788648 814167584 222383921 164609770 232398454 497436224 558279453 539920761 19888003 467589959 434444903 640713852 825595943 885487282 517387798 227595555 644856589 200413947 20534530 696728020 631161712 345750003 951017611 449276425 316496159 237687433 907909186 824304553 179984003 589615373 132213609 459205296 949235752 525165557 254006334 893418744 19262976 646337496 443980013 237301523 417691857 448757149 545337543 574668606 304632399 811833666 915645949 965738203 667548104 330488310 415443280 338521373 822221305 508029889 903424527 4364771 732291334 595743885 2514199 264511584 347278811 149486411 305533588 763802246 909255040 866043101 780919377 950032663 872200203 337958904 591194989 569077471 146370088 952678786 966100567 89731152 285255029 67009546 881435472 771963218 636392614 724672906 333297784 940672343 80303330 397447547 738161929 833691528 876858702 242149280 374928202 521244024 712514302 846546916 951212059 559663552 552796652 383806663 798351323 680210460 287408842 997253191 610561149 697509475 451954266 80987432 356637195 381876957 660154350 909150408 214275586 75661691 814126000 917139518 923819019 708179067 660503133 384852357 793016409 664207669 726138572 961387571 748046439 87864192 557202682 770087834 813482375 619356681 974902149 388452815 175488794 81483160 239134372 687705533 838662700 194068310 209496554 440306364 386722292 580742032 521665056 225959392 658907090 967024795 260972097 617297991 216041936 141669198 68146765 379400799 858021500 141229615 656853744 201524600 782674119 959422361 480524625 312543544 276184260 494668777 465943322 172847023 372969193 894902856 283327200 15554969 449410761 629786964 933577978 150688643 849008902 188758765 605726042 183806729 874769656 501199588 160573922 57469938 822522927 493634944 940451386 88704595 849088153 261431525 22057314 825066557 723394151 62575234 818640151 924401770 166797560 535822384 728301324 515316450 287781336 551968852 986503097 791027860 106638707 768041948 682401570 432557737 626980751 977403532 147396719 458993503 183732990 95905397 430522284 809051512 973900024 582423764 672640606 187612544 222157455 81007275 622364457 128809971 383771356 310789914 830899036 81936916 852520039 762619627 623173231 457653410 861599660 935456350 348466999 364010610 289204533 584765314 916574716 156818349 388058143 52204769 32095493 529571032 74649884 90032954 281513662 666787526 16366650 141556112 934326338 69312717 833132201 344782887 670866907 347607982 560818144 479881038 481106630 100890696 349553411 618473212 356798046 95056837 814088552 395922672 651075388 214509946 355648761 699632664 6234769 778968704 281793243 360479982 483039942 382370649 452397847 385031290 11817813 461669689 831662442 115593083 622098255 508493081 560706978 67267394 944693872 123263124 947968433 781092916 744689776 257295711 805052590 765593648 597857338 683980908 130321652 622257195 209019 477500576 755505003 490099662 368236015 33072908 449847988 72783468 76182870 180632531 678333369 866581935 545945803 15653322 368425371 806625187 940405073 484289516 124105718 286861166 682598618 516808007 968110652 108666676 732421367 768168217 298157382 578194141 848877462 273649618 146269668 628302848 654580771 663354519 110659991 986241171 975404749 133242545 914623174 958220287 988864171 675724945 95212939 916173961 410207349 908632543 607242181 948088484 764188987 265254061 213245977 708158103 57829299 660908425 447624992 652551450 936996546 849828568 434660129 823826734 244549137 160085073 665825973 544558054 999631629 395575568 829231076 562685433 204857884 713448661 148071389 468412378 489608952 553342673 611703320 268663417 822741337 330482812 517131742 930520433 223196538 780612951 917975578 322421712 997368022 381348877 530156063 77337910 494873776 7322298 652692487 359300823 177953384 69442807 775957929 598233206 230252931 726612098 873948945 860272086 41448803 933318461 52473212 238704536 741493712 921985199 768858536 370439888 569411962 278137821 581048351 257124258 846969917 701346328 278305474 569889909 481074030 175177507 581864286 828849470 639267848 943632613 64695069 979532716 420980578 488646963 977485757 562774103 85723143 912911335 994814071 192856034 870297255 246360589 383131642 41488943 197140760 265575895 972117181 420013682 986587825 538916230 494839954 366344200 856594055 812807677 346276746 324504373 128905207 410340312 986040609 728434134 169854000 786395763 343995620 386184940 596519985 668410912 851302215 171857202 581161207 410347502 888521761 272395738 553842546 821464235 239371810 161496995 170381495 340864716 703635046 3115584 246901858 141031043 783201187 982682659 130813741 52201537 910502544 829549023 37764578 284110787 590422181 827127377 890147980 940314093 677081090 825859721 388855497 95225240 600680503 279193237 793635014 46479402 772711053 625850398 597686507 394891375 271608995 764525595 866844851 844579726 920037386 968765989 14757414 899009340 817914528 589903004 311667929 740254861 441898429 107307139 198682551 280491527 373730771 707351331 521255604 107915428 831808658 802722235 340040881 113232842 708961836 380225343 388397882 619219045 471119657 907938825 117540177 827605722 808692538 964620512 643716243 875254667 614208796 853586034 918720799 127661460 651306737 594936204 466909588 157871951 559884094 588809798 31594858 847982134 288185141 822183063 272139173 68695722 501073920 686798515 491567407 663179030 118686255 851294080 69362096 505117098 168914464 755535080 958551921 659762232 933377442 434152332 25766928 900620821 706561654 970306883 774799920 50160935 793976883 187084024 481030846 789754342 437126839 813193677 962367431 909436635 685359263 800203367 564460841 948132515 785469852 447749120 512382853 465106462 709382996 294875609 823505998 682479607 110802167 962345891 111978032 695940753 296470692 519447720 6609225 964901765 616185881 257583854 244371221 829280332 25851355 103355558 886651838 475522506 105171557 290884117 207149204 975511126 439823993 732182084 694261916 423239510 498540071 353714358 537900047 512861731 547809401 263287254 827090396 339220884 377355133 900187097 85022757 994705326 380988084 92723892 496840486 968667655 24795268 138161555 586775415 770247972 238388363 825461924 722972386 887276121 313169181 637656138 970520004 54897349 536285366 327591574 930233587 852542766 923180916 288748392 981110052 353663965 88787370 285467950 801850475 583361203 123258457 532388592 53295635 369105533 256666256 330058534 280661106 431941996 900963864 290040430 410271712 194174264 481113651 332629379 859696393 200347166 332412999 33826257 513825667 826569805 766659222 922646352 969890889 843371738 68606326 395598032 821979706 789052668 942836881 416776515 564574862 518362679 530782102 275136727 822217980 935731868 372807781 242080283 643452714 213596595 759667835 401188576 120575551 117642303 457244868 717839237 363770797 680649200 483236604 471663702 18182096 392414877 677379581 715503063 250079816 860411785 534137728 963177747 201243006 266627240 948805798 386667683 268422046 612382414 892689135 314565101 734698011 177484180 623690674 819561300 455582962 192910687 54473782 638846760 480492179 409689894 441477455 35963917 768661312 254221832 598621528 138415188 503412337 167553835 580661827 871245718 124301067 449145648 100589131 844115381 785306751 85597691 997136827 875838786 103230632 132096326 114525053 914116046 393513861 630648409 531209632 487192572 511568847 625298189 497642688 905055192 888299779 486479373 947474483 86936746 193720653 399489488 825484693 604045595 927714704 693339662 408567201 774682116 321813619 446912725 492953430 511130086 548470830 257671844 136708339 818294571 228420998 838032207 582809395 711111320 90858933 877868946 775046824 885913761 201185347 51341343 583721352 504324662 91338307 365613409 326342801 362441491 856767740 103489798 912959549 292018250 869036284 516541460 546855357 550932056 90236971 977063354 948248593 201803537 669613371 703808119 300783399 144856270 992552619 437985690 785034469 279901703 20313104 481135945 901783566 123958450 447681270 109518263 275878585 222710641 541648599 831730070 161688782 944584370 680034376 179589247 612627881 699568562 575256111 432459836 177746489 822066799 223621735 949059000 801233593 11513308 668771657 518361541 905021472 879987812 298796936 691248863 231115980 432338578 716926068 620501183 469490720 803152061 220594007 607187782 769005709 474950905 124632366 716793244 544312974 989862025 875639130 231729461 572788018 723515574 390913314 861002739 693740230 467872305 534670491 100454276 130859685 36725254 489467227 422308121 553324670 852685953 698791755 18508599 376176625 985760481 256195644 170324148 915170487 561591908 654092536 693989734 564762103 67686100 624231246 612573328 781953174 589839452 118288512 919388678 753618644 625084101 785082286 34923604 665651729 119976285 652179793 865493488 312153128 672397183 688113943 828434405 6651579 467354942 561840973 390358258 807342290 863564323 920433417 733921065 449946721 434851454 724657013 130470720 586811405 4935393 394353081 566447554 119390432 854221301 138565893 33280462 490184050 547975571 263337491 990163498 495536682 42672841 856613387 336021380 294371304 759886219 433473206 392556118 815858661 265886700 192502844 137907772 971127052 516874428 66296674 495609995 543840276 64522653 427377474 480076032 795406156 519508464 310357655 635932490 978584136 823814909 741295730 747173294 804920612 75453737 849358227 117756889 692187242 679062585 209688171 545015732 496469415 259514351 936658606 802106230 901167504 127551598 595055648 545221238 75935842 942421111 933507554 28325271 77185699 128081226 797869956 893679952 222916024 36460168 779612726 507084250 510787946 442938382
1 1 1 1 1 1 1 0 0 0 0 1 1 1 1 1 0 1 0 1 0 0 1 1 0 1 0 1 1 1 0 1 0 0 0 0 0 1 0 0 0 0 1 1 0 1 1 1 0 1 0 1 0 1 0 0 1 1 0 1 0 0 0 1 1 1 0 1 1 1 1 0 1 1 0 0 0 1 0 1 0 1 0 0 0 1 0 0 0 1 0 0 1 0 0 0 1 0 1 1 0 1 1 1 0 0 1 1 1 0 1 0 1 0 1 0 1 0 0 0 0 1 1 0 1 0 0 0 1 1 0 0 0 0 0 0 1 0 1 1 1 1 0 1 0 1 0 0 0 1 1 1 0 0 0 0 1 0 1 1 1 1 1 1 0 1 0 0 1 1 0 0 1 1 0 1 0 1 1 0 1 1 1 1 1 1 0 0 0 0 1 1 0 1 1 1 1 1 1 1 1 0 1 1 1 1 0 1 1 1 1 1 1 1 0 0 1 1 0 0 0 1 0 0 1 0 0 0 0 1 1 0 0 1 1 1 0 1 0 1 1 0 1 1 0 0 1 0 0 0 0 1 1 0 0 1 0 1 1 0 1 0 0 0 0 0 1 1 1 0 1 0 1 1 1 1 1 0 1 1 1 0 1 1 0 0 0 1 1 0 1 1 0 1 1 1 1 1 1 0 0 1 1 0 0 1 0 0 1 0 1 0 0 1 0 0 0 1 0 1 0 0 1 0 0 0 1 1 0 0 0 1 0 1 0 1 0 1 0 1 1 0 1 0 1 1 0 1 1 1 0 1 0 0 1 1 0 0 0 0 0 0 0 0 1 1 1 0 0 1 1 0 1 0 0 0 0 0 1 0 1 1 0 1 0 1 1 0 1 0 1 0 1 1 0 1 0 0 1 1 1 0 0 0 1 0 0 1 0 1 0 1 0 0 1 0 1 1 1 1 0 0 1 1 0 0 1 1 1 1 0 0 0 1 1 1 1 1 0 1 0 0 1 0 0 0 0 0 0 1 1 0 1 0 1 1 0 0 0 1 0 1 1 0 0 0 1 1 0 0 1 1 0 1 0 0 0 1 0 1 1 0 1 0 1 1 0 0 0 1 1 1 1 1 0 1 0 1 1 0 0 1 1 1 1 0 0 1 1 0 0 0 1 1 0 0 0 1 0 0 0 1 0 0 0 0 0 0 0 0 1 0 0 0 0 0 0 0 0 1 0 1 0 0 0 0 1 0 1 1 0 1 1 1 1 1 1 1 1 1 1 1 0 1 1 1 0 1 0 0 1 0 1 1 1 1 0 0 1 1 0 1 1 1 0 0 1 1 0 0 1 0 0 1 0 1 0 1 0 0 1 1 1 0 1 0 1 1 1 1 1 0 1 0 1 1 1 0 1 0 1 1 0 0 0 0 1 1 0 1 0 0 0 0 0 1 1 0 1 0 0 1 0 0 0 1 1 1 1 1 1 0 0 0 1 1 0 0 1 1 1 0 0 0 1 1 1 0 0 1 0 0 0 1 0 0 1 1 0 0 0 1 1 0 0 0 1 1 0 0 1 0 1 0 1 0 0 1 0 0 1 1 1 1 1 0 1 1 0 1 1 0 0 0 1 0 1 1 1 0 0 0 0 0 1 1 0 0 0 1 0 1 0 0 0 0 1 1 0 1 0 1 1 1 0 0 0 1 0 0 0 1 0 1 1 1 1 0 1 1 1 1 1 0 1 1 1 1 1 0 0 1 1 0 1 1 1 0 1 1 1 0 1 1 1 1 0 0 0 0 1 0 0 1 1 1 0 0 1 0 0 1 0 1 1 0 1 1 0 1 1 1 0 1 0 1 1 1 1 0 1 0 1 0 1 0 0 0 1 0 1 1 1 1 0 1 0 1 1 0 1 0 1 0 1 0 1 1 1 1 0 1 0 0 0 0 0 0 0 1 0 1 0 0 0 1 1 1 1 1 0 0 1 0 1 0 1 0 1 0 1 1 1 1 1 0 1 1 1 1 1 1 0 0 0 1 0 0 1 1 1 1 1 1 0 1 0 1 1 0 1 1 0 0 0 0 1 0 0 1 0 0 1 1 0 1 1 1 1 0 1 0 0 0 0 1 1 0 0 0 0 0 0 1 1 0 0 0 0 1 1 1 1 1 1 0 1 1 1 0 0 0 0 1 1 1 1 0 0 0 1 0 1 1 0 0 1 1 1 0 0 1 1 0 0 1 0 0 0 1 0 1 0 1 0 0 1 1 0 1 0 0 0 0 0 1 1 0 1 1 0 0 1 0 0 0 0 0 0 1 0 1 1 1 0 0 1 1 0 0 1 0 0 1 0 1 1 1 0 0 1 1 0 1 1 0 0 0 1 1 1 0 0 1 0 0 1 1 0 1 1 1 0 0 1 1 1 0 1 0 0 0 0 1 0 0 0 0 0 0 1 0 1 0 0 1 1 0 0 1 0 1 0 0 1 1 1 1 1 0 0 1 1 0 1 1 1 0 1 0 0 1 0 0 1 1 1 1 0 0 1 1 1 0 1 0 1 1 0 0 1 0 0 0 0 1 0 0 0 0 1 1 0 0 0 0 0 1 0 1 0 0 0 1 0 0 0 1 0 1 0 0 1 1 0 1 1 0 1 0 1 0 1 1 0 1 1 0 1 1 0 0 0 1 0 1 0 1 1 1 1 0 0 1 1 1 1 1 0 1 1 0 0 1 0 1 0 0 1 0 0 0 0 0 1 1 1 1 0 1 0 0 1 1 1 1 1 0 0 0 1 0 0 1 1 0 1 0 1 1 1 0 1 0 0 1 1 0 0 1 1 0 1 1 0 0 0 1 1 1 1 0 1 1 1 1 1 0 1 0 0 0 1 1 1 1 0 1 1 1 1 1 1 1 0 1 1 1 0 0 1 0 0 1 0 1 0 0 1 0 0 1 0 1 0 1 1 1 0 1 1 1 0 0 0 0 0 1 1 1 0 1 1 0 1 0 0 0 0 1 0 0 0 1 1 0 1 1 1 0 0 0 0 0 1 0 0 0 0 0 0 1 1 0 0 1 1 1 1 0 1 0 0 0 1 0 0 0 0 0 0 1 0 1 1 0 0 0 0 1 0 1 0 1 0 1 0 1 1 0 1 0 0 1 1 1 1 1 1 0 1 1 1 0 1 0 1 0 1 1 0 1 0 1 0 0 1 1 0 0 0 1 1 0 1 1 1 0 1 1 0 0 1 0 0 1 1 0 0 1 1 1 1 0 0 0 0 1 1 0 0 0 0 1 0 1 0 0 0 0 1 1 1 1 0 1 1 1 0 1 0 1 0 1 0 0 1 0 0 1 1 1 0 0 0 0 0 1 1 1 0 0 0 1 0 0 0 0 1 0 0 0 1 1 1 1 0 1 0 0 0 1 0 0 1 1 0 1 0 0 0 0 0 1 1 0 1 0 0 1 0 1 1 1 1 1 0 0 1 1 1 1 1 1 0 1 0 0 0 0 0 1 0 0 0 0 1 0 1 1 0 0 1 0 0 0 0 1 1 1 0 1 0 1 0 0 1 0 0 1 1 1 0 0 0 1 1 0 1 0 0 1 0 0 0 1 0 0 1 1 1 0 1 0 0 1 1 1 1 1 0 1 0 0 0 0 1 0 0 1 1 0 0 0 0 0 1 1 1 0 0 0 1 0 0 0 0 0 1 1 1 0 0 1 0 1 1 1 1 1 1 1 0 1 1 0 1 1 0 0 0 0 1 1 0 0 0 0 0 1 0 0 1 0 1 0 0 0 0 0 0 0 0 1 0 0 0 0 1 0 0 1 1 0 0 1 0 1 0 0 0 1 0 0 1 0 0 0 1 1 0 0 1 1 1 0 1 0 0 1 1 0 0 0 0 0 1 1 1 0 1 1 0 0 0 1 0 0 0 0 0 0 1 0 0 1 0 0 1 1 0 0 1 0 0 1 1 0 1 0 0 0 0 0 0 1 0 1 0 0 0 1 1 0 1 0 0 0 0 0 1 0 0 0 0 0 0 0 0 1 1 0 0 0 1 1 0 1 0 1 1 0 0 1 0 0 1 0 0 1 0 0 1 0 1 0 1 1 1 0 1 0 0 0 1 1 1 1 1 1 1 0 0 0 0 1 0 0 0 1 0 1 1 0 1 0 0 0 1 1 1 0 1 0 1 1 0 0 1 0 1 1 0 0 0 0 1 1 0 0 0 0 1 1 0 0 0 1 1 1 0 0 1 1 1 0 1 1 1 1 0 1 1 1 1 1 1 1 0 0 1 0 0 1 0 1 0 0 1 1 0 1 0 1 1 0 0 1 0 1 0 0 0 1 1 1 0 0 1 0 0 1 1 1 1 1 1 1 1 0 1 0 0 0 1 0 0 0 1 1 0 0 0 0 1 1 1 1 1 0 1 1 1 0 0 1 1 0 1 0 0 1 1 1 1 1 0 0 0 1 1 1 0 1 1 1 0 0 0 0 1 1 1 0 0 1 1 0 0 1 1 0 1 0 0 0 1 1 1 1 1 0 1 0 1 0 0 0 1 1 1 1 1 0 0 1 0 1 0 1 1 0 1 0 1 0 0 1 1 0 0 0 0 1 0 0 0 1 0 0 1 0 1 1 1 1 0 1 1 0 1 0 1 0 1 0 1 0 1 0 0 0 1 1 0 0 1 1 0 1 0 0 0 1 0 0 1 1 0 1 1 1 0 1 1 0 0 0 0 0 0 0 0 1 1 0 1 1 1 0 0 0 1 0 1 0 1 1 1 0 0 0 1 0 1 0 0 1 0 1 1 0 0 0 1 0 1 0 1 1 1 0 1 0 1 1 1 0 1 0 1 1 0 1 0 1 0 0 1 0 0 1 1 0 0 0 0 0 1 1 1 0 1 1 1 1 1 0 0 0 0 0 0 0 0 1 0 0 1 0 1 0 1 0 0 0 0 0 1 1 0 0 0 0 1 0 1 0 1 1 1 0 0 1 1 0 1 0 1 1 0 1 1 0 1 1 1 0 0 1 0 0 1 1 0 1 0 0 1 1 1 0 1 1 1 1 1 0 0 1 1 1 1 1 0 1 0 0 0 0 1 0 1 0 0 0 0 1 0 0 0 0 1 0 0 1 0 0 1 0 1 0 0 1 0 0 0 0 0 0 1 0 1 1 1 1 0 1 1 1 1 1 1 1 0 0 1 0 0 0 0 1 0 1 0 0 1 0 1 1 0 0 1 1 0 1 0 0 0 1 1 0 0 0 0 0 0 1 1 1 0 1 1 0 0 1 1 1 1 0 0 0 1 1 1 0 1 0 1 1 1 0 1 1 0 1 0 0 0 0 1 0 1 1 0 1 1 0 1 1 0 1 0 0 1 0 1 0 1 1 0 0 0 0 1 1 0 0 0 0 1 0 0 0 1 1 1 0 0 0 0 0 1 0 1 0 1 1 1 0 1 1 1 1 1 0 0 0 1 0 0 1 0 1 0 1 0 0 0 1 1 1 1 1 1 0 1 0 0 1 1 0 1 0 0 1 1 0 0 1 1 1 1 0 0 0 0 0 1 0 1 0 1 1 1 0 1 1 0 0 0 1 0 0 1 1 1 1 1 0 1 1 1 0 1 0 0 1 1 0 1 1 1 1 1 0 1 1 1 1 0 1 0 1 0 1 0 0 0 0 0 0 0 0 0 0 1 0 0 0 1 1 1 1 0 1 1 1999
556
588
1228
2163
2436
1894
2509
238
2241
509
306
896
2386
1146
874
1669
229
1899
1269
506
1831
1444
2453
1386
602
1749
34
1739
741
993
1913
376
2020
470
2470
1842
353
2388
1697
439
1740
590
2223
751
2477
1789
1277
2012
2414
600
142
895
2139
2326
32
556
1820
520
121
2410
2278
1458
1187
224
2397
644
1249
1631
41
1937
1910
1148
794
488
1837
1446
69
1885
130
682
60
1192
2006
1138
369
2384
1005
1666
454
98
2121
1144
1305
996
1554
1572
1828
1661
1687
2139
2045
137
1407
780
1670
1234
741
1263
293
1408
1294
2384
451
581
608
1413
112
1324
2037
1535
2303
2518
1122
2401
324
1922
1303
1765
2324
1126
1001
1304
230
1074
424
1829
229
878
2095
603
333
104
1428
2427
2451
2229
1947
467
246
1218
795
2322
1618
2036
1280
2193
1252
995
79
125
219
731
1594
31
626
502
2338
1443
96
2250
1911
1805
1520
1415
1394
1243
1295
1096
442
664
910
300
976
502
1622
1145
1474
2008
41
1036
1624
382
750
2095
1453
1291
1444
366
2365
2015
419
1478
1072
1148
576
455
2227
334
2305
1968
2365
1783
894
2406
1839
933
2256
2388
195
230
2310
2011
1893
1846
1702
44
625
1201
400
1396
2241
1083
2227
2537
979
308
277
1525
1769
1254
925
1099
1463
749
1596
1845
515
2100
1668
2149
544
933
805
1783
1116
1611
1968
2474
5
880
831
1910
713
1854
1412
1409
2530
2008
1769
1176
1662
1632
283
1178
65
1377
1060
698
1079
1371
1855
1107
716
1138
932
992
1202
1287
2149
2366
2060
2213
2030
2255
244
1365
1155
716
2059
605
1776
654
2255
1679
614
2271
142
530
547
2294
1073
1796
1828
2364
2
2509
353
1732
387
113
1752
1057
487
1244
1750
737
889
669
1931
1201
1199
2094
1713
2140
946
286
2490
1757
2035
1762
1786
1883
1987
2198
878
401
2527
2239
193
677
1831
1522
1376
437
2288
500
675
2047
1958
569
510
1462
824
224
1507
2169
1149
1311
379
446
1177
194
2507
2317
1980
744
717
1611
1651
713
635
37
1257
1890
2431
2134
1819
447
1560
1509
802
632
1707
81
1284
1065
885
382
2328
2160
710
1324
959
1634
2416
714
1703
2221
1406
680
1168
313
1205
841
640
369
314
2460
820
2264
298
1940
1315
2007
1815
2468
2000
1353
1661
461
1548
786
1855
1480
377
562
2160
236
761
1082
1064
32
511
789
586
1573
870
1598
1950
124
1334
1358
1077
2516
544
1665
1091
520
1868
2452
1570
2061
834
679
709
8
1750
805
1506
106
527
662
1097
738
113
2416
1892
2434
238
2149
1795
784
529
836
1
1506
1873
936
928
503
533
458
1106
805
1194
144
1998
562
426
1565
566
1115
954
606
659
347
880
1148
1678
440
85
460
2283
11
1144
819
1136
795
664
106
544
204
1249
641
1106
130
1452
2190
1587
1057
1558
1326
1802
2251
1021
464
848
908
2495
445
2372
649
656
509
343
2264
1401
735
730
1627
1086
798
1888
357
828
688
2397
813
1800
2441
1303
2465
1627
91
1462
406
861
1801
1159
204
1527
1619
377
378
3
199
2244
707
1424
1692
2087
1110
887
587
2454
770
581
852
1476
1895
679
634
1924
599
338
230
1519
2466
2056
428
352
1262
1610
570
1209
1663
1238
1971
1537
1540
569
2180
2030
1461
1014
365
2114
2189
1001
2026
428
374
529
1943
449
945
119
1631
20
50
1869
1405
1854
1739
911
1186
2472
138
621
1081
208
2436
715
689
2194
1434
816
1113
2234
1732
2053
325
948
664
1105
67
1446
1527
1484
1607
1544
2224
2468
1272
2458
2471
1862
1194
1353
1860
1008
2340
2077
1205
2018
2136
419
1605
1367
2479
1388
1861
314
2158
690
1457
1742
1081
1286
508
2189
2388
2037
2435
1510
2121
743
1248
2465
2120
184
1899
1237
1143
1951
1720
1509
1995
239
628
2152
2041
2138
1731
216
1833
2238
158
2402
731
821
393
1946
1346
1506
1572
1744
2535
1031
2109
560
94
1173
203
1650
1574
358
1753
2528
1866
1412
316
683
61
909
11
1892
186
2404
1441
1744
1331
1791
1824
1779
215
1716
2527
613
729
2417
1388
661
1047
2533
574
1720
1838
2058
583
321
1799
2253
938
318
2272
461
895
369
2292
2240
2251
408
2124
957
865
2155
1366
715
681
1069
1542
556
263
760
1943
257
92
2499
1651
1815
432
2386
341
1287
2432
1919
526
2001
2259
928
346
2159
2087
1589
1476
483
1607
100
2262
2206
839
988
579
2217
440
2015
2474
193
304
634
1295
798
1141
862
2510
1648
494
1363
2317
2091
1438
713
289
1133
1756
2116
1506
1530
1507
498
5
1825
643
2175
197
1794
14
225
2270
1732
2429
1387
1281
857
506
194
1845
196
89
2377
177
1396
2307
229
2196
1545
401
1332
701
251
1798
1801
253
366
1989
509
1564
566
129
1189
2134
2384
1558
1436
306
863
732
696
1831
2082
1583
791
1512
257
2019
2117
1383
517
1159
888
1993
140
1359
1991
1939
1539
1285
262
1247
888
2244
285
574
2211
1877
634
625
124
1509
1926
1825
128
284
12
238
451
2450
1731
220
2457
731
151
1623
494
1333
2118
1711
391
567
1059
1181
437
1979
421
1237
737
1823
1048
2480
2522
953
660
863
355
1971
2141
19
742
1389
726
2095
1788
2065
44
709
1336
1029
737
1426
823
2316
300
1901
1338
841
281
549
1776
2442
1085
1518
2238
922
1704
1455
2509
203
1396
2176
2452
828
1466
1140
2492
38
416
1547
1219
1370
1635
399
885
424
411
968
2297
251
1134
1514
942
1070
1018
1826
80
48
560
1261
2438
749
1625
160
1204
2440
2464
1291
1346
1218
1123
357
1852
1021
1415
2427
1551
2050
782
422
2229
449
2208
708
25
1968
395
57
951
965
789
341
196
2475
1274
832
418
1102
2058
2120
675
522
1649
2225
116
2378
436
2405
1084
2182
873
2301
978
634
167
1907
1148
1730
488
264
1264
1526
1423
1355
361
2002
898
603
1313
1935
1616
1801
2069
1310
2435
483
1498
1213
1342
815
1346
7
163
957
64
674
793
1278
2195
1818
2209
507
155
1111
1270
133
2031
92
462
558
291
1328
1493
543
1437
1989
1763
2132
618
2512
320
416
632
709
51
1697
611
2205
1028
361
581
635
1500
419
2439
18
2004
774
390
2535
2394
311
2308
1061
2173
349
1203
1152
1869
946
1570
2147
2365
19
2346
1490
1478
288
2310
786
2071
751
1479
1007
898
908
1270
2035
258
2167
205
1945
69
1433
2041
1357
333
1053
2063
2007
2255
2156
2459
2120
508
1181
1389
41
1428
1369
2443
221
1829
2270
2065
883
622
1196
2533
2430
1898
1904
1066
648
1651
1670
55
2411
838
1034
2248
2138
708
400
2180
201
1875
1323
1153
1088
1857
917
546
945
291
2158
303
2324
2259
832
1551
808
1416
296
2221
1812
1995
1645
1740
2464
1844
1981
2003
1445
2131
2403
2018
221
654
2362
477
2493
1824
2219
1787
2291
1391
358
6
819
1945
1587
778
2480
24
2179
1845
1138
349
2226
1440
1331
421
58
2268
2187
799
1555
2110
770
1242
1725
2333
91
2375
1426
457
2060
1769
1065
707
2368
1653
1045
2464
1884
185
2441
83
1100
1859
305
1867
579
595
1055
1591
1189
909
2089
1114
477
1643
550
1924
349
2068
2040
307
1205
1003
2521
994
863
2228
1565
1095
542
1730
662
2470
1980
1089
2332
2188
884
1539
1444
104
1696
1159
488
1708
2139
1832
1498
1935
460
1804
2295
34
1460
1163
1331
2165
2358
1572
1358
624
873
957
2294
339
2356
1569
697
1783
2058
200
2403
1008
888
819
1775
1830
1549
1673
81
1573
1693
1221
1984
673
694
1331
2064
2119
373
2071
2047
2472
753
2519
1012
1297
30
1642
105
1721
134
168
2284
1410
2501
1166
71
1414
1808
303
1524
925
346
346
1204
2148
2354
1862
2180
1019
1026
380
2386
2507
758
287
201
197
26
2513
356
659
2284
901
1877
733
2470
1112
2487
711
2193
670
1893
2052
1095
2506
2114
975
443
509
1627
1426
695
1590
399
1427
2507
739
1807
32
1680
1156
728
2416
1533
1773
2516
1969
2087
816
1124
6
648
1689
82
1777
2169
57
1391
1211
976
923
1482
682
1954
432
531
924
2448
911
187
1481
659
2387
19
938
1286
1517
1787
165
909
571
2004
1667
321
1371
1009
1070
540
1321
199
2338
603
378
911
990
1447
7
2283
23
1702
1196
1969
2174
2482
1269
89
912
1621
2472
715
411
2225
592
2361
2298
1203
1050
947
2504
1325
1137
2536
2255
353
2006
1219
1730
1892
1290
1695
839
1220
440
655
1705
1699
1182
2480
785
1177
577
467
1079
1753
1772
1465
1180
2218
52
802
1423
443
629
1517
365
2274
1467
122
2209
1630
2530
92
1775
1292
392
2214
316
2234
1291
850
2297
503
2491
1568
2432
1992
2189
130
1197
2076
1581
2205
2339
1003
1361
1042
506
869
1738
444
2339
1937
1632
853
1177
627
643
1791
2087
288
515
1313
1734
2399
2064
2536
977
527
2315
733
497
1165
916
58
374
1844
1204
78
2326
1695
1851
1835
701
960
2388
148
1123
1880
2081
387
2259
2512
224
2533
539
1645
485
1428
1593
371
364
1915
2027
333
618
1594
2165
1897
1267
455
571
1616
1723
66
248
2188
1820
1156
939
911
735
858
1699
2319
490
1050
2532
1666
2461
346
355
1953
1487
31
642
727
249
2048
1625
2186
1406
72
848
747
1505
2010
2442
2518
1491
2498
2132
2381
2316
114
106
2250
82
1477
1063
45
2487
676
2036
1717
2170
254
1613
2132
377
2367
2316
2089
449
1609
1603
579
739
586
1162
1257
2192
635
1648
2244
1918
451
1014
828
602
382
2181
1322
916
26
2177
2042
286
1812
1489
924
2011
552
1639
1982
2368
2041
146
2500
2345
1671
427
339
2397
2133
131
584
1361
1144
1796
1689
775
1648
2158
106
1784
234
1197
703
1052
66
1734
671
1033
2465
1653
799
1923
1688
812
1977
1355
751
1250
434
2273
1889
960
1475
1768
1507
1010
2052
1664
1251
1578
1527
1574
1047
1808
2167
2353
674
680
613
1079
1161
238
1829
234
89
643
1164
572
1839
1499
738
577
2340
78
79
692
1237
2125
177
143
1275
1048
942
177
1983
1574
2513
2514
1360
805
1390
1605
2501
1414
1056
814
207
1879
596
462
1213
1783
855
2050
731
1145
1251
1943
447
918
384
1489
1558
760
724
1446
306
920
2420
869
1553
2413
1002
325
753
380
1013
1888
1527
410
1151
2454
2178
2312
883
784
1359
1544
1700
941
2213
1635
260
1662
1384
2180
2463
1718
2233
1792
1241
2211
1300
2139
1886
584
277
627
1415
577
1272
98
1696
1052
1257
979
1408
1578
85
2149
775
2128
2401
1847
2227
2302
1376
1666
1504
1255
1496
1505
1265
1650
2134
1598
1506
1240
64
1081
533
1928
1983
114
881
417
1317
193
1336
1672
243
1490
171
737
658
1513
631
1161
1407
2400
1755
2165
1108
646
703
518
620
1693
1327
2012
601
2275
1247
856
1644
495
2019
293
176
298
1350
1678
1568
725
1075
1547
427
1409
880
420
2523
1708
1062
2500
2453
2179
964
2071
1012
1287
337
801
555
1470
268
276
1891
361
1714
1360
1141
1932
191
1959
1368
620
2214
465
1221
203
764
888
560
120
416
1334
2073
838
1069
1376
2369
237
2513
2408
15
233
213
2025
516
789
773
316
1846
2287
2301
303
2009
1549
514
2272
1413
197
2044
1714
1330
728
2003
2136
1818
664
974
396
1573
1942
2449
128
112
2200
1971
1207
319
2312
1014
426
977
1455
884
637
2461
455
1126
1183
1976
1619
1709
515
753
2160
109
813
2360
482
1347
1384
2496
832
995
615
352
2134
2074
2491
1187
241
272
1206
627
1509
941
1451
705
1631
1903
362
561
2503
2208
2048
20
389
1961
1046
1369
965
447
2385
1460
126
1507
1212
1477
671
1257
1118
229
1698
2050
1618
1682
1520
67
1503
1518
606
24
2321
1035
1551
81
968
505
553
775
1148
303
1168
829
288
446
806
2224
1131
1186
2529
389
2225
574
1921
1091
1623
1314
1099
69
925
538
575
2527
46
771
449
132
1818
2425
217
2500
138
1341
1998
2216
921
1093
1890
2098
1565
778
168
1934
699
1706
113
1878
1025
967
2208
54
1400
1389
1541
2077
1923
1092
2519
233
1171
1949
2086
2158
1726
2056
158
580
862
174
781
1552
25
1753
761
226
1072
1448
1020
1534
2475
878
230
1478
2507
2494
1563
81
2262
1320
316
855
589
1327
1636
1206
611
319
1283
51
735
2179
1045
2168
1741
1926
2377
714
946
280
1216
1973
2401
1834
1444
1705
2468
2383
2132
2092
298
2150
971
2332
317
2128
764
402
1939
404
1949
1870
2394
2140
987
2142
425
2184
1327
1635
923
1706
2058
1091
1848
1486
1392
923
635
705
1258
350
1269
1736
1720
2429
576
1035
720
1200
1410
129
2427
881
1644
571
959
55
1974
1549
1771
264
838
293
1608
123
331
867
1348
983
1693
1116
311
1873
1898
1112
1703
479
1535
884
1337
2413
1394
572
632
540
1756
2257
1966
1544
1746
2119
157
1941
1845
413
1489
579
190
2238
1641
226
750
1408
1215
504
1764
1542
1105
1845
900
1993
440
39
693
326
1974
470
855
2313
2163
1906
1769
750
515
1035
2182
719
2144
2089
890
2423
1365
2147
1297
680
1303
2385
2294
699
243
1341
1715
1792
1680
1951
2114
627
1020
2018
846
1026
1338
240
388
845
677
1946
1940
483
1514
129
314
2275
1388
2460
2179
2407
586
893
1369
2164
1682
500
1529
1321
765
2169
77
306
2393
917
793
99
331
2376
1134
1355
17
1019
539
1912
1575
1786
1810
2156
298
297
1918
357
403
307
1014
1851
1299
210
1804
919
1219
437
9
2426
2322
977
1236
2482
740
1432
333
466
269
635
474
828
106
2204
1825
973
2086
2282
1100
1556
192
2187
2458
1326
566
1918
560
1161
496
1367
1773
2099
589
2026
1456
31
1058
2063
516
1515
168
303
1352
2465
1981
2132
851
132
653
1224
2333
1168
1999
320
728
884
1667
2425
1040
2159
1772
1067
923
1115
490
1542
2523
783
1585
438
2075
113
379
1286
