-493 -190 300 100
-785 780
620 -186
769 -15
-458 223
-108 -430
-964 640
494 -854
659 581
-605 -820
460 23
434 -440
-441 238
825 -360
399 -218
943 -852
940 168
778 32
959 -358
-28 -943
-444 -724
530 -218
484 302
530 -795
182 -279
-821 545
872 732
-139 391
197 529
-178 -72
21 -171
34 -599
-305 -910
18 123
-409 -569
-468 522
426 44
64 687
594 -494
-34 -795
-272 -883
-83 -836
312 333
-744 -537
261 -956
775 79
-631 122
890 -220
-344 169
535 -460
748 -465
-357 671
-529 186
-84 -475
40 30
-540 424
-981 -250
286 -544
418 -311
763 -691
204 664
-78 24
-814 -723
935 -823
801 -40
787 -163
737 799
584 -391
-93 -419
659 385
-978 -952
951 371
733 458
889 784
-652 -475
145 747
811 -643
-889 -27
627 -852
-482 299
188 426
-918 930
320 -958
502 -651
-290 -445
89 475
-135 -315
-288 489
764 -965
-956 55
294 -909
-536 655
343 -499
-809 704
-387 438
-879 -543
549 960
-946 -107
-572 175
-729 867
-935 -145
141 597
38 -759
955 66
0 409
503 605
370 356
-17 -408
533 584
520 297
12 -430
885 17
400 -369
48 -149
109 -647
-997 651
-359 292
-995 -836
-806 399
474 696
-511 -919
415 229
100 -315
787 125
-128 -922
605 -312
-447 -135
-913 974
-503 -384
999 -136
193 516
-314 404
-934 290
158 144
-593 -540
-272 -650
-939 -591
531 911
783 955
357 -550
475 -677
624 -277
375 700
827 -933
632 715
760 -47
-309 -350
-102 -725
867 -445
-879 673
-957 -674
254 271
585 -994
-438 -80
791 -98
-37 877
-311 -426
536 -654
-850 692
801 -465
-169 427
467 -965
700 -719
808 852
-360 -350
-742 735
169 -84
-422 -489
-216 -710
-300 -413
195 -860
594 774
-518 125
425 372
-348 480
-281 323
-243 786
584 -740
393 -857
-812 -595
-771 -227
-554 -782
2 -295
-219 586
7 -599
581 710
669 -793
626 37
475 267
360 -521
-858 964
-811 -635
341 539
513 -928
970 -231
-271 -54
165 811
-883 -576
-744 -665
-27 929
-219 998
-458 -542
-697 -134
-209 249
-848 -481
898 513
496 680
369 543
-200 -505
553 112
-481 736
683 199
-842 228
701 -278
334 936
-907 -191
130 819
720 -835
-14 149
-768 78
-164 -559
879 -159
550 -239
-982 374
25 337
86 -858
-306 -464
334 395
-75 -286
117 -94
-7 13
272 654
822 575
-66 -609
-952 -857
583 -641
-324 683
-194 129
926 208
-555 -559
-537 492
-921 594
925 -898
-482 -717
-800 429
498 -15
785 -847
771 -813
-43 -695
-608 261
810 -129
-441 -699
916 170
-210 -346
-871 -754
299 495
131 741
-232 941
-774 -605
-842 671
-84 -993
125 -521
-891 -361
433 -851
390 -252
360 106
-754 -805
-541 -898
-703 -74
-977 980
-24 -804
-718 -34
866 -182
-404 518
149 -54
477 249
230 -530
394 961
-908 -754
-402 728
-104 -525
-28 721
-655 613
266 -521
782 28
-790 235
643 -930
804 -744
-404 -155
-915 917
-281 855
-697 -312
691 -23
-868 -776
462 630
136 -307
723 -94
503 -176
931 -808
-177 -597
118 638
-225 811
472 961
-188 -897
750 -878
314 340
-987 260
862 183
606 4
-432 415
-930 -105
133 -70
-620 54
-888 -162
-818 195
827 -579
996 878
-939 -901
830 -103
680 -541
-569 -342
-19 -188
313 -126
233 911
-674 -581
-546 129
-814 590
835 -128
597 -706
98 -772
-845 -247
350 -84
349 -750
971 -217
-174 -360
181 861
-960 482
-276 -635
-827 469
-752 -450
356 226
86 309
-797 -404
-571 -863
938 826
424 -886
-148 -303
89 -103
-892 -872
-307 316
923 -9
202 -708
-477 -364
581 536
-809 -983
-791 124
121 47
-430 748
193 711
256 -522
501 -192
603 -135
-263 239
-821 -950
-469 -744
-986 -362
-347 -791
-362 906
-857 -41
-956 139
-592 -126
-445 -723
-178 914
-567 15
-172 992
-614 -766
-581 -846
-209 -28
-144 -695
-284 -768
-819 211
-186 -285
-45 -958
-985 -5
-118 655
-618 303
-742 -766
-730 -170
856 387
-493 -596
701 442
693 -169
182 -231
-126 947
-482 -485
129 414
-859 578
887 -652
-188 -878
754 846
46 894
