2530 1
1 
2 
3 
1 
1 
4 
5 
2 
8 
2 
1 
4 
13 
14 
7 
7 
10 
4 
7 
8 
14 
3 
22 
13 
8 
13 
17 
5 
5 
9 
29 
32 
22 
12 
33 
26 
3 
1 
34 
30 
18 
14 
19 
22 
28 
1 
21 
8 
17 
6 
16 
3 
8 
41 
15 
4 
25 
48 
5 
12 
49 
5 
34 
55 
9 
39 
9 
4 
54 
6 
71 
70 
23 
46 
5 
68 
76 
77 
7 
64 
79 
67 
32 
69 
83 
1 
25 
87 
11 
69 
44 
85 
37 
40 
94 
95 
77 
71 
42 
32 
13 
66 
81 
98 
7 
96 
37 
35 
20 
76 
40 
84 
101 
14 
62 
83 
86 
41 
61 
14 
68 
106 
83 
32 
28 
95 
81 
68 
102 
11 
1 
20 
39 
132 
51 
85 
71 
80 
25 
9 
124 
33 
104 
67 
135 
94 
97 
83 
72 
46 
96 
143 
86 
13 
5 
42 
96 
133 
151 
8 
157 
77 
133 
83 
80 
31 
130 
10 
72 
153 
150 
171 
36 
103 
150 
163 
105 
7 
127 
73 
90 
142 
153 
65 
51 
45 
65 
157 
43 
60 
175 
184 
175 
194 
48 
84 
24 
124 
176 
69 
18 
97 
89 
12 
193 
53 
160 
152 
177 
65 
117 
195 
133 
76 
168 
118 
32 
2 
188 
94 
74 
86 
35 
223 
119 
15 
113 
77 
111 
228 
17 
158 
15 
2 
129 
25 
28 
87 
163 
156 
62 
140 
211 
152 
72 
102 
215 
199 
25 
240 
70 
190 
88 
42 
5 
36 
41 
122 
79 
116 
225 
216 
99 
17 
32 
175 
111 
222 
241 
42 
235 
170 
243 
264 
213 
149 
173 
26 
105 
203 
83 
1 
164 
159 
3 
78 
198 
37 
246 
39 
113 
44 
36 
239 
272 
249 
191 
115 
86 
229 
247 
106 
121 
250 
106 
67 
103 
202 
232 
2 
265 
43 
287 
128 
263 
258 
74 
123 
33 
249 
25 
149 
87 
37 
71 
193 
200 
267 
221 
220 
233 
96 
58 
4 
8 
264 
87 
174 
321 
297 
261 
248 
104 
253 
33 
284 
14 
153 
261 
258 
22 
293 
81 
112 
216 
292 
98 
202 
168 
124 
225 
80 
174 
157 
191 
7 
133 
200 
94 
206 
174 
267 
147 
363 
206 
337 
232 
203 
369 
123 
357 
42 
42 
181 
165 
384 
152 
352 
262 
206 
274 
283 
245 
185 
17 
137 
10 
203 
367 
125 
296 
208 
364 
340 
89 
285 
332 
222 
63 
309 
286 
23 
127 
216 
217 
139 
300 
175 
283 
185 
337 
76 
152 
2 
362 
210 
378 
110 
39 
165 
361 
203 
426 
400 
246 
392 
315 
10 
60 
229 
113 
407 
404 
102 
412 
286 
417 
358 
43 
392 
263 
224 
207 
427 
185 
354 
7 
91 
90 
220 
273 
395 
239 
319 
345 
274 
315 
69 
52 
49 
360 
84 
52 
62 
155 
236 
334 
35 
340 
219 
19 
141 
56 
139 
43 
23 
128 
274 
234 
166 
39 
473 
452 
23 
159 
122 
84 
400 
126 
32 
228 
141 
149 
165 
71 
35 
432 
6 
102 
339 
131 
207 
467 
180 
255 
48 
283 
462 
252 
234 
249 
494 
214 
475 
479 
258 
252 
382 
433 
202 
450 
325 
365 
299 
268 
285 
308 
186 
14 
64 
308 
174 
487 
206 
75 
356 
113 
347 
545 
444 
214 
159 
482 
37 
163 
517 
228 
36 
392 
527 
192 
71 
232 
49 
73 
19 
485 
309 
200 
455 
438 
232 
278 
240 
158 
169 
460 
511 
458 
354 
320 
390 
268 
235 
29 
123 
294 
221 
259 
220 
226 
511 
192 
183 
82 
193 
188 
279 
539 
235 
463 
161 
432 
17 
82 
538 
111 
576 
304 
335 
512 
578 
242 
337 
80 
38 
163 
412 
29 
539 
39 
254 
510 
482 
416 
208 
394 
507 
455 
507 
14 
570 
449 
433 
617 
298 
266 
88 
432 
254 
434 
641 
402 
440 
131 
429 
140 
9 
110 
473 
169 
258 
252 
453 
627 
454 
501 
611 
476 
334 
323 
396 
297 
508 
646 
520 
498 
249 
421 
136 
450 
112 
257 
233 
444 
10 
336 
340 
136 
665 
654 
625 
275 
16 
6 
525 
402 
82 
537 
215 
436 
219 
536 
387 
63 
558 
316 
447 
217 
362 
631 
284 
85 
492 
286 
450 
300 
571 
686 
93 
684 
29 
367 
373 
354 
217 
92 
374 
92 
213 
698 
90 
692 
257 
264 
637 
310 
322 
44 
25 
364 
700 
146 
434 
219 
402 
253 
119 
91 
285 
28 
614 
591 
71 
100 
201 
386 
511 
499 
502 
709 
425 
452 
463 
163 
3 
134 
589 
120 
78 
348 
309 
455 
508 
413 
392 
372 
59 
80 
162 
483 
625 
435 
649 
741 
242 
40 
322 
351 
728 
693 
767 
157 
484 
321 
672 
707 
706 
357 
65 
317 
118 
381 
15 
755 
692 
64 
410 
777 
545 
228 
550 
71 
744 
146 
321 
114 
252 
702 
118 
399 
192 
400 
691 
498 
368 
220 
579 
693 
745 
44 
507 
604 
411 
146 
265 
757 
42 
560 
298 
11 
687 
442 
260 
537 
686 
356 
146 
721 
469 
372 
224 
485 
450 
337 
82 
593 
733 
113 
836 
16 
828 
436 
507 
390 
82 
395 
557 
850 
774 
91 
271 
235 
863 
727 
814 
579 
455 
690 
717 
361 
320 
413 
332 
133 
331 
585 
61 
592 
333 
362 
682 
608 
480 
377 
265 
307 
632 
696 
304 
520 
204 
344 
540 
473 
270 
471 
243 
484 
341 
244 
22 
505 
876 
77 
226 
606 
180 
556 
315 
767 
810 
199 
316 
817 
762 
112 
670 
908 
109 
792 
602 
31 
349 
556 
546 
263 
834 
588 
244 
240 
296 
565 
729 
609 
793 
657 
595 
581 
407 
926 
624 
865 
881 
891 
365 
849 
733 
150 
568 
825 
547 
503 
745 
424 
135 
290 
278 
399 
908 
438 
405 
101 
942 
937 
925 
871 
670 
514 
159 
5 
862 
688 
950 
814 
663 
310 
919 
346 
301 
430 
686 
67 
157 
747 
111 
553 
933 
204 
498 
964 
181 
212 
257 
687 
738 
677 
668 
265 
975 
499 
436 
816 
222 
676 
345 
274 
842 
262 
198 
804 
798 
540 
699 
831 
954 
831 
261 
556 
279 
497 
762 
274 
655 
942 
855 
985 
253 
190 
285 
89 
637 
888 
642 
564 
980 
976 
556 
530 
240 
142 
87 
733 
61 
149 
69 
840 
394 
982 
409 
113 
456 
278 
505 
829 
121 
95 
153 
424 
318 
290 
471 
395 
927 
546 
792 
889 
671 
289 
767 
455 
948 
148 
290 
1034 
577 
325 
1077 
97 
99 
844 
181 
144 
749 
871 
544 
652 
779 
517 
327 
262 
330 
272 
1032 
923 
1055 
422 
705 
85 
1060 
257 
629 
199 
613 
852 
270 
330 
864 
372 
778 
47 
586 
955 
521 
1008 
329 
716 
623 
141 
318 
614 
939 
307 
326 
601 
140 
637 
836 
1006 
954 
1054 
719 
668 
837 
885 
687 
998 
70 
214 
544 
737 
335 
86 
841 
94 
726 
665 
122 
834 
826 
815 
376 
488 
1023 
361 
97 
66 
660 
606 
458 
973 
639 
980 
83 
690 
21 
713 
90 
132 
118 
748 
395 
48 
1056 
144 
296 
324 
603 
134 
707 
759 
209 
966 
193 
320 
504 
663 
257 
1005 
794 
407 
888 
844 
450 
28 
225 
922 
78 
56 
266 
654 
859 
46 
1136 
440 
24 
109 
364 
972 
1130 
223 
242 
871 
471 
782 
928 
1204 
396 
674 
113 
304 
1206 
1026 
136 
263 
622 
967 
821 
492 
373 
259 
1066 
492 
1186 
120 
596 
1213 
250 
20 
25 
1241 
259 
716 
809 
664 
79 
144 
681 
738 
1068 
1225 
344 
1202 
1137 
365 
720 
1163 
484 
281 
224 
601 
1161 
1111 
1175 
732 
115 
1099 
1045 
446 
146 
138 
667 
666 
1095 
649 
527 
834 
1176 
598 
227 
6 
564 
933 
716 
160 
717 
156 
816 
1221 
1017 
859 
309 
482 
456 
503 
856 
535 
540 
916 
224 
747 
494 
1215 
1117 
821 
1223 
609 
71 
625 
328 
992 
400 
574 
109 
187 
410 
1072 
550 
440 
299 
555 
717 
598 
398 
442 
806 
1174 
986 
859 
541 
161 
1191 
227 
216 
1031 
963 
1113 
213 
580 
643 
1145 
261 
100 
647 
968 
82 
497 
967 
133 
763 
375 
599 
781 
712 
951 
242 
1045 
508 
1151 
80 
765 
67 
492 
735 
884 
640 
313 
775 
638 
406 
62 
432 
682 
512 
1141 
326 
814 
719 
689 
278 
2 
704 
189 
785 
67 
427 
278 
613 
125 
1016 
1018 
55 
344 
918 
680 
137 
1048 
1037 
481 
607 
300 
627 
982 
1050 
560 
1098 
1102 
605 
1003 
351 
1041 
359 
1061 
231 
448 
859 
42 
426 
661 
1007 
1014 
1047 
66 
987 
870 
734 
599 
938 
202 
896 
12 
231 
97 
1003 
448 
731 
279 
893 
541 
111 
155 
486 
504 
646 
79 
236 
400 
602 
463 
251 
1063 
741 
684 
133 
816 
1021 
920 
200 
501 
539 
703 
674 
955 
679 
708 
362 
563 
909 
293 
27 
565 
1053 
798 
484 
601 
377 
167 
222 
961 
1016 
482 
641 
319 
594 
263 
1012 
402 
637 
652 
898 
1007 
146 
276 
35 
563 
580 
716 
562 
563 
783 
226 
100 
628 
933 
496 
687 
460 
240 
858 
353 
450 
964 
1000 
487 
975 
831 
1005 
908 
893 
906 
376 
947 
115 
488 
705 
246 
946 
281 
639 
991 
505 
954 
683 
804 
186 
450 
368 
107 
63 
176 
129 
276 
571 
376 
828 
521 
240 
501 
353 
572 
424 
619 
914 
50 
337 
711 
455 
147 
907 
17 
579 
712 
141 
908 
632 
483 
581 
359 
339 
799 
621 
950 
574 
314 
781 
491 
25 
234 
87 
395 
730 
206 
474 
296 
855 
307 
451 
453 
555 
840 
822 
53 
97 
101 
163 
907 
726 
69 
579 
369 
882 
807 
628 
883 
173 
635 
411 
69 
154 
229 
293 
643 
22 
182 
775 
185 
495 
119 
233 
261 
747 
776 
710 
203 
125 
601 
794 
893 
328 
838 
688 
177 
522 
402 
692 
250 
18 
379 
733 
632 
772 
548 
350 
477 
261 
829 
269 
107 
455 
223 
203 
319 
332 
809 
869 
130 
251 
234 
610 
144 
349 
551 
327 
361 
486 
211 
291 
339 
494 
693 
808 
34 
41 
460 
843 
776 
420 
74 
547 
749 
350 
817 
497 
488 
706 
83 
277 
200 
553 
200 
385 
89 
296 
539 
112 
538 
381 
399 
329 
338 
255 
650 
392 
782 
815 
378 
371 
85 
399 
362 
270 
109 
537 
770 
171 
97 
362 
341 
800 
123 
233 
38 
761 
38 
337 
682 
600 
701 
48 
25 
399 
251 
279 
53 
42 
357 
211 
570 
731 
267 
241 
757 
724 
500 
122 
232 
736 
575 
353 
507 
210 
336 
697 
604 
92 
729 
107 
168 
229 
372 
219 
736 
716 
621 
736 
582 
434 
352 
307 
471 
36 
25 
425 
407 
367 
130 
293 
212 
271 
571 
80 
504 
629 
723 
481 
208 
319 
657 
336 
82 
303 
412 
100 
735 
215 
211 
494 
694 
654 
391 
123 
304 
185 
428 
109 
49 
498 
363 
233 
152 
151 
472 
359 
103 
480 
534 
135 
603 
497 
339 
408 
487 
23 
598 
144 
102 
499 
395 
370 
314 
127 
424 
281 
324 
197 
404 
536 
563 
432 
612 
676 
190 
140 
654 
578 
415 
583 
648 
530 
121 
373 
290 
199 
521 
524 
92 
86 
181 
56 
659 
492 
479 
664 
278 
642 
312 
556 
10 
658 
112 
87 
557 
233 
158 
40 
395 
572 
385 
365 
93 
213 
236 
52 
386 
113 
505 
134 
359 
472 
372 
542 
470 
388 
23 
451 
65 
202 
443 
162 
503 
595 
173 
567 
138 
211 
378 
341 
486 
569 
617 
568 
479 
9 
489 
227 
499 
12 
161 
585 
517 
465 
330 
601 
140 
306 
343 
524 
318 
571 
25 
421 
66 
82 
105 
383 
163 
293 
57 
219 
369 
517 
493 
322 
480 
210 
421 
400 
236 
130 
393 
230 
348 
2 
218 
385 
73 
210 
448 
99 
214 
556 
243 
120 
506 
78 
50 
469 
108 
143 
373 
422 
2 
506 
284 
25 
443 
539 
206 
375 
199 
11 
283 
129 
259 
100 
357 
335 
25 
406 
242 
84 
45 
114 
339 
33 
515 
224 
402 
267 
405 
188 
107 
33 
108 
375 
302 
507 
111 
137 
148 
400 
98 
152 
155 
356 
94 
7 
497 
494 
214 
440 
181 
69 
473 
249 
303 
131 
241 
172 
159 
457 
326 
394 
167 
426 
190 
317 
63 
484 
412 
346 
450 
386 
334 
126 
68 
57 
227 
394 
363 
460 
442 
427 
243 
260 
65 
435 
158 
440 
301 
62 
414 
371 
233 
297 
423 
431 
140 
437 
155 
98 
366 
91 
424 
347 
340 
351 
47 
343 
255 
224 
90 
292 
376 
49 
317 
410 
261 
87 
34 
414 
358 
139 
257 
248 
275 
41 
174 
34 
2 
337 
107 
249 
22 
76 
423 
187 
81 
26 
75 
348 
265 
8 
12 
410 
204 
255 
323 
116 
314 
175 
248 
392 
33 
111 
324 
20 
25 
92 
358 
221 
6 
172 
273 
141 
253 
53 
26 
121 
175 
344 
60 
7 
340 
334 
118 
253 
21 
301 
187 
372 
344 
181 
248 
8 
351 
55 
11 
37 
228 
197 
178 
352 
327 
278 
93 
69 
247 
26 
56 
151 
91 
51 
159 
333 
58 
72 
87 
16 
308 
87 
88 
5 
66 
148 
51 
6 
181 
236 
27 
14 
62 
9 
194 
277 
150 
95 
274 
179 
154 
233 
37 
291 
117 
216 
72 
294 
96 
85 
71 
152 
97 
283 
177 
274 
83 
75 
52 
148 
276 
188 
35 
92 
98 
131 
54 
6 
282 
213 
178 
168 
124 
265 
143 
115 
24 
216 
41 
273 
102 
82 
76 
223 
195 
45 
9 
157 
205 
124 
73 
268 
74 
109 
198 
242 
155 
133 
74 
158 
132 
98 
152 
235 
46 
4 
265 
193 
140 
87 
122 
51 
22 
159 
64 
159 
130 
27 
119 
190 
35 
50 
17 
32 
12 
48 
143 
150 
142 
149 
239 
178 
124 
210 
171 
69 
183 
199 
1 
87 
34 
91 
150 
29 
29 
5 
3 
122 
145 
45 
204 
71 
22 
73 
98 
3 
144 
6 
49 
87 
153 
132 
37 
75 
91 
92 
8 
7 
89 
92 
102 
186 
8 
184 
49 
146 
124 
149 
80 
96 
164 
140 
60 
123 
139 
140 
142 
177 
104 
18 
62 
76 
27 
128 
148 
49 
4 
95 
84 
94 
56 
127 
54 
10 
144 
139 
15 
36 
55 
144 
117 
23 
127 
36 
110 
94 
108 
32 
121 
136 
87 
49 
37 
7 
16 
3 
55 
23 
43 
22 
45 
139 
13 
118 
53 
109 
6 
118 
64 
32 
49 
113 
75 
33 
33 
26 
17 
75 
17 
93 
53 
81 
55 
116 
64 
116 
35 
89 
62 
8 
16 
86 
110 
36 
106 
4 
67 
45 
81 
50 
78 
60 
17 
60 
32 
40 
10 
68 
91 
30 
8 
17 
43 
1 
1 
82 
7 
25 
3 
39 
72 
62 
79 
48 
11 
43 
59 
48 
36 
18 
31 
46 
41 
46 
43 
54 
21 
48 
59 
35 
26 
11 
42 
15 
43 
3 
10 
4 
31 
49 
40 
34 
44 
24 
29 
45 
25 
2 
15 
11 
18 
24 
15 
10 
7 
19 
16 
18 
12 
26 
9 
25 
29 
11 
16 
25 
18 
8 
24 
11 
2 
15 
17 
13 
15 
9 
6 
14 
10 
10 
2 
5 
5 
9 
1 
6 
3 
1 
1 
3 
2 

