2830 1
79153 
50846 
77327 
86849 
57584 
64262 
6671 
88968 
61396 
64527 
82066 
13748 
35646 
54364 
14319 
26476 
95692 
57855 
20906 
20802 
68018 
55186 
82759 
87863 
66380 
63485 
23004 
93554 
99820 
73451 
35112 
94867 
77945 
62056 
24575 
65460 
38434 
83548 
83088 
35642 
20785 
50785 
79989 
43706 
26080 
96183 
21164 
34330 
87027 
91456 
49718 
92513 
61591 
898 
5654 
54313 
79640 
66020 
85768 
89128 
47427 
89500 
64046 
71973 
8211 
43690 
12218 
53296 
89847 
30286 
4133 
12467 
76057 
56906 
18085 
11476 
45400 
23621 
49295 
83503 
93520 
68320 
7314 
29878 
639 
37946 
41127 
97413 
89912 
99147 
65139 
68428 
5930 
85726 
43376 
41751 
8652 
43340 
50558 
66740 
26471 
82620 
73610 
34236 
72270 
16690 
483 
60857 
33970 
75761 
74601 
18964 
31472 
71283 
4423 
6346 
24720 
20103 
37029 
17795 
24213 
69291 
62050 
61864 
30558 
41327 
68730 
24957 
49228 
58230 
13599 
90239 
55740 
58545 
15217 
77894 
90006 
85500 
22327 
69503 
7119 
98192 
63334 
53333 
7971 
22596 
18731 
37423 
43795 
61016 
62247 
78328 
64551 
36424 
58875 
48472 
29691 
98825 
92913 
43933 
52300 
56720 
21004 
79525 
93750 
19795 
66622 
69630 
93292 
38227 
84873 
45100 
15493 
96095 
97535 
7428 
62139 
91101 
77270 
35678 
15785 
92133 
46370 
48135 
79330 
51496 
80797 
61404 
58072 
79210 
13385 
90323 
28561 
13949 
84983 
47651 
87684 
20455 
86167 
85481 
29902 
6630 
30113 
60358 
49905 
74415 
4057 
3941 
79302 
26239 
44609 
17795 
50816 
95503 
15743 
48625 
75524 
32831 
11450 
36733 
79736 
95943 
28619 
65053 
77885 
79954 
4556 
33858 
7828 
89096 
35084 
93263 
12812 
40577 
96668 
25176 
41215 
36684 
84939 
8897 
54471 
17076 
62244 
23190 
50379 
63327 
11491 
37203 
60566 
85178 
73102 
11534 
24625 
4183 
97508 
26516 
77007 
28084 
27353 
34126 
71507 
48267 
10049 
59095 
40903 
48546 
56772 
62303 
76197 
66645 
26157 
14281 
67578 
72812 
29837 
63307 
92669 
68879 
57620 
20742 
88329 
63573 
24016 
99131 
65213 
68030 
51432 
94858 
56581 
44117 
65661 
42378 
59766 
66566 
47170 
36240 
84857 
59830 
2739 
30283 
41486 
98203 
49127 
67110 
87877 
48550 
78397 
66385 
63622 
83038 
22251 
33998 
28528 
41795 
13433 
44826 
30498 
82679 
83410 
17099 
30931 
47404 
85782 
43286 
88334 
19495 
20776 
97537 
53060 
95898 
99795 
54939 
83864 
63070 
8137 
37748 
82808 
98668 
95 
12127 
36963 
57616 
24474 
57597 
57071 
19443 
38765 
8951 
72010 
5824 
82039 
98559 
43973 
11113 
71026 
69932 
84660 
25614 
79804 
11682 
39716 
68877 
506 
26745 
8649 
38299 
74645 
11252 
38481 
72937 
64732 
23649 
59518 
59887 
57476 
98112 
7723 
15863 
19441 
79892 
61940 
86060 
28387 
55402 
8779 
70181 
85709 
55790 
51926 
45612 
74100 
95575 
73740 
32870 
6340 
80881 
82800 
99502 
25744 
38239 
58276 
48487 
34254 
64902 
30508 
99903 
27975 
32755 
75166 
60364 
74627 
20294 
33771 
32363 
77394 
23590 
63428 
48924 
99433 
42932 
55228 
57773 
14201 
96326 
34127 
42149 
29500 
98477 
85335 
84962 
53096 
52474 
67175 
41189 
24924 
84647 
51221 
67947 
116 
2822 
57825 
84565 
2783 
59718 
59353 
53189 
41622 
80332 
60809 
35419 
65542 
5539 
17334 
90596 
52618 
8652 
13037 
34865 
92388 
46798 
53842 
79830 
8092 
55807 
61618 
35792 
69061 
51919 
26812 
80549 
25731 
96342 
14532 
82103 
7250 
94703 
90695 
43941 
14573 
1684 
78699 
97413 
21390 
51613 
89440 
4523 
80446 
7703 
38676 
57953 
94138 
12934 
41530 
83804 
29861 
89343 
32363 
69416 
42484 
37 
69047 
79156 
49876 
65531 
66196 
50672 
3800 
76077 
71077 
24654 
8002 
98451 
41452 
33293 
95168 
58887 
49244 
41249 
59710 
37427 
68428 
6725 
79396 
88903 
401 
78023 
387 
29779 
51550 
80236 
16355 
30988 
86118 
53602 
30464 
73848 
90180 
74931 
81242 
29174 
64248 
20422 
98178 
57479 
48728 
10116 
57695 
78316 
96539 
61390 
58533 
98717 
93165 
28229 
51752 
53579 
86826 
44532 
92654 
65959 
25931 
8786 
59313 
42651 
71433 
35126 
23794 
43089 
29429 
89306 
65121 
6632 
27140 
98221 
37351 
3577 
71208 
8195 
94095 
13674 
64461 
84883 
75724 
82280 
22310 
49937 
17615 
55216 
6294 
51018 
42442 
37608 
3547 
7867 
3377 
34617 
93668 
69748 
82410 
39724 
41661 
31641 
62045 
98776 
87820 
12694 
18331 
40822 
69842 
68196 
51505 
84658 
7429 
46518 
13506 
36126 
84516 
58854 
38945 
96964 
12329 
1063 
75613 
40956 
64681 
8891 
67398 
30164 
40899 
60177 
44864 
46313 
30510 
54709 
16516 
44660 
31520 
41170 
12074 
62715 
38276 
33311 
30538 
96788 
37386 
49935 
37032 
28030 
87220 
54565 
70319 
60442 
66722 
26005 
6427 
64508 
45332 
91173 
84630 
28639 
94898 
26553 
9262 
8126 
80234 
65673 
76017 
39677 
59558 
18565 
40179 
12641 
58740 
12347 
86979 
71378 
48293 
33838 
70163 
79380 
50123 
92067 
50785 
67086 
37894 
92166 
47274 
77578 
97822 
57679 
80040 
19687 
91668 
16498 
20275 
7082 
56805 
77410 
21352 
46315 
90279 
83881 
25076 
14502 
7994 
44008 
77504 
48768 
90655 
31524 
96458 
6458 
44858 
65964 
9982 
27965 
37414 
21680 
82411 
32113 
89639 
66415 
56934 
20488 
67235 
93901 
79278 
31405 
90198 
80084 
83774 
77842 
56896 
68290 
58629 
29508 
33297 
62604 
92772 
35989 
6080 
5413 
2725 
90261 
25298 
27019 
40210 
58969 
73538 
11474 
32257 
50895 
70069 
5108 
67570 
30849 
34257 
22926 
97109 
26918 
91945 
91390 
22233 
63090 
98131 
75973 
37046 
25439 
58688 
38092 
22881 
40525 
79683 
91045 
87898 
17420 
29937 
89681 
77869 
64829 
5118 
51940 
50153 
82457 
77457 
53247 
38311 
62135 
30871 
87208 
27399 
56340 
22110 
65587 
17954 
44500 
38893 
75617 
79689 
36241 
46746 
12259 
56194 
14491 
56742 
82 
3267 
24922 
46276 
93251 
84747 
33518 
29031 
43708 
39207 
87596 
36765 
64097 
44266 
44297 
93728 
50985 
61103 
70274 
6028 
48277 
1343 
58748 
16518 
72628 
47757 
92798 
22438 
62594 
872 
12924 
4041 
78564 
6872 
20923 
34652 
18577 
83193 
43869 
54276 
96971 
20219 
3306 
16908 
3525 
42082 
36759 
35126 
52530 
73947 
84474 
93466 
99843 
48281 
31556 
92940 
40634 
9502 
10367 
13922 
99766 
78643 
6361 
28322 
51467 
95643 
38700 
96710 
58495 
20398 
48519 
90558 
38558 
44393 
14132 
36344 
33711 
81049 
43892 
60475 
56104 
71942 
11376 
13295 
95222 
80588 
47518 
32363 
16329 
48548 
80408 
76473 
3621 
70229 
44628 
14202 
96231 
62295 
38735 
8145 
67434 
91732 
64142 
7580 
83259 
21313 
34849 
16877 
21754 
58226 
62116 
45120 
7997 
42875 
56162 
83625 
36018 
57972 
43954 
10653 
88624 
33170 
43247 
75068 
23674 
93249 
69552 
18774 
70506 
80039 
92117 
57853 
59277 
4767 
90227 
90450 
74790 
6418 
88499 
38675 
645 
12459 
12101 
95890 
26836 
19796 
54309 
73189 
43988 
45472 
47626 
98276 
61053 
31165 
82792 
81935 
58908 
5897 
35831 
22893 
14370 
55567 
82940 
50502 
93064 
90775 
68364 
27588 
80175 
1027 
59232 
46791 
62213 
44657 
31922 
17762 
30319 
93258 
35633 
68173 
25014 
9963 
83620 
56520 
77834 
59869 
61042 
27344 
31239 
98116 
29989 
47136 
72907 
1526 
3287 
27684 
69434 
29267 
16991 
73886 
71360 
90824 
28668 
17712 
14382 
62258 
54953 
400 
35615 
81343 
9208 
55046 
71285 
92919 
3021 
54895 
21113 
47520 
24709 
25601 
90680 
62630 
92507 
64769 
35717 
73810 
6373 
71199 
37287 
99490 
26322 
51646 
76808 
57492 
86970 
67002 
57982 
24606 
22320 
80301 
89085 
59531 
83241 
63297 
71067 
86668 
73789 
22829 
76620 
47281 
61986 
69202 
95318 
55970 
43678 
82601 
76110 
44300 
13752 
43012 
86488 
78171 
92858 
29905 
66059 
64222 
12230 
34359 
83054 
77347 
37803 
37792 
14293 
53382 
75702 
37436 
91029 
15472 
38215 
46669 
1692 
11115 
34703 
99363 
7750 
99998 
80419 
40054 
85386 
61447 
65507 
18839 
92378 
68194 
30943 
97844 
81794 
88119 
39354 
99675 
42628 
34069 
408 
91791 
93199 
27283 
29130 
5516 
39525 
85948 
56645 
26480 
8971 
50434 
63733 
525 
4701 
54522 
19542 
57937 
124 
25990 
38871 
30428 
33891 
68709 
43013 
79678 
55151 
34799 
86179 
49283 
72955 
45672 
24050 
57010 
77480 
76677 
76916 
95559 
14592 
43982 
49789 
57165 
62167 
45745 
56504 
64900 
92438 
12054 
39629 
80426 
36982 
21869 
78391 
37485 
33651 
43010 
13660 
23643 
39531 
70913 
96106 
59734 
9073 
31179 
78538 
87989 
69406 
78112 
67703 
11921 
34572 
96110 
79629 
92452 
98004 
48123 
18940 
22203 
33703 
8473 
25447 
97430 
59346 
44938 
42416 
49998 
14172 
54542 
75717 
80475 
95924 
77409 
42636 
88428 
20822 
6379 
11084 
26278 
52588 
18305 
24142 
69002 
23724 
78941 
285 
9334 
60379 
48405 
80184 
22016 
81174 
1342 
93496 
32282 
49627 
6743 
90684 
53916 
24459 
79245 
95560 
13445 
76172 
18237 
39439 
13176 
99713 
16220 
53706 
15907 
98936 
96455 
50706 
73499 
52716 
80511 
11619 
30187 
1631 
46637 
17656 
38341 
49983 
21759 
21083 
11254 
88634 
21418 
88041 
40248 
8477 
37069 
77810 
416 
4882 
76382 
45513 
17245 
51540 
8939 
12614 
99408 
15443 
7136 
23654 
7611 
97844 
90380 
73056 
28388 
71381 
52547 
69219 
44903 
53302 
18695 
52689 
96788 
12701 
11310 
71069 
70612 
33427 
72567 
95374 
8868 
50745 
87181 
32618 
18229 
88701 
62613 
22681 
64364 
53319 
12930 
69010 
59031 
16988 
70404 
97038 
40650 
6066 
43981 
82591 
84513 
14929 
6466 
73293 
74543 
19432 
62791 
58834 
66287 
7288 
86515 
53574 
82198 
33428 
7204 
60004 
36875 
53760 
99664 
16055 
28677 
58224 
23681 
87612 
40670 
35155 
17296 
75671 
33381 
49361 
59645 
45869 
61603 
38830 
89944 
80593 
39197 
15892 
15229 
95672 
20840 
2539 
51705 
16700 
6828 
2698 
92785 
12106 
83222 
82414 
8108 
77267 
47235 
55799 
1267 
69304 
48719 
54230 
98673 
80189 
67118 
164 
85105 
50532 
35364 
42266 
72236 
43249 
6902 
399 
21554 
79808 
3504 
61005 
65755 
74484 
12220 
11822 
52177 
5111 
12051 
41303 
15204 
697 
72620 
20659 
77819 
51270 
18082 
63130 
99852 
84751 
4162 
84547 
64878 
3190 
98627 
40733 
77750 
82606 
77808 
43301 
92232 
10943 
7387 
35899 
83013 
32616 
73615 
11376 
8075 
6893 
69011 
82230 
76930 
93208 
2869 
44312 
47197 
10653 
13494 
37491 
98731 
37645 
26720 
48203 
59597 
68567 
37921 
21450 
7926 
72503 
88081 
11036 
41671 
69301 
28593 
43669 
12099 
88197 
88003 
60196 
50699 
39924 
68161 
38157 
85712 
6129 
25779 
52128 
66235 
92810 
16642 
5600 
9933 
41843 
56431 
41395 
41327 
20435 
99264 
57503 
65568 
63527 
32820 
67066 
7223 
8406 
72843 
54975 
66303 
25643 
76314 
19651 
33671 
23511 
9470 
13761 
47300 
31359 
17769 
64384 
66613 
56156 
19476 
85476 
84075 
46457 
94379 
17627 
46665 
67199 
40885 
70494 
2353 
60049 
99570 
14455 
3420 
73773 
90605 
24226 
51764 
52001 
21681 
42101 
33436 
54828 
851 
38412 
61008 
9981 
68115 
24990 
87829 
48419 
59075 
618 
49035 
16359 
7930 
20781 
38739 
64173 
76819 
43282 
13919 
79347 
19734 
93160 
70516 
26470 
88835 
62733 
45347 
83574 
16126 
93699 
52734 
41634 
27650 
19217 
61825 
32409 
18929 
5961 
8717 
30102 
668 
2731 
91480 
15374 
91196 
34463 
14619 
81130 
79709 
2930 
5869 
14584 
84497 
40133 
40776 
83492 
29121 
60516 
45475 
52772 
5048 
70645 
56755 
67360 
51774 
72633 
20215 
83265 
43539 
92967 
25255 
30827 
79039 
75689 
52401 
8175 
84205 
16230 
9829 
78151 
2670 
18314 
55277 
81961 
18506 
53033 
64539 
30444 
6331 
23922 
94692 
81170 
99713 
78483 
87013 
93620 
81420 
47872 
85712 
55745 
30485 
15810 
66737 
57750 
56302 
184 
89834 
57203 
85350 
96348 
53669 
12992 
34037 
14966 
38048 
89531 
48558 
51492 
42480 
19521 
63558 
30782 
14128 
92704 
607 
43083 
49209 
27164 
65086 
21128 
99825 
29736 
83319 
72546 
78928 
42869 
30623 
94170 
66673 
59209 
67601 
75390 
16198 
66307 
21809 
53471 
42144 
80611 
85329 
21343 
20609 
54620 
76446 
27223 
2790 
32161 
91869 
37195 
78197 
21115 
99419 
28757 
40521 
13624 
56625 
30606 
7020 
27858 
49951 
29660 
94483 
71945 
97845 
85093 
71080 
93298 
92647 
44037 
12726 
26382 
75793 
298 
99156 
77498 
69827 
48637 
60820 
70152 
19157 
11990 
20715 
94265 
7479 
2446 
55611 
78750 
36642 
2178 
17283 
85373 
21452 
10568 
52567 
30837 
81917 
6601 
63305 
1353 
99904 
5804 
32785 
35176 
6291 
13210 
95477 
79279 
40436 
33758 
30393 
68811 
26265 
72498 
61947 
12280 
1235 
61165 
73421 
60037 
13056 
19549 
46795 
41989 
32593 
78879 
91345 
59018 
61821 
71616 
8985 
14170 
18686 
21033 
91517 
69661 
10461 
40535 
81872 
11383 
47268 
40219 
12652 
75856 
38801 
3877 
39142 
82135 
27998 
51827 
49849 
64634 
7667 
2384 
75978 
4417 
56598 
89998 
49764 
87423 
47424 
64315 
96049 
23991 
49280 
42634 
656 
27493 
21287 
95964 
24440 
97864 
50249 
69063 
46798 
83014 
22134 
46822 
37486 
86048 
62990 
66338 
76840 
46349 
26112 
98617 
1146 
76126 
14404 
79763 
84759 
90180 
77540 
15550 
74025 
97149 
14579 
31521 
52408 
31432 
76374 
4338 
73588 
47106 
73726 
83427 
45881 
68585 
31071 
58500 
27560 
3512 
72561 
62162 
8600 
27389 
75269 
44172 
97249 
50312 
16900 
14273 
80683 
18225 
24770 
78231 
5830 
69489 
9966 
22554 
47702 
71617 
32073 
41585 
72785 
80906 
87353 
49703 
85829 
19305 
39883 
86748 
52894 
54153 
47812 
9578 
32630 
49479 
1139 
68850 
61078 
46985 
98221 
35923 
68806 
78960 
74803 
49454 
35602 
7951 
81195 
11484 
45202 
92306 
7343 
72997 
9326 
50572 
54833 
40435 
68527 
78293 
93908 
46832 
78018 
1614 
27032 
95949 
70125 
93212 
76383 
38466 
51878 
25115 
86936 
26186 
78948 
26799 
56637 
58676 
93745 
85158 
90657 
91355 
27186 
35475 
93491 
78667 
12929 
78624 
39677 
26089 
4190 
50241 
73038 
23946 
76900 
67881 
56475 
28532 
27998 
36863 
25076 
92884 
5004 
46639 
71160 
489 
14974 
59398 
16355 
40938 
46952 
82880 
1133 
70588 
41337 
29949 
74350 
7371 
72916 
32315 
84942 
47915 
80233 
4982 
46494 
46415 
54676 
91327 
5401 
23098 
50672 
42107 
58445 
84332 
87899 
14310 
73494 
62010 
72556 
30957 
32918 
13201 
75576 
72964 
27932 
66511 
28502 
18599 
8793 
69641 
43981 
75588 
39648 
34366 
23802 
44665 
62584 
42255 
48875 
48288 
66059 
69336 
24028 
32680 
89132 
27272 
959 
32012 
26624 
82262 
21025 
89515 
72316 
85590 
71319 
28542 
26675 
50015 
54598 
91499 
47978 
92176 
41405 
49017 
76031 
38813 
89719 
46440 
79600 
61602 
28529 
98691 
8411 
57669 
80870 
6752 
43207 
40754 
70945 
63403 
67746 
9479 
58936 
79354 
41182 
68808 
18556 
96618 
67883 
13025 
42551 
29517 
92246 
13477 
32670 
72260 
47576 
5658 
67518 
4159 
83973 
29267 
24842 
69155 
5911 
26194 
22923 
14661 
28158 
57747 
74975 
94853 
69047 
2708 
40482 
68724 
6721 
61927 
84192 
66408 
54973 
24563 
77159 
97391 
71032 
38143 
70073 
5537 
8434 
34327 
90101 
11143 
61005 
88590 
92343 
44358 
59077 
23888 
43178 
2413 
45685 
33011 
29345 
59410 
90671 
76743 
84784 
4928 
52154 
78317 
22915 
12129 
24589 
24661 
90883 
26136 
1212 
5028 
63892 
55202 
9855 
26208 
64950 
73619 
37586 
42299 
89881 
26821 
89829 
67449 
61467 
75521 
64178 
31328 
14581 
53607 
65784 
56365 
87687 
36074 
57548 
72030 
34969 
35249 
54420 
91303 
1286 
59036 
42933 
4578 
20669 
10391 
92198 
9977 
29609 
13600 
5760 
40024 
41346 
36328 
25270 
41032 
55320 
37847 
8299 
98713 
46997 
95302 
79642 
37193 
77223 
23213 
70286 
40082 
208 
28055 
79876 
97343 
60594 
83439 
6529 
54434 
90099 
66836 
6782 
17048 
42101 
73504 
71501 
69150 
46471 
92781 
16691 
15730 
88951 
21481 
1414 
4017 
38982 
91825 
34497 
70696 
49335 
87493 
83901 
76913 
79608 
36372 
68085 
59712 
43340 
55504 
30770 
27898 
55258 
23714 
22107 
54388 
35538 
43630 
24354 
41868 
26689 
95908 
45398 
80992 
75112 
75720 
67560 
20820 
5785 
89773 
57938 
74856 
40624 
5279 
50860 
23303 
78215 
51377 
10623 
7299 
80551 
99428 
14042 
54546 
48091 
21562 
40042 
1140 
5894 
4655 
52082 
5472 
89305 
83138 
26276 
1444 
42820 
49265 
74408 
8591 
39338 
63547 
49254 
79794 
92758 
88193 
8941 
93507 
90923 
61529 
96956 
33057 
59124 
16720 
23386 
95922 
82043 
95849 
44837 
83925 
95697 
82919 
65228 
6773 
41806 
30913 
40547 
21652 
80134 
46301 
75595 
36022 
39391 
21883 
48001 
73842 
75218 
73418 
8161 
8325 
30727 
2950 
34510 
67696 
93194 
74948 
49420 
44731 
86842 
58260 
60625 
68216 
16321 
4419 
51663 
34377 
60629 
39030 
49231 
49787 
99267 
11483 
66706 
71658 
96866 
60783 
69569 
2526 
96443 
65587 
17055 
55190 
39732 
11715 
25147 
18365 
21292 
85587 
73752 
36669 
51663 
78617 
94188 
8882 
91718 
77048 
6468 
20100 
97666 
50 
73099 
58865 
61317 
80555 
72667 
36248 
85967 
36291 
64332 
48012 
71632 
18785 
64890 
89626 
67900 
55578 
3760 
48460 
27548 
16007 
31244 
99114 
64035 
11231 
93078 
86259 
16378 
60584 
32285 
34167 
64047 
2949 
23759 
86337 
83426 
21858 
31462 
79214 
14157 
89307 
46060 
18553 
23435 
74244 
81878 
82322 
97013 
14364 
31248 
78592 
20749 
7519 
43805 
36651 
43509 
38124 
40753 
25440 
98485 
81545 
10520 
13654 
27788 
37963 
10363 
90459 
21215 
78081 
44745 
21436 
57822 
29206 
12635 
65103 
31649 
38675 
85811 
71645 
57182 
39691 
63290 
51096 
26215 
22286 
92193 
99100 
4346 
11609 
82243 
18901 
99242 
69393 
24230 
70272 
35555 
56100 
32166 
34260 
8239 
13556 
11140 
45924 
10890 
17565 
46585 
56553 
47521 
68977 
67801 
57293 
41077 
15675 
38422 
19504 
46619 
50134 
64685 
35197 
87838 
41940 
35245 
8057 
52473 
95060 
744 
23665 
77708 
91489 
23750 
99551 
92460 
53140 
76513 
54970 
12432 
89712 
98317 
69072 
64253 
74841 
12495 
78747 
17370 
33886 
83206 
80158 
20545 
48145 
90503 
3294 
3682 
652 
45504 
98134 
95727 
80187 
48415 
29404 
11709 
84656 
96686 
99396 
17843 
69480 
98599 
55906 
93946 
36985 
28769 
65701 
73991 
96572 
78085 
34054 
2648 
43658 
1376 
21851 
81426 
69993 
9367 
97282 
88190 
89250 
94346 
96853 
54795 
76884 
24973 
51866 
75578 
95718 
80477 
24709 
28537 
81508 
23344 
10392 
52675 
5140 
26847 
4505 
65311 
56986 
93944 
72418 
70641 
17262 
59457 
47075 
36385 
56391 
72800 
3902 
76403 
58292 
56858 
10802 
90782 
83369 
40852 
14660 
18811 
50207 
30454 
61653 
31810 
35613 
67754 
12888 
19959 
55425 
36878 
23923 
63114 
11443 
83804 
25106 
7271 
99834 
65569 
74898 
69803 
28711 
48229 
85186 
98507 
47266 
89296 
19886 
82784 
26208 
48381 
44347 
75135 
2377 
91221 
71317 
93180 
14096 
33104 
65297 
9502 
94925 
13704 
66666 
68798 
22080 
90763 
33039 
26267 
87210 
2114 
21928 
43562 
49693 
17185 
35744 
82044 
54461 
94921 
90529 
10003 
96081 
65263 
87031 
85705 
21747 
49926 
36641 
19250 
45785 
73712 
77507 
59323 
87820 
66632 
47588 
25182 
3655 
24793 
49606 
57856 
56808 
79963 
36397 
18640 
34308 
97104 
60800 
14217 
46606 
11469 
67153 
21324 
33776 
23860 
56323 
41621 
67086 
57582 
96020 
52906 
67838 
51797 
2480 
30066 
16770 
32807 
63167 
24580 
27173 
50660 
26608 
46334 
37423 
33039 
684 
48147 
43255 
47274 
33991 
13005 
32432 
29438 
51682 
62602 
36700 
58746 
68210 
70373 
57450 
274 
94887 
29181 
33248 
12085 
59900 
17858 
72041 
79086 
26856 
81244 
79605 
9596 
66552 
38186 
77964 
70754 
50351 
67530 
12265 
45128 
93987 
86064 
55143 
71412 
69052 
83264 
48984 
2535 
88612 
11108 
14242 
85891 
85141 
68493 
86953 
13148 
10247 
86162 
36872 
11605 
80722 
90055 
33034 
77581 
23399 
3680 
20740 
7174 
64159 
53210 
67806 
64595 
7295 
43326 
29800 
78532 
40880 
74598 
45924 
25573 
18392 
84100 
18875 
23569 
74439 
4861 
5510 
3033 
64982 
75293 
98170 
42759 
2731 
51890 
11633 
36243 
84417 
99694 
45073 
11501 
40137 
40627 
21699 
5800 
84945 
37360 
55490 
7679 
37231 
90508 
31403 
32659 
86722 
20890 
97604 
92626 
9491 
4168 
8652 
3545 
67750 
74331 
48868 
21899 
53661 
12668 
66266 
82425 
2558 
3515 
58560 
91925 
71589 
91653 
86334 
89092 
4154 
78715 
58847 
31028 
7187 
38153 
11198 
60834 
47515 

