38 38
106 840 98 358 976 803 525 519 23 495 355 84 222 908 641 461 533 232 78 550 484 187 212 824 997 258 496 853 176 387 138 419 206 324 986 931 398 807
59 583 59 740 666 70 220 910 124 613 684 714 30 957 67 747 455 183 572 74 855 624 367 81 917 248 93 753 294 559 658 328 939 973 493 260 860 234
497 124 730 379 625 584 117 898 492 669 933 663 484 196 962 171 88 149 928 711 947 799 66 281 21 468 985 697 804 372 263 236 341 414 883 864 592 489
213 210 797 425 980 20 846 610 940 602 846 958 523 394 620 636 286 893 682 25 837 437 21 535 281 99 100 312 995 840 928 999 604 567 9 837 708 387
300 798 514 552 338 491 849 585 946 619 932 75 118 162 620 904 796 713 644 97 235 467 865 714 729 376 769 248 261 815 902 961 900 912 19 274 477 488
4 740 8 662 982 391 379 500 211 543 773 208 673 703 951 938 942 677 329 14 183 675 359 780 71 839 160 924 861 271 17 565 475 38 690 171 866 75
202 318 641 932 284 577 740 310 545 92 586 654 258 983 238 75 711 752 638 123 884 279 71 568 659 23 160 482 668 439 892 90 919 483 946 716 271 504
938 54 997 516 927 38 125 571 918 779 577 990 217 503 101 2 792 767 558 697 407 995 55 852 205 200 869 766 10 856 350 413 481 1 462 990 658 863
904 659 403 290 657 971 302 235 610 933 908 374 258 182 341 516 240 985 921 339 674 778 133 594 574 55 44 771 836 331 570 877 387 483 360 750 430 669
130 592 453 479 815 781 461 685 269 442 206 195 150 337 455 179 780 693 481 634 145 769 806 157 344 753 905 589 148 303 22 14 461 913 155 241 734 497
901 867 341 93 697 990 347 923 531 664 734 534 243 618 998 381 36 575 950 627 878 784 205 41 215 131 367 828 628 156 553 77 300 956 406 945 292 184
367 535 819 951 188 608 365 97 472 225 786 870 320 929 38 367 624 243 183 238 182 109 92 876 846 614 378 1 560 989 378 923 836 349 349 899 460 313
737 734 528 153 329 352 9 592 27 211 369 114 7 810 85 802 728 80 628 390 547 136 517 612 92 39 576 131 440 255 24 14 862 302 306 652 701 699
307 987 423 946 109 205 497 106 390 897 989 974 429 886 186 925 238 722 830 31 723 967 516 715 919 387 617 154 614 713 632 669 603 697 824 960 381 993
521 632 572 187 251 181 661 820 449 614 385 580 716 855 744 908 983 780 881 209 769 762 682 632 75 692 50 229 850 990 809 794 598 615 392 620 366 168
564 561 973 28 782 224 112 625 384 738 938 162 132 905 603 329 453 599 234 381 221 150 466 640 93 400 528 900 631 729 953 346 206 247 544 84 808 642
457 203 358 176 290 787 711 974 942 127 342 391 754 962 694 472 55 352 843 988 461 230 485 343 237 82 213 65 780 275 252 214 726 123 394 266 616 288
904 21 818 242 94 747 756 306 517 103 212 141 705 930 81 477 505 548 972 69 733 505 797 208 352 184 709 529 1 40 468 415 423 970 967 860 551 529
29 570 673 453 899 613 51 958 770 66 970 689 588 730 817 593 489 199 793 873 362 70 127 28 22 737 254 752 315 54 125 442 208 896 63 453 200 124
813 525 163 831 484 581 406 838 71 972 194 553 365 132 224 179 647 255 431 592 164 269 434 563 567 672 888 193 743 164 320 691 888 544 182 909 993 754
770 324 64 286 551 999 309 848 74 2 424 413 863 104 184 130 50 854 108 470 352 288 853 846 82 527 411 499 209 26 122 332 752 144 271 519 101 201
711 516 474 399 638 424 271 255 731 370 436 664 32 134 303 322 204 735 311 467 585 140 786 619 937 56 364 308 823 421 680 434 27 32 413 96 469 369
312 382 521 262 703 105 745 324 800 15 610 596 550 518 209 939 679 372 160 151 474 552 397 844 804 933 768 842 895 736 363 423 834 532 588 914 71 649
985 39 200 538 559 369 970 134 234 868 347 396 355 607 697 352 355 809 934 887 827 711 108 549 504 869 959 164 965 414 755 248 925 786 716 648 497 417
572 759 897 56 45 411 708 171 401 515 877 747 127 706 617 256 87 528 776 428 894 539 590 880 105 430 298 310 537 399 362 193 116 377 278 158 408 630
926 596 31 737 300 1 578 864 111 929 769 470 726 288 656 489 883 615 370 615 42 646 379 16 772 676 932 504 122 994 65 758 709 408 862 205 626 490
419 142 124 32 913 545 94 182 42 296 17 65 740 719 566 886 474 185 287 113 989 31 716 639 86 95 543 244 973 857 629 644 303 749 231 824 928 985
861 89 531 712 596 870 130 541 847 66 773 4 783 271 767 561 572 444 239 910 885 87 236 385 953 205 288 367 257 934 659 620 689 279 653 935 349 928
80 70 441 273 428 962 129 329 477 862 116 216 116 677 522 265 567 986 136 907 423 878 98 872 479 539 857 195 758 44 269 976 435 7 369 224 871 520
157 790 923 353 767 695 843 288 793 613 378 757 45 783 211 171 388 676 883 642 158 609 891 513 83 428 752 964 554 170 312 267 376 159 892 156 287 231
645 890 520 206 582 866 651 130 991 631 51 34 480 41 418 519 793 426 959 90 670 982 385 121 118 331 596 973 661 100 911 537 616 66 604 382 176 89
85 882 913 824 162 331 783 84 217 152 898 835 683 618 145 428 623 278 565 232 399 469 814 405 491 282 286 162 716 203 613 166 37 884 4 111 786 373
914 256 41 724 207 678 647 855 373 952 681 695 682 329 126 104 58 687 539 511 230 929 862 781 662 751 254 748 798 648 430 564 562 97 611 190 759 264
930 669 932 368 807 138 811 388 363 42 557 8 20 599 779 891 66 120 711 290 936 771 376 628 275 523 339 717 178 624 514 393 843 780 45 584 209 993
973 854 364 507 799 106 913 8 777 852 422 603 316 869 547 757 895 836 186 983 844 659 864 904 939 996 706 32 710 146 212 233 602 220 873 799 770 709
255 705 285 343 136 286 17 620 957 115 820 656 271 495 9 940 614 594 158 738 334 191 527 204 538 833 257 790 956 526 324 496 251 85 676 875 764 353
795 903 270 203 564 889 40 330 758 923 381 819 945 992 700 725 784 452 11 249 660 146 823 527 900 129 685 830 392 412 798 790 157 952 18 733 664 298
805 419 787 400 467 439 623 327 365 242 972 725 959 590 221 846 468 223 809 845 747 481 532 783 112 510 843 128 411 262 971 921 306 30 74 977 395 904

836 787 222 688 780 831 972 150 273 806 239 872 314 758 550 679 778 304 514 223 680 102 196 334 715 866 228 888 508 950 853 130 981 473 144 113 179
504 859 488 152 608 449 478 440 762 872 728 265 543 963 86 253 862 680 353 655 56 2 82 696 196 970 41 252 272 392 101 952 519 474 994 276 71
393 647 130 855 482 125 655 970 662 489 65 41 320 435 449 793 295 505 622 38 54 411 392 955 725 305 558 447 949 404 368 145 115 798 359 646 526
956 536 221 309 950 174 886 607 401 358 304 166 559 527 227 795 120 828 984 384 243 194 173 887 242 443 104 343 701 839 309 77 977 166 101 371 538
289 599 433 564 652 777 587 598 495 777 812 382 41 91 448 494 75 207 357 464 745 290 645 351 269 300 452 274 796 210 295 745 641 670 1 467 386
314 339 643 634 229 537 259 670 365 360 589 754 761 749 744 357 362 898 725 668 49 43 883 691 798 742 666 299 633 934 229 143 985 600 696 11 99
528 930 169 916 166 262 891 709 556 242 130 229 961 790 584 647 341 468 134 808 824 236 334 834 491 834 765 58 89 714 216 280 201 444 319 325 706
593 726 935 256 175 681 321 175 313 919 902 896 680 328 57 657 199 823 192 944 308 672 283 859 880 926 210 583 967 641 757 369 22 7 538 445 165
181 105 287 182 663 770 60 545 699 902 159 37 730 630 436 349 137 801 169 915 898 559 193 156 144 606 757 695 89 403 641 847 620 233 343 812 988
186 268 531 853 272 577 247 656 132 175 889 636 141 730 963 407 582 361 535 429 732 444 257 657 1 286 160 665 72 463 258 406 197 489 893 390 281
270 713 285 2 945 252 442 57 982 191 835 148 780 658 31 399 272 606 888 807 478 285 269 443 123 884 379 713 323 1 608 202 541 346 422 686 223
599 909 720 234 783 5 230 701 620 467 98 824 507 379 425 539 510 753 183 36 821 667 381 4 412 609 985 223 121 768 849 842 296 532 919 897 290
322 979 915 545 174 429 192 121 639 211 526 666 957 319 322 957 922 681 127 435 568 559 606 712 405 810 143 427 357 363 849 817 886 603 767 898 278
725 741 805 684 820 693 76 889 571 407 514 693 77 245 365 430 566 357 597 812 593 647 630 444 342 638 542 682 661 23 476 956 473 92 696 331 622
897 14 328 361 552 150 806 8 569 329 596 146 290 795 258 230 49 0 975 928 785 468 655 827 673 67 894 884 732 817 340 339 65 264 254 417 912
164 87 281 974 233 323 616 676 626 296 17 973 138 340 49 994 766 939 451 707 907 956 301 966 578 172 365 635 516 230 790 533 709 230 400 39 865
331 15 783 695 410 46 584 345 557 309 214 818 267 587 536 193 417 348 805 304 513 519 633 8 975 355 937 365 215 807 515 553 936 987 790 326 325
149 934 547 790 38 32 685 438 143 828 159 714 63 449 740 129 640 456 23 886 25 99 542 937 537 798 701 902 869 716 72 254 765 862 480 374 909
20 866 324 259 822 620 585 355 710 259 617 328 308 190 472 463 676 837 482 304 539 647 264 570 404 585 623 329 572 735 305 793 412 473 765 522 15
229 167 914 568 675 4 371 452 118 893 206 214 530 150 877 229 951 82 365 683 780 194 440 675 968 687 966 933 868 412 59 171 66 198 949 158 811
438 629 630 87 735 527 655 221 646 109 784 787 750 361 836 191 106 960 766 519 500 849 334 871 665 260 837 743 478 385 339 811 107 797 447 239 710
498 272 801 650 599 715 286 951 708 243 514 236 385 449 382 58 797 171 275 79 227 279 456 109 141 212 584 269 894 222 258 402 648 764 327 46 108
8 380 94 963 381 672 229 674 456 833 369 700 210 830 877 673 651 145 16 687 653 946 484 675 782 828 767 819 798 756 140 91 512 179 915 470 645
63 725 990 559 434 721 363 317 562 400 639 306 145 557 281 573 795 540 899 556 179 753 863 326 357 530 524 468 307 292 120 75 909 646 306 457 153
312 617 812 388 513 909 642 813 227 353 123 63 301 519 581 246 991 838 289 659 157 812 820 863 544 698 956 691 785 980 302 582 291 103 911 209 811
680 85 584 933 633 626 58 72 837 565 640 316 493 684 933 678 980 852 183 812 371 939 192 230 451 57 983 506 907 330 447 309 44 500 453 728 952
336 489 316 630 316 162 217 161 538 144 307 637 613 471 124 235 56 212 887 54 671 739 646 479 28 480 232 865 954 860 440 615 113 424 407 974 121
282 758 341 438 985 113 8 666 674 23 622 510 958 350 569 766 796 861 498 43 728 89 912 969 408 775 249 930 268 459 632 863 950 548 135 862 479
185 188 322 436 510 113 273 363 439 855 962 856 757 286 58 923 802 267 824 403 573 933 691 834 18 142 516 327 592 4 532 925 349 353 565 566 439
386 857 13 877 383 59 884 756 66 648 731 106 417 335 570 373 891 284 512 868 580 292 6 892 545 156 238 599 821 99 674 78 471 988 371 383 459
508 676 695 895 23 919 498 670 652 806 787 141 784 284 964 564 712 729 193 719 140 225 873 103 501 707 139 369 272 747 125 231 656 664 762 806 153
973 389 790 460 189 897 666 178 13 625 302 995 464 765 869 157 672 456 536 684 435 580 823 283 941 338 60 679 754 74 564 736 566 393 258 795 140
501 443 972 881 275 666 53 647 481 610 112 798 674 520 740 685 499 688 136 280 234 137 472 243 572 522 378 219 653 238 883 133 55 941 524 905 493
543 951 381 543 826 670 669 593 983 394 609 122 451 562 253 836 613 244 994 209 993 415 147 144 62 53 138 386 275 208 666 465 74 459 858 887 690
121 496 53 669 723 729 435 323 854 785 87 794 313 927 285 117 961 505 548 498 516 336 110 450 746 572 39 615 643 333 729 866 796 808 406 355 823
419 539 238 292 529 131 577 815 878 9 599 754 103 870 354 646 96 634 987 952 769 646 362 592 492 894 274 77 693 517 560 682 284 232 650 544 940
725 81 719 389 314 0 277 517 48 75 436 930 6 522 92 735 5 271 224 768 671 73 879 182 511 43 185 93 130 373 148 600 971 353 703 159 695

847 228 864 531 805 279 831 486 583 534 158 330 62 33 54 755 971 673 720 881 210 325 950 639 684 239 50 206 851 41 317 87 551 788 739 386
975 672 309 738 967 62 396 391 898 240 391 547 454 442 238 670 394 79 920 618 241 12 668 658 984 166 556 591 345 35 953 723 611 163 440 994
15 671 249 263 623 318 740 678 967 409 408 46 653 248 120 213 485 793 85 330 239 862 297 376 102 152 480 759 36 755 402 658 578 944 446 799
823 163 416 708 457 293 137 771 161 166 418 978 989 93 621 149 520 815 540 969 882 965 575 21 121 604 762 436 921 240 891 876 964 49 315 375
689 205 723 749 52 84 739 864 848 436 6 468 415 947 281 519 111 255 71 608 783 648 78 301 161 369 108 495 687 25 728 78 274 157 240 285
817 131 208 967 477 782 935 865 280 633 601 999 178 202 832 787 672 667 671 593 623 386 214 72 837 716 738 657 615 428 648 644 515 172 537 896
465 206 327 81 793 90 394 941 948 699 843 348 342 452 33 154 720 899 544 180 439 867 692 471 250 718 681 685 599 885 410 104 996 230 982 942
62 607 44 369 899 532 529 160 496 324 135 420 71 9 991 53 163 766 43 871 282 856 238 346 731 861 743 843 873 213 895 252 943 781 767 977
838 290 603 590 221 819 459 893 951 873 581 333 391 75 23 921 610 209 769 873 237 306 541 970 875 362 28 858 252 948 808 827 539 824 756 970
884 102 311 248 907 709 868 682 822 770 32 471 930 526 506 328 773 47 320 4 478 579 135 171 348 535 232 435 166 897 587 482 557 80 828 639
506 701 776 569 168 910 797 114 39 429 971 416 318 930 547 809 535 153 25 902 736 90 506 949 816 2 713 340 526 748 850 930 128 572 724 785
138 626 689 536 769 436 619 898 130 663 316 376 404 499 134 96 258 458 996 442 674 542 692 254 240 329 225 205 636 550 576 56 606 180 898 631
845 123 919 545 549 339 494 657 356 55 179 501 663 426 112 63 351 703 349 599 713 784 285 333 659 243 379 243 326 450 707 189 601 400 188 1
166 37 823 530 878 372 151 568 514 622 831 49 96 87 768 875 494 591 460 694 928 47 527 764 47 362 810 854 424 235 655 346 532 769 244 441
207 647 579 947 958 469 741 52 78 623 491 753 902 601 163 704 236 235 409 143 769 120 383 312 148 948 324 332 767 565 959 827 945 152 799 844
579 3 469 926 946 300 818 828 612 125 336 935 554 44 177 650 804 851 303 502 496 972 169 439 545 885 369 492 639 564 910 152 316 801 988 925
599 383 928 46 241 791 377 952 558 170 645 69 942 127 413 168 932 648 179 142 812 186 571 790 545 821 301 735 217 986 16 866 251 524 547 780
811 494 202 355 728 610 890 198 747 761 446 380 225 366 365 483 885 431 723 391 285 736 374 917 303 498 42 182 324 845 432 595 876 941 431 880
420 708 255 511 665 232 78 699 590 739 640 209 33 675 380 470 750 530 112 328 362 23 610 974 750 139 113 741 100 849 263 717 468 443 714 616
285 612 595 197 617 865 779 602 839 954 848 959 564 865 628 629 381 13 988 849 866 888 534 451 749 971 699 18 822 833 14 944 197 289 914 397
30 67 569 743 193 879 654 32 215 30 34 233 157 38 140 126 939 292 356 389 388 127 837 50 88 485 688 697 541 599 293 332 254 693 442 982
786 744 452 826 480 227 501 975 867 40 904 765 671 524 153 497 671 290 932 143 665 721 702 714 946 703 234 379 582 448 553 404 16 380 704 200
46 512 473 378 329 603 752 242 901 201 852 226 830 503 663 640 549 182 701 308 232 83 867 203 583 119 830 15 623 313 62 274 15 208 267 875
803 612 107 115 970 722 412 30 817 621 526 866 999 499 494 397 305 107 945 996 632 555 258 648 444 650 39 792 834 662 666 658 387 781 229 653
954 874 92 913 529 626 759 814 840 430 461 505 290 528 998 13 661 430 792 875 724 409 197 425 493 900 827 37 63 268 478 797 92 466 652 916
592 667 118 91 287 454 124 193 353 760 531 763 356 413 754 655 578 509 518 767 726 268 815 578 958 887 812 88 446 437 973 533 576 199 110 526
427 764 261 635 324 85 600 851 443 560 522 992 203 342 699 913 211 950 876 359 187 699 614 197 321 721 136 719 89 247 359 63 892 619 831 48
38 640 783 856 31 394 756 101 567 240 919 534 779 289 257 284 931 495 888 186 790 328 211 977 632 389 381 721 958 96 236 791 295 503 434 752
387 650 99 456 349 313 573 787 143 736 69 663 583 165 166 453 584 109 13 510 696 411 324 418 827 95 943 862 477 399 651 367 756 75 190 817
95 923 947 809 978 97 147 886 907 48 922 588 506 462 837 320 54 762 917 670 621 966 387 778 126 901 696 195 715 102 461 546 260 950 50 556
255 367 811 785 239 641 533 832 680 691 36 754 953 389 249 889 96 143 519 138 251 154 193 414 181 997 7 90 389 605 842 862 940 400 966 832
803 646 10 710 44 597 475 743 971 908 521 105 933 742 309 56 700 204 931 491 863 171 591 792 453 459 660 625 443 918 303 619 270 418 378 417
584 462 905 90 4 106 887 8 923 168 971 781 166 132 628 410 638 343 25 521 227 292 710 17 54 867 648 6 251 375 323 843 373 134 383 956
519 400 537 150 218 944 503 666 244 717 979 740 708 128 211 177 770 112 897 212 13 600 671 880 920 419 520 838 124 582 870 551 513 124 725 763
923 593 810 447 626 609 408 231 558 469 152 414 983 691 722 298 19 192 591 75 427 716 736 690 504 70 64 284 838 879 192 507 502 264 916 842
298 805 638 506 771 791 729 455 907 936 635 382 930 231 933 10 231 358 796 165 698 973 28 902 236 324 743 608 777 783 885 488 180 626 259 923

81 53 476 441 364 160 429 161 87 518 275 579 433 873 349 335 478 846 148 742 16 538 955 349 894 966 12 501 683 603 625 510 24 577 921
186 493 991 29 744 671 303 730 255 139 304 931 563 190 17 702 139 334 911 842 624 882 459 698 90 611 434 568 795 387 741 311 926 101 32
582 912 746 334 37 50 306 685 415 559 397 735 515 532 340 618 804 247 627 983 423 688 59 593 595 875 743 378 973 774 881 131 108 103 986
166 780 94 994 581 554 580 43 557 151 464 874 245 985 486 825 733 76 901 504 523 903 79 82 334 625 905 665 557 585 86 239 996 858 305
84 799 495 564 515 308 967 798 807 789 955 905 623 111 687 281 122 542 760 826 910 796 558 355 623 376 74 683 444 522 30 701 48 391 696
33 962 167 351 802 681 72 561 493 106 30 306 267 980 864 10 497 812 770 92 778 257 921 971 662 847 700 266 235 709 73 641 95 265 544
67 268 464 176 677 218 865 682 362 387 666 335 730 552 303 435 852 129 285 730 870 494 940 810 353 105 293 165 822 799 395 866 294 550 283
22 535 282 224 601 986 63 997 507 400 904 561 981 95 293 196 749 836 243 384 362 906 201 879 509 553 56 647 153 525 883 486 909 245 849
842 530 301 747 650 131 78 460 969 326 119 459 743 94 684 508 812 935 695 129 957 16 421 620 30 438 618 845 692 425 413 54 217 302 669
248 289 864 24 909 158 973 982 312 190 498 266 865 349 212 844 807 917 385 230 424 363 242 863 249 257 423 671 573 212 68 683 145 8 116
164 611 12 502 717 25 296 184 485 62 54 403 660 113 418 924 841 29 397 1 488 742 944 423 824 748 618 959 478 197 482 46 708 237 488
914 284 124 453 581 950 107 649 826 315 573 326 458 256 81 528 344 489 151 792 39 592 642 879 997 508 322 976 726 220 634 152 143 157 434
653 715 636 998 954 349 258 766 138 904 137 367 966 619 273 277 890 432 85 316 711 992 929 272 123 304 822 489 195 773 82 646 190 876 382
220 793 45 487 722 501 599 475 330 958 911 788 966 607 471 546 818 458 295 534 171 960 543 513 120 932 94 805 952 472 673 542 27 272 480
256 967 512 828 324 971 322 836 891 821 683 787 312 391 330 597 810 570 512 16 10 478 151 272 111 332 947 669 706 53 9 992 941 713 275
146 930 928 628 500 150 608 144 426 209 57 799 37 602 107 343 156 171 926 318 670 229 492 947 32 153 981 663 32 958 295 1 87 354 46
366 637 562 793 165 589 932 954 289 757 536 408 503 57 176 799 434 378 388 410 418 213 283 252 631 690 219 775 350 86 379 886 918 335 164
62 337 813 758 952 125 485 519 130 245 870 262 702 993 792 206 886 952 28 91 426 644 519 450 787 57 894 942 606 259 499 336 363 334 961
297 519 402 671 243 193 115 566 200 795 887 782 535 380 718 529 962 852 849 688 579 463 161 272 494 465 287 138 841 618 560 417 958 722 452
941 625 682 173 296 10 100 382 362 217 304 639 229 860 821 371 400 572 288 943 552 301 439 779 841 137 669 190 578 160 670 52 557 555 167
255 193 457 915 253 237 220 896 50 985 230 168 103 707 282 632 945 957 565 690 816 533 281 398 274 753 885 781 965 457 445 48 80 874 50
120 302 393 554 307 961 143 648 660 786 101 927 603 240 232 932 15 487 68 348 763 316 534 592 805 140 17 963 92 243 290 298 791 636 789
25 69 759 489 619 963 635 228 215 395 684 581 2 311 505 400 470 899 578 270 361 942 442 290 353 276 85 114 559 663 937 986 494 94 377
612 349 128 249 160 322 524 748 87 449 237 577 441 675 213 975 242 64 713 937 996 884 983 771 38 733 878 13 918 238 821 694 760 842 475
679 917 738 710 55 470 360 186 691 805 865 591 303 722 323 549 246 200 980 815 956 377 652 660 698 945 502 837 861 69 702 412 728 598 244
257 164 87 414 887 506 882 664 466 942 619 342 311 388 140 298 509 324 445 349 284 942 882 761 126 391 237 893 57 935 381 627 574 354 932
782 609 453 751 435 173 760 747 170 192 544 282 562 741 353 778 53 939 454 671 771 517 115 678 983 156 275 915 575 943 463 397 509 877 469
289 561 82 356 57 39 824 124 921 800 815 223 209 749 619 291 673 104 155 800 288 330 331 992 130 110 628 291 91 446 898 279 383 240 954
491 742 669 910 593 481 439 715 54 242 125 152 702 299 346 369 283 141 755 480 176 866 268 769 527 162 43 676 605 629 520 486 335 257 298
2 674 465 209 751 313 698 878 206 977 789 648 134 213 62 367 532 577 788 316 318 517 578 820 383 224 4 425 961 868 109 80 794 420 875
982 766 841 218 704 376 547 656 438 379 640 352 461 652 793 498 256 118 619 652 890 875 410 458 852 169 642 221 491 277 801 722 86 748 689
634 808 684 615 843 943 599 328 666 148 316 268 936 646 590 132 750 379 751 926 917 886 913 148 33 44 854 555 623 259 983 654 661 124 413
774 327 10 254 9 699 401 738 726 643 476 953 343 392 393 546 427 24 354 826 434 945 163 566 890 694 671 616 748 498 773 924 557 73 130
697 50 729 45 694 501 274 481 244 58 743 459 920 535 296 902 734 625 442 824 787 579 360 636 434 280 288 697 255 308 32 208 103 949 223
843 107 818 457 948 75 369 598 868 235 232 883 344 246 370 355 392 807 268 720 88 297 311 783 304 460 288 806 186 184 896 176 670 763 909

590 471 804 662 122 835 900 504 634 606 335 744 496 495 209 930 403 743 885 985 241 325 597 170 984 177 597 647 73 65 108 352 872 757
397 658 449 406 432 108 427 708 548 827 766 870 473 434 243 866 559 749 850 893 115 867 771 900 930 11 888 555 178 893 731 421 385 349
504 26 907 415 560 93 948 960 217 506 21 74 687 473 96 863 330 87 438 416 216 515 951 992 474 402 893 40 499 551 561 814 325 25
838 38 814 686 34 236 695 666 79 90 292 913 255 515 352 538 787 749 360 431 100 990 398 407 237 161 85 810 177 362 316 775 331 232
416 32 873 875 190 733 930 747 512 646 338 275 132 112 611 921 675 468 765 888 903 537 3 502 423 748 894 795 946 669 773 704 888 119
481 919 45 781 831 700 794 804 435 131 820 2 913 833 993 932 894 296 721 291 471 836 81 460 547 83 268 770 756 733 858 977 567 763
17 768 195 63 496 142 248 993 366 362 299 721 83 413 734 939 356 395 510 328 620 218 700 21 769 661 806 542 474 312 58 825 556 287
550 757 998 528 912 815 240 380 941 672 780 904 84 425 848 647 135 29 529 857 310 678 390 299 287 664 13 657 752 250 777 445 593 283
594 52 392 267 580 443 267 149 760 776 545 524 235 753 815 94 978 153 521 798 969 103 843 543 19 593 72 712 98 891 757 394 173 273
655 91 495 206 189 825 639 371 192 179 597 716 333 687 414 197 223 883 373 959 440 190 527 849 733 181 97 557 550 5 309 123 188 256
665 614 424 257 52 470 572 419 123 751 773 264 43 741 412 665 315 459 735 956 71 154 714 271 403 50 658 781 831 399 420 392 591 167
94 40 648 413 665 311 593 739 502 590 669 991 17 329 58 675 584 778 433 970 992 946 120 790 753 549 904 154 156 377 877 59 122 597
707 609 122 201 790 16 513 71 801 414 877 234 337 762 316 803 834 803 630 207 295 806 3 133 983 691 717 459 915 284 303 278 53 166
676 545 697 169 162 926 580 28 760 892 758 295 592 150 728 960 887 978 361 224 702 326 878 859 703 542 586 747 995 704 615 256 750 802
56 131 295 298 313 588 974 274 203 771 22 598 952 146 792 278 820 293 986 776 673 913 980 891 155 664 847 849 727 230 525 222 733 865
109 294 922 217 327 305 178 724 5 686 957 659 770 556 653 309 998 246 685 820 164 423 655 452 323 569 194 599 423 185 968 803 634 384
964 363 736 582 777 240 865 803 517 108 395 448 647 975 624 488 361 70 763 356 199 923 376 87 960 180 198 519 576 521 899 734 891 764
939 859 313 482 450 711 887 152 443 969 478 311 179 599 319 684 754 30 649 532 271 446 469 622 482 634 660 101 264 211 623 500 331 932
67 692 656 891 292 954 461 368 814 935 493 380 373 592 669 275 101 112 526 458 68 967 582 59 493 786 580 162 831 29 80 102 70 606
165 241 222 602 878 435 756 206 96 607 198 437 814 19 473 877 246 523 326 888 862 653 525 560 632 487 196 334 545 800 784 222 329 495
258 107 977 422 622 125 463 835 793 373 767 664 229 7 473 61 756 724 925 314 654 392 325 272 345 897 945 802 494 543 964 164 21 402
790 296 733 471 832 12 942 502 331 152 825 97 151 81 266 22 230 760 383 472 844 222 560 752 608 254 573 686 148 913 470 804 552 397
437 730 990 503 150 320 739 194 681 750 845 208 932 564 801 901 531 305 843 538 408 884 880 555 172 278 992 614 876 948 730 880 13 209
39 723 803 972 739 716 846 13 254 314 592 762 614 981 149 507 666 807 69 20 962 846 509 142 296 138 470 567 537 65 525 542 19 550
660 336 648 194 836 476 767 991 963 396 460 809 714 329 879 791 725 826 241 60 91 807 610 78 497 615 576 312 249 13 731 886 850 229
348 893 430 988 209 870 615 99 533 99 794 664 687 939 480 800 21 241 537 631 758 289 918 20 718 100 312 83 574 111 248 709 803 963
500 131 680 268 923 238 140 704 124 320 62 292 439 770 603 758 975 186 171 767 721 581 471 809 190 726 360 58 19 165 254 932 18 651
613 587 908 492 782 238 643 821 850 308 32 487 625 819 78 777 910 296 618 883 971 966 687 823 226 942 162 140 562 854 530 362 864 360
579 368 74 665 330 33 487 860 799 809 944 448 631 346 357 674 534 735 147 876 419 770 301 554 327 64 813 863 422 485 823 862 583 384
33 255 249 556 83 850 309 569 246 709 813 201 778 97 192 864 529 572 768 579 104 667 132 353 588 689 351 371 825 40 284 205 679 708
111 207 84 910 513 791 800 399 622 14 408 692 748 239 352 411 643 70 260 790 701 760 528 742 649 126 858 732 789 807 604 237 538 760
794 446 185 664 45 821 934 506 828 947 472 879 903 457 736 502 582 612 343 28 687 333 792 90 635 533 6 455 180 603 554 287 359 563
992 584 831 89 190 676 144 388 943 400 140 713 971 122 679 834 640 850 392 806 453 776 276 595 482 359 32 239 463 783 701 921 735 442
159 913 440 266 578 980 987 132 971 648 99 597 59 107 902 34 974 47 447 419 753 186 744 847 410 567 200 995 701 324 795 85 760 424

7 952 252 823 397 440 928 45 293 74 23 37 50 12 587 219 584 711 845 310 878 735 838 532 58 152 638 625 649 171 482 2 825
583 260 660 914 154 417 890 192 462 287 551 856 587 664 158 107 449 291 332 989 779 625 5 19 370 834 217 977 653 6 633 315 792
42 21 96 210 864 652 542 915 806 751 838 576 315 767 423 966 331 920 520 709 663 65 687 58 344 654 106 184 70 333 452 849 158
802 409 586 501 98 610 722 940 30 46 684 559 723 137 43 27 586 157 167 789 571 451 432 701 870 158 455 935 274 634 699 881 664
474 778 482 511 705 863 219 856 436 239 548 84 945 275 379 1 49 40 596 45 326 202 664 449 88 526 874 780 233 401 819 382 582
288 451 492 882 955 438 236 182 639 897 270 83 571 871 110 184 832 884 63 574 484 715 786 285 498 620 108 217 52 840 10 711 995
996 974 82 709 928 897 680 467 148 648 6 773 339 181 611 316 876 279 923 178 133 78 88 99 188 729 714 119 569 890 539 245 10
281 831 906 342 544 577 652 133 968 718 567 29 538 520 529 797 858 344 1 648 248 88 989 345 48 532 645 135 95 840 513 368 467
39 330 405 51 319 820 673 504 417 169 619 451 312 810 445 126 551 534 795 808 446 567 483 820 365 128 273 527 95 867 475 242 241
207 446 416 871 815 655 935 253 743 819 155 16 51 267 612 212 36 680 436 603 410 356 894 31 326 467 726 363 499 76 852 646 454
825 12 157 70 47 239 959 162 856 963 772 783 822 915 661 751 267 551 624 783 125 984 592 125 306 786 771 900 450 121 801 624 600
256 276 330 833 590 517 743 720 814 138 995 654 578 425 690 355 405 195 343 380 703 852 677 441 391 56 394 704 24 183 890 548 707
31 723 47 408 940 14 816 541 483 173 508 802 904 419 546 259 863 915 155 489 165 919 262 418 835 64 10 578 735 452 737 979 15
741 344 359 608 105 458 966 819 603 276 414 132 374 248 131 490 748 342 168 373 57 527 268 303 92 104 239 651 46 429 384 698 654
296 913 748 967 382 719 77 601 319 877 914 618 710 4 741 860 534 244 573 869 810 377 536 5 213 489 430 583 212 361 642 817 146
856 872 438 704 513 460 935 535 622 823 548 329 336 501 911 375 144 342 794 956 514 810 497 78 982 48 353 602 912 305 857 663 829
117 805 251 30 504 975 605 180 710 943 237 44 793 868 722 590 605 376 703 954 515 747 805 261 848 276 198 728 824 760 697 110 696
934 119 502 256 538 702 146 236 641 600 534 865 652 709 510 587 389 950 229 2 885 490 817 168 30 401 830 847 758 737 593 489 421
784 679 402 525 374 805 973 485 580 676 585 137 519 172 15 990 499 379 56 588 182 963 965 181 970 106 187 375 305 160 150 247 357
101 330 802 359 77 520 782 628 751 853 959 25 109 121 656 263 896 948 299 120 317 663 137 834 309 906 373 919 420 224 168 623 98
717 908 231 500 739 139 425 828 471 598 608 404 772 474 665 433 43 899 630 822 830 174 403 19 297 651 66 717 266 507 18 869 986
151 770 133 676 765 660 885 321 192 363 515 228 416 752 34 652 760 587 151 631 533 921 296 865 723 875 363 873 168 533 257 272 311
887 772 659 267 586 723 595 313 651 734 341 575 495 577 882 368 745 31 725 231 809 685 990 654 945 641 978 919 428 692 793 770 725
356 168 841 353 439 990 946 478 429 909 963 937 438 975 128 734 500 337 58 122 883 559 949 149 614 209 848 10 877 639 888 341 350
651 725 581 438 638 96 529 643 968 664 696 979 518 609 677 985 89 297 940 442 793 87 439 609 731 661 212 666 280 968 575 766 243
149 583 138 743 351 175 715 80 579 960 93 270 428 536 920 274 621 634 31 38 465 321 268 899 95 218 492 774 464 304 532 126 529
802 574 549 597 597 478 640 48 925 95 25 603 874 745 77 562 181 936 317 388 388 768 315 109 722 133 35 350 673 257 340 113 170
950 202 128 816 368 559 219 382 585 250 351 435 707 954 870 761 129 243 455 27 833 367 514 558 333 195 871 556 782 323 535 884 453
373 51 14 651 7 496 613 598 441 188 349 478 459 702 364 884 93 283 626 258 885 164 555 357 13 525 535 123 52 367 99 202 949
919 804 149 561 762 446 474 82 184 314 438 903 185 129 121 706 419 311 481 777 361 442 655 121 537 610 411 918 614 163 94 28 15
582 900 642 432 762 650 871 211 903 456 895 375 371 89 588 543 797 713 863 439 342 861 212 950 827 716 673 82 834 283 609 181 23
159 710 321 207 94 238 0 342 889 11 216 268 651 824 35 418 231 760 173 884 481 424 336 759 761 762 331 36 612 210 861 146 943
41 726 823 603 104 308 399 109 36 824 699 928 668 132 529 926 598 787 908 801 687 152 901 744 502 248 546 663 575 583 850 920 271

708 667 838 705 194 95 530 382 7 493 972 479 185 608 705 353 739 489 306 369 458 653 690 538 190 468 503 735 525 193 117 938
658 318 547 796 306 404 975 132 691 108 278 729 290 206 603 523 101 731 896 958 968 64 19 928 825 135 5 750 177 827 415 967
150 970 621 203 664 198 310 151 109 325 779 556 997 730 874 347 789 315 203 635 392 996 557 822 107 567 529 188 568 214 844 236
423 928 707 265 102 552 747 387 27 157 200 351 336 273 836 59 92 778 916 454 409 860 121 176 69 240 594 186 705 971 622 508
762 226 645 925 567 174 977 992 887 969 681 636 932 654 804 133 197 706 828 339 994 456 434 359 722 666 868 405 107 322 296 297
66 574 523 204 233 544 101 550 511 280 370 244 3 631 340 587 671 784 55 672 345 629 327 138 729 809 848 408 939 79 541 890
601 335 645 168 531 129 217 217 908 724 162 405 486 34 861 93 341 33 356 691 338 331 852 459 353 449 606 351 370 803 222 564
929 295 613 717 496 642 537 969 778 842 189 894 787 653 291 129 168 640 475 591 214 173 212 321 357 202 363 599 211 39 734 784
873 89 976 746 973 938 189 99 296 907 161 549 832 446 17 914 835 990 721 261 397 175 665 729 657 812 904 543 805 24 382 590
560 275 599 369 416 154 138 369 582 431 153 350 401 290 163 689 644 525 426 541 883 374 465 479 871 62 484 987 676 616 503 170
782 723 844 593 54 197 446 807 455 938 932 557 221 812 763 52 375 542 575 231 800 395 496 514 115 351 666 489 187 174 473 193
755 124 391 301 596 61 159 299 289 170 240 996 959 345 238 848 837 755 794 378 299 768 772 55 910 984 25 3 300 261 742 717
405 530 846 910 297 435 157 567 733 546 347 568 938 902 553 253 229 984 587 562 819 393 255 342 669 638 484 123 524 84 613 870
590 686 738 484 596 171 921 856 488 393 532 158 605 353 419 992 114 674 473 713 375 472 572 332 706 954 383 343 254 185 207 425
678 673 38 557 563 61 333 955 650 181 958 572 548 166 748 849 54 836 43 250 476 2 818 740 478 173 226 767 507 9 914 292
767 336 449 245 804 253 419 312 474 497 635 425 288 31 947 754 675 666 49 94 291 482 801 292 995 693 213 855 951 50 804 754
98 900 51 928 796 227 879 293 541 429 594 212 171 59 839 632 453 227 50 777 993 987 513 760 597 416 523 436 916 527 194 274
820 728 909 771 734 963 603 390 858 780 69 283 73 424 281 835 904 845 467 269 675 84 274 445 411 371 199 112 483 128 642 40
453 377 595 817 417 89 348 268 535 218 545 457 749 874 486 517 422 981 70 770 951 794 919 336 432 135 692 88 397 37 422 25
357 350 774 968 949 835 513 548 776 75 187 817 496 395 211 966 134 855 802 882 432 350 691 716 691 813 614 817 538 37 90 806
492 648 318 576 962 712 977 820 594 768 119 772 886 589 346 834 952 385 292 404 114 345 293 16 720 95 942 823 242 970 434 523
311 829 312 454 698 954 8 134 385 766 207 130 85 21 111 204 490 767 996 568 929 803 938 567 784 330 747 405 687 704 787 557
276 939 323 606 309 417 938 83 924 104 334 533 52 687 348 714 742 723 924 603 152 202 878 60 859 908 695 122 959 798 754 462
760 884 136 986 541 200 97 472 6 972 590 563 916 791 934 657 960 406 934 745 689 101 988 834 203 560 365 49 330 238 607 25
590 88 767 474 87 600 332 410 850 357 572 364 444 893 599 704 824 451 603 535 796 54 215 728 959 867 77 831 630 440 972 98
744 983 125 883 245 968 671 918 109 84 317 384 668 836 830 686 910 810 810 288 421 167 334 73 954 856 805 954 658 632 954 709
916 704 582 709 575 239 318 70 945 424 852 399 436 570 708 512 118 671 504 614 153 726 522 799 972 668 519 894 29 8 95 453
173 764 248 903 476 87 174 128 587 838 299 990 688 411 808 228 950 629 578 707 452 481 443 187 907 62 717 416 632 752 81 160
123 889 129 825 498 874 802 845 734 995 892 6 262 132 366 177 724 485 816 771 423 246 625 813 528 572 245 406 587 641 678 434
86 36 687 810 836 745 28 477 965 467 807 903 241 567 681 213 365 848 905 174 886 76 555 60 330 965 685 416 547 973 435 746
928 20 243 444 914 911 272 678 268 614 615 692 468 191 582 990 370 315 493 936 712 663 124 645 196 897 715 958 824 173 964 780
995 406 630 722 528 89 658 986 474 171 174 867 682 121 939 249 958 761 70 581 108 190 357 210 294 888 219 336 137 821 112 680

296 190 161 453 580 873 416 939 497 543 303 336 297 884 826 797 137 886 904 914 323 484 342 70 157 193 500 100 451 243 776
246 944 398 959 499 949 685 83 289 188 794 754 884 559 604 277 223 21 815 615 821 157 673 328 304 187 589 424 103 584 708
367 816 393 641 99 454 198 628 86 422 66 302 78 228 682 617 90 504 290 609 738 215 232 243 856 199 723 108 60 149 14
166 127 556 98 726 760 24 638 33 954 315 687 923 633 306 273 274 590 975 150 141 114 470 515 330 767 250 656 264 85 70
493 543 586 257 187 362 939 530 889 856 751 256 610 94 103 286 56 905 394 807 572 732 979 927 925 608 165 958 996 296 293
916 123 954 454 692 39 184 262 819 876 105 451 463 96 113 771 149 907 156 486 931 580 213 618 981 211 828 710 528 108 845
651 5 27 893 9 924 324 203 748 473 204 811 912 858 797 743 424 735 137 544 416 355 320 364 41 828 673 980 555 777 589
995 750 14 297 752 14 784 542 655 424 542 213 419 920 356 859 344 519 865 884 696 523 290 763 511 557 900 571 849 931 628
45 916 397 540 77 787 596 941 948 248 63 106 605 318 913 403 993 885 954 895 168 639 763 450 810 207 530 233 49 425 654
869 654 40 161 442 536 871 440 587 981 339 621 82 975 353 980 813 276 330 290 956 38 411 517 562 52 899 750 296 445 615
208 70 168 594 911 727 35 436 157 183 238 287 814 692 48 607 168 669 722 34 617 856 623 921 631 542 21 577 439 851 784
330 314 93 753 851 507 963 484 226 859 858 545 574 693 484 778 340 570 824 167 631 499 908 124 959 475 409 95 433 361 435
948 884 633 151 149 439 652 168 815 766 232 633 749 435 556 3 527 452 409 775 244 820 272 546 921 664 843 685 645 697 389
462 622 801 872 35 909 426 558 877 348 28 2 159 779 939 8 894 950 665 829 678 489 314 320 245 70 623 647 332 111 714
310 1 920 928 263 823 945 154 523 948 85 126 379 900 168 22 190 682 611 282 381 529 196 369 986 934 457 141 779 634 286
806 708 868 18 419 58 66 792 351 98 801 357 998 137 347 76 483 680 792 110 702 301 645 454 435 993 221 705 933 445 145
244 606 57 151 785 66 359 823 49 449 433 149 782 195 94 542 208 787 370 947 499 872 412 427 540 689 815 435 130 933 846
7 509 924 39 636 312 387 765 741 863 30 554 465 940 812 723 830 662 409 724 384 802 137 132 483 395 534 514 701 202 896
196 145 916 813 813 811 371 666 68 488 926 106 779 845 281 428 837 149 375 760 119 685 594 887 995 625 911 141 228 75 948
255 693 233 724 10 747 852 605 447 936 135 553 713 227 237 449 608 135 491 277 245 87 904 576 968 940 40 991 650 401 522
259 44 333 681 524 821 373 376 412 233 490 890 929 459 548 598 898 571 580 899 416 255 792 315 670 91 998 903 148 871 41
498 688 788 952 88 659 111 77 144 491 183 213 548 828 952 530 43 859 491 802 745 206 420 405 377 395 777 909 958 994 112
692 855 73 197 568 22 358 822 959 544 573 556 297 44 130 232 481 666 459 465 158 444 819 17 716 416 84 732 446 925 736
41 875 243 963 800 419 38 308 62 169 716 589 416 18 646 30 872 735 812 996 483 371 982 143 54 426 334 934 615 836 254
987 530 923 488 436 342 514 189 265 192 219 10 898 951 831 494 527 579 534 773 488 321 473 901 806 381 331 497 796 52 144
70 384 619 685 156 654 859 482 816 214 858 551 674 843 30 351 695 275 451 719 48 377 287 130 355 895 495 688 47 672 256
837 191 620 448 439 590 667 61 67 826 119 119 604 221 840 590 635 163 784 129 42 330 654 100 831 78 686 159 764 928 410
660 21 792 610 709 730 474 400 12 402 252 517 259 831 433 846 201 147 42 306 431 546 470 158 858 987 174 5 495 769 870
211 324 766 249 668 920 130 370 975 564 25 709 554 641 603 597 953 626 534 977 114 969 942 475 646 665 38 567 320 384 737
815 226 642 354 828 902 294 220 356 607 358 310 347 766 201 204 237 113 489 762 440 842 642 25 169 540 941 751 137 777 870
295 193 123 580 685 203 14 382 29 211 683 744 404 814 33 551 409 427 170 924 378 749 791 322 92 144 982 680 220 29 832

599 23 657 280 362 753 853 777 861 688 504 561 504 761 562 157 569 457 874 392 297 290 220 432 13 746 218 384 847 86
152 177 849 372 899 551 84 924 139 507 703 281 267 215 859 913 759 21 44 130 715 252 252 314 277 13 67 983 83 471
632 928 955 932 833 817 467 700 681 76 595 748 89 693 472 498 495 426 200 96 760 666 805 892 585 73 435 213 183 577
304 884 402 849 28 270 351 826 412 774 87 775 265 792 808 673 536 127 280 81 527 755 345 296 857 174 528 788 104 798
381 19 836 632 85 918 741 285 894 285 764 470 456 839 953 937 261 794 7 535 613 123 529 517 562 636 687 17 250 169
94 985 602 463 257 401 901 102 391 157 968 807 343 205 513 143 1 985 601 16 782 682 421 914 390 808 542 169 438 633
521 733 811 190 763 152 315 95 885 922 690 320 894 34 864 943 213 746 15 402 106 734 480 428 70 19 17 530 393 34
253 477 101 182 585 84 22 494 731 391 79 339 53 941 51 911 140 599 651 26 34 443 572 693 137 968 613 416 602 31
889 298 279 662 898 806 627 157 911 201 34 709 454 821 28 826 33 331 803 370 487 399 763 220 578 990 62 329 605 12
228 776 760 838 936 326 951 585 592 426 416 472 595 18 546 231 66 179 266 998 582 790 962 832 615 333 828 670 613 932
860 509 625 723 192 661 71 731 178 196 477 313 735 120 312 755 92 846 993 615 965 494 175 362 933 729 686 465 443 990
534 898 925 331 682 387 998 285 136 826 935 94 221 662 232 769 745 897 681 50 587 525 274 121 489 431 134 158 277 87
602 121 132 601 743 665 20 933 717 48 311 597 425 942 798 875 726 734 298 580 160 750 877 471 312 837 560 691 655 231
232 582 144 176 977 500 480 944 745 53 777 233 841 851 933 929 830 310 271 21 963 60 621 261 359 899 251 223 628 660
131 668 374 567 271 962 876 920 817 290 50 223 633 629 32 236 239 934 96 244 391 239 21 684 314 818 913 34 943 613
861 637 317 819 83 411 892 657 997 419 147 37 748 182 592 977 677 610 41 505 446 41 770 462 267 535 757 559 698 536
282 108 970 656 155 60 437 808 497 511 433 230 956 987 965 961 989 910 262 881 823 637 234 461 674 659 945 887 405 156
955 721 480 679 605 897 887 716 252 471 340 411 396 670 739 302 267 756 455 356 614 106 153 713 252 276 563 118 815 704
738 61 150 996 147 409 26 776 52 500 132 348 235 662 380 154 985 98 638 464 911 316 998 306 861 327 209 722 676 823
361 0 153 932 233 860 79 315 689 96 409 415 570 443 801 987 498 60 462 73 265 844 774 821 239 931 177 381 905 879
359 610 92 515 965 771 178 178 994 774 470 184 155 556 196 83 318 328 345 365 811 204 551 521 198 649 620 663 900 251
784 541 937 507 817 505 353 148 137 36 669 619 608 83 982 51 176 274 164 425 403 794 817 578 350 357 324 428 400 198
818 513 77 752 697 623 218 102 123 409 289 772 862 328 665 951 131 893 897 861 529 381 23 715 859 184 540 234 168 55
987 895 723 92 501 294 680 526 975 495 906 152 466 380 708 29 529 277 175 36 174 910 2 248 361 48 799 404 997 322
62 658 84 952 311 888 170 421 777 215 640 347 431 291 888 993 208 950 470 535 88 460 654 5 554 896 540 230 205 336
79 369 768 70 918 121 736 328 197 521 665 639 234 881 616 309 598 174 762 629 592 206 169 320 151 911 223 961 342 585
928 325 139 428 900 328 795 148 173 717 338 114 309 372 3 139 65 346 160 572 233 575 216 930 687 992 68 226 704 227
11 722 411 495 189 959 923 648 442 251 725 52 520 725 864 727 106 275 642 883 325 131 913 573 235 403 865 833 107 627
595 412 768 679 893 346 494 992 158 582 454 936 283 787 223 259 798 174 360 61 782 271 478 803 308 172 617 305 128 775
975 886 341 40 761 45 795 718 816 436 361 464 190 1 651 883 851 30 615 388 645 669 748 433 140 539 860 335 878 627

786 732 324 552 501 153 0 141 241 675 205 68 838 567 620 412 118 527 779 992 585 129 540 280 597 762 232 113 132
279 891 418 612 146 609 378 409 166 973 807 335 453 912 530 533 259 139 302 566 585 852 169 550 273 713 305 409 809
86 589 416 872 273 473 830 412 450 778 320 837 317 761 795 842 508 685 745 388 760 827 711 212 603 733 648 276 123
512 659 709 78 165 719 735 115 984 293 110 132 913 868 731 188 482 915 658 351 299 142 248 323 343 541 931 974 268
592 483 707 610 234 166 576 676 136 152 511 924 466 749 661 375 968 850 968 483 331 153 910 148 476 335 963 244 926
288 626 942 908 452 322 92 208 292 402 926 352 320 304 751 419 853 787 77 210 13 953 962 277 751 374 269 910 786
33 188 2 483 359 528 433 915 910 439 765 863 968 341 868 290 367 885 192 555 518 406 759 782 796 463 199 166 182
775 540 960 38 84 265 888 123 317 887 877 467 65 808 606 913 576 265 233 446 2 873 107 229 716 294 162 192 637
767 915 745 125 286 46 856 271 591 721 64 931 29 701 300 831 818 541 520 826 104 885 33 976 453 640 147 292 418
799 813 688 144 151 204 174 703 443 838 435 376 70 202 558 821 944 932 367 674 929 963 247 916 31 104 396 174 643
750 516 422 782 739 218 716 790 993 102 261 509 461 722 862 132 416 408 414 70 12 100 525 828 454 307 453 417 81
205 114 498 264 231 809 698 378 533 400 119 700 5 618 485 660 42 174 110 271 688 36 362 459 884 712 43 510 872
525 556 443 202 353 796 835 538 983 938 972 366 736 212 740 480 44 28 413 353 581 553 495 920 519 980 754 637 681
513 458 557 576 313 77 586 429 7 893 822 347 887 125 963 294 637 467 11 555 274 309 726 619 24 39 884 477 510
670 441 760 779 719 940 467 868 941 283 414 690 16 374 386 456 142 35 451 982 975 76 315 993 872 437 218 407 430
313 615 720 139 627 674 260 300 132 557 336 569 658 908 819 85 800 880 126 825 475 512 76 376 747 274 442 974 709
404 228 770 157 98 552 590 621 722 566 449 866 230 777 904 511 234 295 287 807 586 664 990 91 28 934 67 707 372
650 326 617 963 508 384 205 927 771 727 655 690 545 266 375 501 502 713 207 944 682 340 768 272 465 329 930 899 710
619 814 521 300 844 925 696 184 786 732 232 431 793 261 816 319 925 269 90 460 859 928 713 961 303 983 934 584 273
592 915 620 568 397 650 469 777 481 857 798 4 562 264 816 724 59 282 219 571 711 373 519 847 555 750 60 917 327
365 503 549 530 837 232 127 291 500 76 55 452 453 605 96 234 782 61 971 879 408 542 873 913 468 196 902 63 364
339 100 711 595 751 752 979 427 428 871 834 355 523 440 939 373 227 998 252 790 988 238 869 394 797 907 731 852 121
796 416 633 906 219 238 785 555 730 991 326 572 130 857 823 42 93 901 584 561 303 304 642 373 346 989 205 334 575
821 922 217 107 526 300 614 153 665 94 170 729 949 235 54 141 193 75 513 828 104 556 690 416 371 374 338 800 894
667 771 930 179 526 701 567 9 264 720 889 404 35 436 558 263 157 67 328 24 657 124 980 191 719 814 539 341 688
369 187 530 290 31 959 387 762 561 286 914 393 670 636 359 419 921 237 669 172 309 894 953 91 822 25 497 852 603
575 767 760 513 185 715 175 308 62 509 222 233 109 27 908 767 87 178 319 332 566 470 490 30 279 541 979 408 927
892 937 842 767 461 520 433 5 609 361 760 92 411 449 401 468 294 304 527 280 894 680 542 128 245 348 396 230 364
976 436 26 335 492 84 337 43 916 717 973 404 929 964 94 723 408 278 321 859 317 644 912 544 870 457 162 70 385

287 383 283 989 301 343 349 377 251 950 398 608 409 603 677 969 549 948 683 994 926 181 18 670 943 706 382 594
923 142 140 6 657 563 125 79 853 392 263 383 292 842 865 428 201 625 159 76 269 638 641 374 465 277 757 333
610 236 94 107 984 766 932 33 429 29 392 924 954 202 574 356 161 16 395 124 31 464 937 135 650 578 419 134
611 29 74 592 608 22 123 902 748 238 625 860 995 610 353 191 18 455 550 901 699 439 785 340 225 119 948 231
471 628 780 71 728 954 669 843 462 837 334 320 344 589 214 884 770 588 361 267 568 996 999 51 529 621 76 84
218 531 135 681 924 871 576 629 956 656 113 56 318 648 320 85 226 41 641 646 87 194 424 906 431 429 765 321
324 854 164 278 690 665 525 347 489 788 797 275 360 115 780 371 486 230 588 917 437 571 947 631 747 691 435 481
725 836 598 890 736 721 16 971 47 402 566 134 150 613 987 544 663 306 983 429 98 441 380 723 205 118 945 904
211 414 553 459 694 33 984 990 799 920 662 49 302 167 337 381 666 84 48 758 601 27 435 892 553 269 262 74
104 888 177 663 636 348 735 374 865 215 722 675 606 241 279 627 438 438 932 65 891 697 949 425 331 837 715 942
532 726 166 331 317 758 964 17 101 453 649 82 415 56 288 427 762 891 188 868 98 408 129 306 602 656 867 363
365 377 747 358 188 65 784 424 123 79 788 287 621 128 774 274 624 367 210 436 655 174 126 436 950 231 970 274
504 582 307 627 149 30 103 922 790 470 367 375 960 782 921 715 826 405 948 318 875 221 70 789 475 609 10 832
480 336 45 127 561 811 213 677 463 920 467 604 844 513 305 873 701 456 899 177 926 120 184 784 395 572 405 840
940 965 130 930 88 592 569 335 389 623 376 69 355 616 986 129 855 154 979 830 825 509 540 744 736 578 344 636
774 640 615 540 880 510 289 510 717 850 694 797 476 983 469 550 509 68 762 59 915 891 189 842 844 687 678 534
855 514 332 481 516 838 902 184 55 347 836 931 762 978 100 724 794 324 336 54 411 619 564 132 349 94 223 132
829 565 43 544 880 934 220 384 700 643 552 519 395 950 188 279 17 629 306 470 604 25 762 220 306 41 826 463
903 510 248 687 398 69 524 894 423 960 592 631 129 921 813 625 664 437 668 865 308 995 78 715 642 692 487 759
615 69 687 628 396 577 457 993 282 985 945 598 931 364 809 47 826 489 766 858 732 589 485 522 739 90 72 116
450 84 143 684 906 970 845 604 755 666 285 131 580 381 130 87 282 705 871 512 265 57 300 873 980 13 474 420
991 898 428 348 910 648 678 77 131 848 574 898 845 370 758 871 578 641 747 664 624 100 893 439 748 771 964 272
506 761 663 911 477 699 233 329 193 455 283 474 298 273 718 846 491 566 714 912 90 976 753 130 642 480 180 510
939 701 971 559 944 527 310 690 893 199 249 215 517 622 770 60 988 672 53 732 622 512 902 725 13 261 15 233
288 27 305 780 118 873 32 746 324 898 992 612 634 461 791 290 280 396 622 932 103 805 486 738 303 207 537 812
995 810 644 480 796 617 879 887 294 852 522 649 166 53 515 343 998 422 929 927 136 458 453 86 530 767 121 150
647 822 97 171 299 102 463 974 672 422 289 230 695 111 258 152 786 823 598 195 731 527 940 489 835 697 14 32
643 397 435 847 479 815 662 81 117 237 507 446 415 80 407 715 435 619 340 843 894 805 640 409 261 198 618 710

243 979 337 275 53 151 692 11 925 32 28 411 807 599 233 994 255 898 434 520 525 979 619 358 990 435 821
847 59 726 390 785 546 974 869 239 336 838 872 404 956 821 767 548 655 848 594 40 114 362 385 322 494 778
9 620 842 567 195 408 482 396 240 541 361 627 625 903 754 444 153 429 54 987 375 848 743 119 327 430 928
513 318 702 713 651 252 135 648 91 333 710 944 770 882 928 236 80 30 948 628 248 848 244 433 259 886 797
59 614 979 281 711 493 65 927 160 716 9 336 889 595 213 236 853 585 56 126 718 985 964 121 771 591 335
756 119 673 880 824 202 464 107 946 393 792 93 599 686 93 622 964 23 144 126 172 970 597 113 940 642 151
167 321 115 231 71 510 170 776 697 265 548 906 324 325 383 6 228 156 453 93 356 934 903 647 23 854 646
620 166 466 448 825 283 68 139 552 548 68 766 5 913 777 630 285 126 654 398 599 479 607 431 641 140 818
302 901 143 934 80 776 222 889 791 314 636 8 679 639 718 150 565 167 76 86 486 236 51 209 452 625 617
634 139 512 363 184 275 716 556 39 281 719 421 717 134 692 96 456 306 920 637 753 323 795 145 801 135 229
346 985 853 968 625 905 404 880 644 312 436 693 637 265 68 512 848 584 449 660 758 403 605 594 260 877 714
105 142 226 279 971 453 562 361 730 631 209 533 281 556 594 971 982 432 103 991 301 891 932 896 221 189 871
611 864 265 18 297 626 212 312 596 152 983 489 799 104 214 658 232 518 717 692 724 50 445 524 653 145 249
819 603 243 582 233 811 40 415 72 875 867 325 610 256 89 326 730 839 978 417 702 158 492 87 567 490 656
673 255 856 308 983 256 491 864 506 259 283 271 922 291 364 438 614 585 683 635 973 467 195 288 961 41 892
942 150 138 546 970 636 323 156 269 324 228 416 518 107 123 906 513 971 849 954 402 241 38 578 342 595 122
692 762 813 320 84 963 775 851 102 404 457 694 470 719 142 454 127 653 207 532 252 484 939 656 305 952 799
866 239 398 494 816 131 879 819 466 764 92 224 922 769 432 188 203 866 458 674 0 587 922 10 817 90 738
274 374 214 392 360 884 184 534 64 361 911 45 404 534 55 269 46 995 556 921 904 495 959 533 994 30 547
240 853 162 144 431 416 621 400 675 452 529 251 538 240 810 792 764 403 663 0 932 455 529 592 91 28 734
180 636 463 812 26 32 419 679 780 971 331 177 976 923 777 789 906 422 540 60 56 366 82 234 636 183 178
985 559 579 176 789 908 586 793 454 60 64 202 422 352 937 69 645 536 270 721 40 754 864 647 354 416 825
296 286 37 287 156 345 74 389 51 328 991 78 783 354 418 405 630 784 955 370 267 74 996 347 425 365 219
411 696 975 607 356 597 884 25 707 761 658 958 795 801 592 770 962 637 585 397 441 636 300 558 981 692 521
697 672 778 890 457 112 819 923 100 727 174 175 272 325 646 945 439 437 142 713 194 225 183 366 838 357 967
699 632 20 15 309 741 384 874 906 837 827 66 509 464 548 205 140 853 289 617 235 992 89 124 897 943 758
934 107 924 635 208 56 682 552 138 779 811 91 964 597 972 251 159 39 6 930 676 619 787 113 995 95 263

595 479 732 259 182 644 935 801 136 745 823 683 648 7 907 898 120 217 180 71 675 710 77 325 221 64
184 346 838 906 55 85 103 709 671 79 28 964 139 205 736 161 303 304 906 865 915 703 859 879 208 243
278 193 358 440 817 115 415 692 772 490 430 567 805 140 480 120 819 742 860 250 463 331 549 956 708 527
381 454 510 462 220 392 451 545 794 983 511 259 444 986 491 513 230 406 317 815 432 484 806 520 801 415
533 156 227 968 649 863 365 815 75 964 20 698 254 69 817 786 944 566 241 464 329 229 245 757 259 169
176 273 270 755 962 494 951 632 779 770 253 247 881 290 980 577 180 780 978 317 398 899 407 488 68 85
459 13 930 830 605 871 661 916 515 971 221 734 342 738 816 410 440 360 338 892 696 121 18 677 263 813
869 535 188 909 860 991 238 697 518 525 615 678 573 510 334 231 40 589 442 328 443 901 429 82 959 179
755 780 961 328 5 689 946 564 550 985 172 958 697 322 379 86 557 604 884 400 869 392 123 535 496 752
525 850 207 453 173 240 803 582 518 22 589 212 152 191 1 579 811 832 799 140 153 15 291 123 320 180
488 626 33 704 873 533 546 987 643 302 14 245 454 189 274 447 876 729 445 833 374 711 942 716 928 633
12 646 210 511 59 716 678 736 37 399 783 729 790 394 682 678 551 344 248 635 792 896 236 333 594 113
684 746 643 47 407 326 237 286 287 586 852 837 342 576 363 984 515 101 962 812 721 506 875 689 344 989
398 314 179 84 257 118 354 855 894 360 415 658 2 677 413 846 671 608 758 266 297 826 3 269 756 734
173 394 48 674 946 352 90 586 334 127 95 285 168 846 730 888 77 316 352 662 265 471 172 485 565 350
36 237 856 128 350 452 741 886 817 210 273 272 538 660 24 242 105 589 950 749 80 494 506 113 837 832
74 312 402 198 255 722 356 726 670 94 736 589 368 411 890 716 979 730 788 415 947 415 628 47 754 891
753 639 613 451 277 465 261 987 292 520 651 155 179 521 324 187 453 103 807 41 146 244 422 834 713 409
937 111 84 628 372 447 823 514 348 801 410 795 962 738 697 295 403 810 706 88 373 369 628 558 210 511
755 632 195 559 601 755 380 380 711 956 130 169 50 622 747 498 16 20 10 3 770 421 827 838 324 932
44 777 979 617 980 677 0 577 357 119 75 526 623 869 55 260 150 463 720 7 430 847 930 875 998 609
993 231 572 939 415 281 993 487 970 951 977 995 442 368 710 389 979 136 594 983 170 134 541 36 864 949
372 166 336 887 202 614 833 890 941 482 987 619 509 287 47 379 937 7 229 47 413 815 142 442 465 378
418 852 162 402 467 5 33 539 185 165 197 631 990 412 477 343 16 176 609 278 174 906 638 273 86 775
118 711 506 689 562 676 452 938 259 287 178 219 50 669 345 291 299 133 404 658 425 445 806 123 718 293
967 74 429 158 176 331 510 710 778 56 48 953 628 493 70 998 425 608 970 451 250 645 280 97 312 518

65 579 315 635 878 42 965 664 20 554 911 890 913 848 565 728 252 588 966 297 627 858 166 355 903
505 977 851 447 716 536 664 316 356 61 241 792 40 219 43 135 516 750 305 499 332 127 448 259 603
815 376 601 48 694 45 722 889 904 523 701 14 891 158 810 99 333 706 939 407 819 507 580 818 786
145 884 367 774 439 370 63 281 969 984 646 278 660 123 200 447 655 869 527 399 268 505 613 710 847
518 478 143 910 409 556 963 516 35 518 815 787 871 812 143 665 675 539 648 961 555 723 502 566 337
643 569 871 370 486 131 430 332 464 873 250 581 95 679 977 825 80 755 988 572 707 305 620 438 104
130 235 744 90 471 283 886 630 202 370 822 277 504 36 631 158 392 789 678 95 139 233 100 516 368
686 31 274 152 167 928 252 86 764 137 359 76 471 817 416 792 864 255 132 503 371 369 141 247 277
95 280 34 569 6 331 898 383 214 656 280 384 274 750 911 140 296 22 687 845 473 475 887 341 415
840 40 892 960 288 795 931 982 974 495 40 166 204 971 35 938 388 274 954 168 774 520 948 349 662
599 876 444 976 519 852 757 9 191 647 525 475 356 38 19 550 525 255 138 916 570 971 921 12 360
593 341 763 111 637 166 954 197 643 806 925 942 196 321 547 262 6 299 436 95 884 441 604 773 286
451 905 855 78 324 644 103 95 156 328 58 687 387 644 883 891 644 247 557 525 110 100 825 289 53
983 963 468 905 367 432 469 930 82 6 749 836 680 564 484 401 406 239 101 418 0 398 32 393 256
728 944 763 441 592 322 175 527 699 271 348 647 290 122 986 321 748 58 42 918 999 708 854 279 538
444 76 817 535 304 273 292 209 222 862 234 355 733 640 126 193 690 230 503 199 453 515 339 899 143
216 567 291 397 755 28 282 726 906 466 942 469 867 337 315 375 810 609 773 484 571 65 307 612 517
782 460 594 147 453 231 679 601 623 681 241 803 158 952 595 74 238 768 313 830 691 853 848 985 303
377 864 138 776 851 650 134 674 728 286 488 838 519 631 48 96 95 114 304 13 56 149 280 896 309
556 225 751 714 916 394 923 714 711 355 841 16 894 831 554 173 694 554 119 78 907 274 786 874 770
238 617 652 903 0 536 945 639 684 118 840 556 273 828 577 381 967 332 460 923 1 76 227 324 90
864 509 709 948 158 461 993 207 267 776 688 12 664 975 638 329 879 127 118 24 860 545 400 390 32
478 962 764 339 505 97 746 383 896 287 132 538 24 689 286 108 827 246 525 972 598 708 276 488 422
256 850 549 965 89 603 305 921 894 20 614 927 389 634 164 181 379 649 740 638 427 878 688 861 948
986 74 102 16 515 611 699 165 382 976 709 67 888 135 511 256 414 353 606 755 743 192 126 144 117

581 675 624 783 217 259 24 515 241 908 308 780 31 333 89 74 308 393 351 699 665 537 469 806
785 972 590 920 889 341 233 801 105 798 965 524 520 243 994 991 768 766 482 294 362 906 415 301
475 119 683 651 244 898 574 184 471 112 567 423 81 791 204 205 847 892 827 181 488 338 778 750
500 852 948 271 462 755 204 352 829 615 928 714 645 717 596 121 893 30 892 667 235 371 317 757
681 141 462 155 826 372 734 875 454 142 614 649 318 647 27 636 814 661 575 523 41 760 593 662
877 47 757 976 396 102 415 560 426 366 610 628 668 177 185 52 690 21 267 941 132 914 933 398
887 884 157 618 643 207 110 927 541 795 561 406 816 633 266 360 232 268 348 699 421 578 500 363
112 726 202 306 221 511 650 427 537 68 916 779 904 619 432 232 776 762 303 64 926 113 190 231
663 526 6 688 131 284 428 968 64 189 676 197 277 811 759 507 158 178 315 808 625 552 141 240
605 323 699 236 440 537 280 524 73 188 296 843 174 499 363 937 226 77 74 877 666 476 259 650
52 127 129 158 877 744 381 887 167 173 638 65 735 470 63 200 67 768 614 324 539 387 18 918
6 341 297 813 992 610 329 922 199 940 446 162 192 319 791 255 547 314 293 455 711 344 100 194
87 671 335 313 496 738 443 412 603 804 807 903 720 905 88 353 972 886 899 331 693 645 515 57
289 294 413 214 351 334 50 892 190 386 639 436 827 325 528 573 263 467 413 707 109 418 936 709
663 216 713 804 97 420 607 599 477 361 972 923 917 691 685 376 873 226 135 802 637 431 347 811
880 470 421 200 602 397 697 271 905 549 848 88 510 834 403 459 185 168 900 450 879 157 797 822
137 437 408 34 568 125 531 766 69 69 723 847 549 738 722 64 671 635 661 856 897 236 257 445
494 848 61 205 912 803 243 96 397 136 395 563 750 271 505 0 300 116 720 191 330 335 571 629
608 953 34 830 368 249 307 399 98 677 339 149 664 871 470 628 677 496 796 852 785 670 88 156
687 434 809 463 296 249 101 292 473 974 527 271 172 816 184 866 309 247 777 120 901 985 721 809
11 275 688 300 576 576 895 155 132 378 172 681 904 940 10 325 517 103 837 447 656 110 883 666
628 699 484 897 860 469 362 834 880 724 511 608 566 47 973 765 927 179 485 858 43 39 29 292
580 796 182 384 671 576 814 113 517 623 918 582 368 694 736 279 699 867 727 861 47 402 794 178
864 159 340 419 884 785 950 55 526 531 671 633 277 234 694 526 841 601 971 255 369 127 538 938

96 528 5 247 948 560 891 237 360 761 80 448 163 20 522 357 827 782 468 593 138 103 481
251 978 892 805 292 805 600 955 141 700 942 515 197 786 987 450 721 588 685 533 81 451 373
606 321 554 688 177 29 427 781 291 719 683 913 49 122 53 933 651 871 358 670 227 999 367
543 228 845 752 679 170 587 605 547 180 183 208 97 152 504 89 356 188 821 723 718 403 719
523 77 512 239 750 366 761 374 89 752 768 892 989 949 295 309 665 20 669 397 788 820 987
303 280 13 445 47 346 671 373 404 813 605 358 163 714 683 495 768 481 412 459 732 296 582
238 567 697 201 98 685 812 710 292 217 539 967 545 319 240 926 253 863 923 790 715 655 794
389 684 847 42 518 24 508 24 343 183 536 1 101 254 191 556 573 874 577 482 644 159 426
780 617 992 132 546 969 871 535 335 293 634 6 878 199 93 876 310 225 957 604 802 935 111
312 371 765 927 115 373 228 594 908 231 316 872 770 308 72 395 388 607 22 44 666 691 38
801 847 833 465 129 528 537 238 452 410 151 752 971 359 703 240 956 332 118 17 353 151 703
452 163 850 966 456 265 316 142 610 896 51 682 392 217 782 797 865 245 845 429 799 411 318
50 567 933 908 144 321 525 98 442 912 26 150 733 352 268 838 89 122 405 53 102 619 746
432 488 857 199 648 264 548 839 208 824 724 674 938 405 148 425 683 307 528 237 726 317 381
476 477 631 282 600 79 104 842 604 713 596 412 948 313 359 518 556 264 570 3 176 778 742
423 675 889 361 466 508 125 179 101 377 236 385 244 462 137 896 617 628 827 370 674 773 612
706 227 987 501 26 295 141 591 838 978 286 166 438 876 393 312 127 717 475 980 943 354 679
570 491 935 74 646 320 572 520 580 675 51 934 366 272 950 165 710 8 113 959 497 545 845
202 339 441 792 187 534 784 792 207 604 177 344 642 763 435 857 639 386 457 2 106 605 464
215 75 4 416 714 144 314 915 41 517 820 544 668 10 948 416 115 292 807 369 898 534 53
356 558 818 252 142 352 493 274 209 308 874 730 505 452 694 389 918 787 460 233 750 97 257
443 48 577 369 209 391 652 552 483 378 637 542 533 212 22 385 137 763 121 870 256 313 426
889 172 649 129 174 741 27 183 511 153 449 644 920 326 531 682 719 236 554 981 440 261 853

688 238 710 450 333 853 143 52 862 740 179 106 832 970 236 246 336 363 519 650 769 43
293 403 654 160 803 81 513 883 172 802 451 849 928 283 605 326 162 206 777 543 399 797
829 645 847 136 932 592 134 720 355 155 680 664 716 967 625 654 525 60 863 188 297 129
932 304 973 357 798 792 844 706 606 867 162 992 851 603 981 512 137 496 883 156 92 79
292 658 340 472 33 199 70 507 578 834 419 197 34 817 594 916 837 421 850 949 473 703
304 839 537 329 937 239 194 491 368 421 973 207 405 831 288 127 707 965 574 482 854 22
784 593 540 489 345 430 408 664 715 39 293 886 996 255 276 537 408 327 550 254 124 389
859 461 686 590 898 517 305 88 161 798 705 5 54 310 338 411 434 254 48 549 996 633
754 144 731 905 52 35 493 417 875 357 927 259 967 321 865 44 752 329 660 342 109 822
292 822 979 988 46 266 393 680 643 951 337 969 380 923 129 177 493 660 997 468 11 77
404 685 450 360 596 347 708 183 452 942 464 840 239 193 832 846 459 403 799 66 983 930
974 130 20 933 785 627 318 827 55 536 477 290 726 348 808 345 21 418 269 783 505 987
369 961 593 145 790 992 64 961 265 284 432 205 726 948 765 818 687 990 466 981 687 46
260 797 47 430 118 463 871 844 758 244 762 834 487 657 112 387 336 933 878 266 469 619
392 598 246 371 618 661 870 824 558 386 99 868 618 525 363 557 199 633 738 76 873 475
622 610 882 839 519 31 736 540 833 920 531 289 990 503 829 559 367 15 578 676 406 13
779 535 522 626 136 496 394 304 252 334 931 661 195 555 562 732 931 184 218 35 4 909
315 449 249 32 866 501 433 759 238 786 847 885 515 422 161 10 358 682 453 591 61 63
788 779 314 909 450 393 573 637 390 985 877 472 353 153 996 128 728 166 294 189 541 284
528 895 59 107 366 401 560 539 812 898 135 332 434 115 239 41 792 404 205 336 797 869
9 569 865 46 324 623 683 977 715 616 344 269 346 936 56 525 394 409 418 257 16 463
512 460 397 316 595 864 647 207 142 489 47 529 37 531 805 878 79 246 738 972 605 477

89 900 785 339 271 90 707 421 508 68 587 327 190 576 389 477 409 549 944 802 771
921 790 361 510 650 169 664 271 400 459 365 306 340 189 394 42 842 139 728 330 101
665 252 356 654 266 986 0 422 627 40 432 449 142 778 666 141 806 553 234 91 259
987 71 614 617 950 218 174 485 661 21 988 811 266 769 513 37 542 255 453 39 909
544 785 720 844 266 553 26 100 423 767 149 610 104 936 337 200 632 22 199 36 546
793 402 711 693 688 581 426 759 986 365 702 357 107 593 626 560 84 585 326 137 412
937 45 46 345 647 157 973 826 21 202 544 273 802 20 521 889 195 254 685 456 962
492 758 616 268 168 88 531 46 127 903 845 834 920 949 250 916 767 329 897 682 832
797 670 45 487 70 238 856 995 80 284 534 92 305 116 257 508 581 786 206 0 531
121 391 332 643 129 867 509 900 420 988 421 712 55 297 848 515 187 426 590 657 636
458 616 273 233 558 290 866 992 343 927 743 268 461 874 256 889 883 670 413 337 327
980 393 283 260 217 809 273 530 336 94 863 214 516 677 625 945 496 495 152 896 894
718 959 373 237 217 250 37 219 978 99 955 97 370 584 90 82 594 215 355 702 819
440 383 375 403 819 699 418 686 506 249 981 273 593 943 840 494 600 80 70 279 346
592 511 137 484 397 49 718 333 187 642 865 756 173 695 708 713 341 772 670 526 334
714 983 897 164 393 182 562 439 753 906 989 413 35 579 433 624 174 9 798 763 368
789 182 538 81 714 371 693 82 428 429 232 640 791 295 97 821 426 222 660 290 713
872 470 432 595 759 332 335 240 309 173 370 199 546 510 13 949 486 556 277 627 365
187 139 558 32 330 766 859 110 943 65 95 542 175 10 94 335 874 280 381 701 667
465 340 740 857 232 584 701 691 323 975 960 405 641 409 497 997 312 43 229 312 996
696 510 859 675 195 831 917 479 689 401 864 990 803 744 470 243 668 201 272 600 936

506 742 94 620 664 807 222 290 176 585 132 247 623 710 559 904 299 405 663 135
620 968 327 475 676 17 757 655 412 717 408 617 747 629 22 738 968 973 899 660
411 629 170 346 137 209 202 448 350 310 968 439 330 869 134 722 626 964 646 380
164 715 692 357 222 655 627 863 177 539 823 926 508 984 819 80 777 574 874 718
736 51 544 603 251 333 754 626 336 553 90 396 429 973 571 262 326 840 584 448
233 637 211 381 99 268 388 109 945 496 197 528 620 381 578 20 591 694 739 313
194 521 666 640 312 710 184 402 959 86 769 309 14 742 800 588 910 435 712 539
464 126 348 242 168 766 894 304 344 329 361 3 546 878 172 339 907 661 33 110
742 297 901 207 27 41 82 760 324 138 773 292 161 441 363 285 859 40 373 234
303 663 814 761 284 412 299 873 590 953 281 330 991 631 471 80 403 154 441 518
13 801 49 569 256 550 334 222 691 675 433 389 562 159 718 35 739 195 77 565
864 115 444 670 258 452 841 911 768 922 70 786 922 490 93 397 571 285 448 203
776 989 180 137 220 959 346 700 593 279 686 902 499 367 121 901 838 197 681 146
669 118 551 266 346 82 683 649 937 110 198 329 157 587 376 643 153 868 378 587
123 920 169 253 180 490 580 675 233 71 996 478 138 300 475 683 153 868 426 968
983 492 178 427 450 92 105 74 653 463 274 762 229 457 898 962 238 986 800 858
215 59 742 297 808 822 536 917 622 694 379 827 796 185 653 972 384 990 467 724
757 548 535 770 253 308 968 43 942 466 276 281 914 194 329 982 609 533 576 891
434 924 633 535 76 22 122 705 560 127 248 186 892 645 48 677 587 472 493 583
752 354 503 318 789 853 655 400 929 740 245 883 277 843 923 311 585 908 704 554

311 475 107 183 612 742 803 564 723 413 712 98 340 527 425 680 343 897 641
332 361 845 700 157 304 283 464 868 574 321 3 248 101 724 848 794 337 975
406 761 927 539 361 212 396 412 728 959 671 842 605 513 432 765 54 785 272
995 304 617 874 129 446 35 994 917 74 58 989 706 937 690 959 44 526 980
618 12 308 295 401 705 389 938 842 738 69 569 999 844 945 157 606 320 746
538 507 775 990 390 482 451 909 432 898 185 308 776 186 582 553 983 57 689
555 489 386 969 707 77 176 118 422 97 110 543 313 598 349 80 24 68 820
409 101 289 198 748 725 827 238 392 728 816 935 283 357 370 704 637 82 428
926 368 935 376 770 216 408 400 263 3 325 324 462 653 760 467 437 335 689
637 179 270 849 579 557 760 358 873 393 499 321 496 807 666 131 2 188 677
585 17 850 619 652 141 773 959 243 731 48 550 925 950 981 373 136 766 679
124 112 376 512 606 806 805 459 752 893 906 71 258 325 513 858 564 760 620
902 699 504 838 544 797 257 990 565 642 26 557 93 723 876 965 79 714 388
741 795 939 239 254 620 94 243 58 454 742 710 433 427 596 918 417 486 585
757 863 129 666 238 736 6 603 912 380 531 36 319 248 191 548 363 566 542
584 450 975 167 870 39 128 839 183 975 864 324 946 815 877 66 955 270 317
15 674 918 192 192 782 144 68 481 143 345 831 776 96 10 903 513 275 844
532 282 129 94 433 396 215 35 739 482 896 99 286 229 11 257 500 223 286
672 5 415 567 302 788 515 5 569 550 394 415 713 529 337 386 290 951 487

513 850 356 746 461 897 922 541 390 562 720 91 750 873 766 961 441 288
620 13 105 293 355 238 697 888 265 69 78 631 864 651 443 315 285 871
247 225 822 629 90 850 597 539 166 287 270 519 229 109 884 423 245 566
363 313 705 397 266 722 890 281 204 53 652 660 986 662 544 607 780 603
214 853 983 606 436 32 936 152 90 24 255 244 419 426 290 260 579 766
109 74 858 93 311 158 244 869 125 201 501 545 499 716 677 443 112 268
348 862 362 752 620 791 892 750 991 527 133 114 995 565 233 353 812 784
275 478 225 663 594 298 613 314 695 424 789 306 110 441 310 691 641 638
879 537 361 779 278 886 2 726 933 36 921 38 295 660 955 537 637 250
819 444 602 163 611 40 899 992 593 115 826 120 880 26 890 841 286 585
899 343 64 15 570 631 941 956 225 138 166 65 593 674 450 471 871 493
513 14 222 918 302 962 952 171 384 603 888 491 181 614 635 714 460 580
255 311 255 835 601 370 720 980 104 589 422 203 567 866 997 954 709 632
524 431 620 181 261 487 459 704 380 143 414 876 263 999 312 686 96 30
331 133 702 693 519 413 494 973 419 147 925 0 254 852 119 963 323 50
364 583 554 181 998 897 792 925 307 717 586 482 924 946 129 703 566 745
240 944 607 140 159 634 458 798 914 591 899 780 567 164 383 446 15 416
441 283 30 327 319 871 993 118 97 309 958 523 19 238 6 978 497 920

2 832 244 823 361 955 441 46 478 155 216 381 281 81 68 748 113
829 265 683 152 647 137 856 337 361 900 834 104 198 106 568 861 706
862 747 501 379 514 785 531 774 62 773 75 29 954 955 538 526 79
248 624 864 466 800 10 817 721 624 295 1 225 269 965 896 796 295
674 730 426 890 892 378 935 756 26 83 284 629 396 169 487 873 379
151 687 417 264 789 150 225 229 485 981 569 483 274 692 853 793 871
232 676 3 450 101 189 589 517 730 251 434 926 993 185 669 363 140
261 970 781 782 569 859 354 726 177 261 317 812 331 284 539 405 403
785 19 143 508 556 652 378 556 503 43 206 282 531 954 448 560 610
885 579 433 488 210 539 330 917 340 713 797 132 586 285 615 140 583
560 551 419 296 105 958 513 446 565 658 69 33 773 835 666 353 947
985 322 817 801 997 542 396 374 88 324 63 931 923 586 613 819 66
823 279 697 599 511 928 622 589 437 672 525 74 232 968 172 146 533
860 722 992 489 143 954 8 685 958 5 810 862 42 618 884 672 443
946 814 263 796 565 589 99 179 309 55 937 160 39 427 139 243 473
880 81 265 751 563 329 363 863 207 247 512 182 556 510 390 544 111
637 229 175 193 191 880 291 79 1 951 519 894 999 554 244 530 751

439 922 99 655 131 160 658 945 147 797 112 834 440 919 196 877
152 702 992 501 543 843 549 655 118 324 748 481 132 82 122 98
610 790 744 510 639 436 850 766 698 139 407 469 637 205 552 98
229 32 128 393 91 922 661 795 993 876 921 200 46 70 618 160
517 570 798 816 575 57 120 892 86 26 752 830 712 518 419 773
414 575 735 127 234 637 897 498 253 441 600 830 7 3 102 655
709 876 761 18 174 189 663 80 62 20 359 800 988 599 680 414
30 154 984 114 487 22 147 535 161 84 717 114 77 891 842 871
650 983 485 276 275 75 11 461 396 175 972 478 153 321 84 791
916 190 677 488 835 872 418 676 3 507 598 490 988 261 868 710
516 169 217 988 664 951 217 453 674 495 68 984 383 153 179 561
767 546 544 219 214 318 310 84 611 700 338 214 528 547 656 233
10 988 590 712 276 651 860 284 397 183 378 807 365 784 690 65
125 606 653 943 244 125 422 895 109 440 325 264 820 555 595 485
57 367 636 955 482 845 195 247 536 273 314 600 637 370 714 343
777 955 431 624 49 26 22 285 130 189 300 350 60 110 322 214

571 524 413 996 930 192 2 231 152 694 458 206 552 554 431
990 952 860 46 491 205 155 678 545 30 457 278 0 142 484
429 683 314 677 796 781 487 432 185 768 415 590 990 127 157
213 327 142 425 110 38 416 120 59 648 226 567 694 630 118
113 20 368 924 709 898 0 848 779 435 300 864 758 833 140
642 216 368 315 345 182 966 580 855 459 815 998 423 614 834
157 594 49 299 806 876 78 156 546 571 168 338 255 150 592
583 767 908 400 807 921 542 559 873 281 943 634 118 746 742
879 985 898 300 53 379 183 650 948 247 616 339 841 229 122
653 680 673 337 979 445 140 728 617 631 272 425 614 768 310
838 398 878 805 240 764 536 47 144 493 976 837 626 989 449
893 722 64 700 414 424 963 70 152 898 77 52 632 954 489
18 53 52 921 403 87 510 770 685 80 814 495 306 617 987
703 695 151 653 532 71 878 302 199 426 803 22 503 543 505
656 559 179 418 801 21 354 441 997 367 576 431 244 620 685

882 809 713 35 102 364 691 28 792 35 445 380 188 133
128 5 792 235 293 269 506 126 144 100 381 241 951 815
155 608 635 752 427 762 569 261 59 8 195 337 642 723
518 822 405 849 306 23 425 665 184 834 813 179 663 610
946 27 787 155 166 981 991 761 100 914 112 84 400 157
586 287 802 769 830 368 45 121 188 762 75 234 79 8
245 737 679 227 554 208 867 155 475 704 827 3 27 583
590 268 970 571 418 969 999 350 816 973 965 216 719 487
412 855 306 734 742 65 809 921 859 516 253 2 381 394
453 531 187 876 673 331 814 719 884 112 330 388 691 365
682 321 274 625 860 367 590 56 722 518 799 324 199 787
372 125 785 670 771 728 894 138 932 764 432 196 606 642
438 85 906 310 749 300 9 91 850 495 264 356 323 927
571 588 312 742 12 982 767 86 974 25 714 841 890 158

168 798 227 94 788 212 573 2 623 818 958 56 555
492 546 347 78 241 98 403 660 497 673 580 908 642
110 475 812 754 288 604 790 652 760 988 287 492 268
526 448 925 353 792 358 638 127 74 596 974 653 332
54 263 406 423 362 271 946 804 703 698 241 447 307
346 664 739 369 989 371 900 643 824 824 33 678 63
303 18 96 42 187 754 522 128 450 290 1 153 105
339 200 998 881 159 421 233 994 921 979 803 740 4
612 148 167 825 518 342 927 78 0 255 682 769 276
364 558 754 810 164 76 958 675 690 677 974 808 331
646 535 521 632 819 132 665 432 861 207 146 619 230
248 560 533 532 25 869 656 577 294 805 144 604 381
361 140 732 730 661 508 899 4 253 501 178 44 569

859 990 860 980 486 94 219 693 628 67 857 209
348 294 605 603 927 467 176 39 936 841 264 253
949 111 391 508 345 3 316 372 62 297 173 506
75 364 708 292 819 920 871 839 616 190 225 284
457 386 850 677 907 650 90 850 578 236 848 228
212 723 950 360 585 110 281 542 383 431 377 200
676 420 443 330 215 782 357 819 141 929 43 238
254 832 456 72 799 751 462 652 43 778 115 508
426 659 65 813 166 440 852 820 553 801 920 706
73 633 66 177 215 114 748 357 900 144 578 422
340 777 287 515 521 906 118 329 720 363 530 586
888 864 358 359 603 108 683 964 800 577 341 772

411 647 154 196 345 702 137 319 862 473 209
165 652 339 990 107 648 22 110 715 618 738
64 256 52 834 746 391 110 478 866 423 41
801 608 644 605 209 526 135 356 300 963 489
517 160 404 447 865 505 583 302 116 656 890
921 111 303 653 812 777 397 994 777 778 478
198 934 795 919 826 918 375 479 377 627 81
112 932 736 21 456 132 611 84 479 278 854
725 979 931 641 163 891 450 946 268 237 884
588 157 502 232 216 767 333 582 328 497 143
453 284 771 919 635 132 230 133 703 242 216

898 690 379 766 102 211 262 243 244 288
558 268 128 859 454 311 960 750 880 303
581 764 112 923 424 677 253 769 280 16
486 511 658 578 926 731 766 286 527 242
271 478 750 286 589 112 129 550 950 705
418 479 19 301 151 745 514 316 696 129
813 211 121 542 49 471 848 706 651 977
608 438 950 576 73 336 173 320 982 484
37 135 139 978 562 298 927 257 192 116
922 598 667 174 3 448 363 486 919 638

952 193 317 558 550 831 909 892 201
212 106 657 913 553 974 988 651 979
58 933 649 508 633 241 373 175 482
851 259 601 244 3 564 868 268 624
597 848 543 953 463 847 95 79 55
269 952 983 618 9 976 118 334 351
267 392 898 346 498 451 259 313 991
997 316 545 448 350 457 449 837 364
789 602 537 951 497 443 495 538 382

874 458 399 550 421 440 389 500
572 726 20 617 858 618 728 963
48 713 874 54 223 121 783 78
711 513 16 522 29 736 650 360
355 241 17 153 43 145 844 620
692 689 466 596 191 839 479 403
889 871 625 895 10 847 263 680
481 687 848 544 400 692 721 946

363 866 659 52 614 297 811
933 544 377 811 898 954 84
690 799 701 676 362 347 49
478 780 134 905 204 918 221
228 595 695 292 58 913 309
292 262 397 261 296 975 166
825 269 321 839 604 503 56

281 601 261 397 50 773
655 245 276 508 828 504
477 337 81 115 86 213
753 726 316 285 290 968
425 819 600 259 264 23
781 357 448 923 245 815

107 225 127 541 611
185 968 223 888 735
308 753 259 971 816
75 357 922 743 889
816 635 14 662 410

209 17 980 528
801 311 355 235
61 502 750 728
772 448 131 596

510 455 786
338 15 836
830 869 138

946 794
950 21

724

4 35 9 17 21 15 975
10 23 8 26 3 5 102
10 29 28 26 4 3 659
31 7 1 34 1 1 326
36 2 3 37 2 2 169
26 6 10 28 11 9 878
33 6 3 38 1 1 787
32 2 2 37 1 1 178
22 9 3 29 8 7 462
8 19 15 13 5 19 866
11 4 25 23 10 7 683
14 7 22 22 16 7 99
1 27 30 26 11 13 795
33 1 5 36 2 3 713
12 19 13 28 1 7 541
30 8 9 38 1 1 988
10 4 18 29 1 2 747
25 6 1 31 5 4 136
9 24 14 33 5 1 764
11 14 18 16 17 3 985
19 9 9 27 9 9 576
22 4 3 27 5 9 554
19 13 7 23 4 14 144
10 18 16 23 1 14 475
2 7 21 26 1 11 799
16 13 17 21 7 1 420
33 6 4 36 2 1 373
30 2 4 36 1 1 472
31 4 5 36 2 1 470
8 13 24 29 1 7 76
21 1 6 25 2 5 999
14 16 14 38 1 1 174
17 16 8 32 6 3 245
18 17 2 37 2 1 201
7 32 24 37 2 2 463
2 10 13 3 28 8 123
20 15 12 30 7 4 520
28 3 10 34 2 1 269
