1000
704054501 837048647
125785137 678478086
704054501 837048611
993618013 134904736
993618013 134904493
993618013 134904513
704054501 837048774
320572739 167446358
704054501 837048544
320572739 167446760
320572739 167446368
993618013 134904369
704054501 837048328
125785137 678477856
704054501 837048411
320572739 167446616
125785137 678477718
704054501 837048341
704054501 837048727
993618013 134904323
320572739 167446478
993618013 134904484
320572739 167446330
993618013 134904598
704054501 837048391
320572739 167446579
125785137 678477847
125785137 678477730
704054501 837048704
125785137 678477649
704054501 837048718
320572739 167446758
993618013 134904505
320572739 167446323
993618013 134904583
704054501 837048588
993618013 134904779
320572739 167446623
125785137 678477903
704054501 837048407
704054501 837048577
125785137 678477721
993618013 134904441
704054501 837048526
320572739 167446522
125785137 678477671
993618013 134904475
704054501 837048689
320572739 167446745
704054501 837048723
993618013 134904705
320572739 167446579
125785137 678477774
320572739 167446545
993618013 134904667
704054501 837048672
993618013 134904438
320572739 167446648
704054501 837048755
320572739 167446309
704054501 837048785
320572739 167446369
125785137 678477866
704054501 837048407
320572739 167446724
320572739 167446392
993618013 134904505
993618013 134904533
704054501 837048804
320572739 167446739
993618013 134904587
993618013 134904495
993618013 134904628
125785137 678477751
125785137 678477865
320572739 167446299
704054501 837048666
993618013 134904546
704054501 837048774
125785137 678477859
125785137 678477601
125785137 678477663
125785137 678477975
704054501 837048377
125785137 678477754
125785137 678478089
704054501 837048527
704054501 837048770
993618013 134904364
993618013 134904511
993618013 134904662
320572739 167446713
125785137 678477975
993618013 134904418
704054501 837048329
320572739 167446411
993618013 134904527
993618013 134904560
125785137 678477737
125785137 678478030
125785137 678478005
320572739 167446586
320572739 167446424
125785137 678477846
125785137 678477940
125785137 678477944
320572739 167446543
993618013 134904331
125785137 678477677
704054501 837048748
993618013 134904411
993618013 134904733
125785137 678477687
993618013 134904533
125785137 678477852
993618013 134904787
320572739 167446460
125785137 678478028
993618013 134904327
125785137 678477874
125785137 678477753
125785137 678477905
125785137 678477869
320572739 167446728
125785137 678478001
993618013 134904379
704054501 837048776
125785137 678477713
993618013 134904785
704054501 837048395
704054501 837048697
993618013 134904361
125785137 678477630
704054501 837048550
125785137 678477988
125785137 678477995
993618013 134904530
704054501 837048377
993618013 134904779
320572739 167446630
993618013 134904762
704054501 837048578
320572739 167446495
320572739 167446424
993618013 134904359
125785137 678477860
704054501 837048342
320572739 167446375
125785137 678477994
704054501 837048469
704054501 837048374
320572739 167446739
993618013 134904474
704054501 837048754
704054501 837048455
704054501 837048458
704054501 837048703
125785137 678477867
125785137 678478026
320572739 167446475
993618013 134904592
993618013 134904650
125785137 678477795
704054501 837048799
320572739 167446649
704054501 837048739
125785137 678477982
320572739 167446784
993618013 134904691
993618013 134904287
704054501 837048341
125785137 678477863
125785137 678477768
704054501 837048368
125785137 678477879
125785137 678478072
704054501 837048736
320572739 167446289
704054501 837048553
125785137 678477887
993618013 134904435
993618013 134904774
704054501 837048599
704054501 837048563
125785137 678477826
993618013 134904782
125785137 678477816
993618013 134904619
320572739 167446520
993618013 134904405
125785137 678477802
320572739 167446784
320572739 167446350
993618013 134904493
704054501 837048653
125785137 678477796
704054501 837048384
125785137 678477854
320572739 167446555
125785137 678477666
993618013 134904607
993618013 134904516
125785137 678477663
704054501 837048340
125785137 678477689
320572739 167446751
704054501 837048804
320572739 167446441
704054501 837048733
125785137 678477799
993618013 134904553
704054501 837048572
320572739 167446325
704054501 837048800
125785137 678477858
704054501 837048347
320572739 167446792
993618013 134904580
320572739 167446685
125785137 678478055
125785137 678477919
704054501 837048744
320572739 167446413
320572739 167446778
125785137 678478057
320572739 167446698
125785137 678477953
993618013 134904517
125785137 678477694
125785137 678477939
125785137 678478048
993618013 134904721
125785137 678477673
704054501 837048347
125785137 678478013
993618013 134904599
704054501 837048352
704054501 837048406
993618013 134904301
993618013 134904288
704054501 837048590
125785137 678477893
993618013 134904436
704054501 837048429
704054501 837048372
125785137 678477791
320572739 167446507
704054501 837048593
993618013 134904434
704054501 837048372
993618013 134904539
125785137 678477725
125785137 678477872
320572739 167446726
704054501 837048733
125785137 678477633
125785137 678477615
993618013 134904593
704054501 837048766
125785137 678477779
320572739 167446355
704054501 837048508
125785137 678477709
993618013 134904653
704054501 837048350
993618013 134904618
993618013 134904367
993618013 134904505
993618013 134904576
125785137 678478015
993618013 134904550
993618013 134904578
993618013 134904775
320572739 167446756
704054501 837048339
993618013 134904792
993618013 134904583
993618013 134904577
320572739 167446685
320572739 167446402
125785137 678477906
993618013 134904754
993618013 134904762
704054501 837048345
704054501 837048562
320572739 167446647
320572739 167446511
993618013 134904576
320572739 167446340
704054501 837048647
704054501 837048686
320572739 167446529
125785137 678477645
320572739 167446338
993618013 134904507
125785137 678477650
125785137 678477884
704054501 837048506
125785137 678477660
320572739 167446640
704054501 837048720
125785137 678478047
993618013 134904359
125785137 678477847
125785137 678477942
125785137 678477850
320572739 167446595
125785137 678477880
993618013 134904301
320572739 167446309
993618013 134904602
993618013 134904504
993618013 134904755
125785137 678477755
704054501 837048662
704054501 837048432
125785137 678477977
993618013 134904562
125785137 678478008
993618013 134904336
993618013 134904352
125785137 678477740
320572739 167446726
125785137 678477805
993618013 134904379
993618013 134904500
704054501 837048762
320572739 167446710
320572739 167446681
993618013 134904630
125785137 678477620
320572739 167446352
704054501 837048706
993618013 134904740
993618013 134904472
993618013 134904434
704054501 837048609
125785137 678477769
320572739 167446407
125785137 678477607
320572739 167446789
125785137 678477817
704054501 837048798
993618013 134904592
125785137 678477859
704054501 837048786
125785137 678477933
993618013 134904520
993618013 134904748
704054501 837048439
125785137 678477635
704054501 837048521
125785137 678478039
993618013 134904321
704054501 837048441
320572739 167446283
704054501 837048707
993618013 134904725
320572739 167446593
125785137 678478033
125785137 678477961
125785137 678477608
993618013 134904328
704054501 837048563
993618013 134904479
320572739 167446620
125785137 678477737
320572739 167446677
993618013 134904291
704054501 837048427
993618013 134904329
125785137 678477645
125785137 678477860
320572739 167446707
320572739 167446668
125785137 678477650
320572739 167446731
320572739 167446496
993618013 134904353
993618013 134904497
704054501 837048765
993618013 134904503
704054501 837048333
125785137 678477996
125785137 678477875
993618013 134904503
704054501 837048343
993618013 134904330
993618013 134904612
320572739 167446417
993618013 134904459
993618013 134904436
320572739 167446389
320572739 167446457
704054501 837048359
704054501 837048647
320572739 167446404
320572739 167446387
993618013 134904614
704054501 837048370
320572739 167446757
993618013 134904527
993618013 134904446
704054501 837048378
993618013 134904781
125785137 678477887
993618013 134904618
704054501 837048738
704054501 837048647
125785137 678477723
704054501 837048370
125785137 678477616
125785137 678478047
125785137 678477873
125785137 678477663
320572739 167446743
993618013 134904548
993618013 134904738
125785137 678477806
993618013 134904303
320572739 167446410
125785137 678477906
704054501 837048361
704054501 837048769
125785137 678477834
320572739 167446487
125785137 678477658
704054501 837048341
320572739 167446618
125785137 678477999
125785137 678477905
993618013 134904682
704054501 837048466
704054501 837048613
993618013 134904711
993618013 134904751
704054501 837048443
125785137 678478073
125785137 678477874
993618013 134904400
704054501 837048441
125785137 678477626
125785137 678477608
320572739 167446324
320572739 167446330
125785137 678477824
320572739 167446340
125785137 678477901
704054501 837048558
704054501 837048685
320572739 167446480
993618013 134904701
993618013 134904468
993618013 134904774
993618013 134904319
125785137 678478053
993618013 134904674
320572739 167446770
704054501 837048528
320572739 167446553
993618013 134904392
704054501 837048387
320572739 167446650
320572739 167446495
993618013 134904775
704054501 837048365
320572739 167446452
993618013 134904750
320572739 167446437
125785137 678477647
125785137 678477996
993618013 134904629
993618013 134904295
704054501 837048729
125785137 678477591
993618013 134904522
320572739 167446370
704054501 837048453
125785137 678477875
704054501 837048426
320572739 167446624
993618013 134904729
125785137 678477807
125785137 678477943
993618013 134904447
320572739 167446670
704054501 837048749
993618013 134904357
993618013 134904680
704054501 837048515
125785137 678477974
320572739 167446512
993618013 134904732
125785137 678477992
320572739 167446612
320572739 167446696
320572739 167446526
704054501 837048594
125785137 678478036
704054501 837048624
125785137 678477753
993618013 134904665
125785137 678478061
125785137 678477844
125785137 678478091
125785137 678477670
993618013 134904734
993618013 134904606
704054501 837048770
320572739 167446535
704054501 837048431
704054501 837048549
320572739 167446623
125785137 678477945
320572739 167446365
704054501 837048476
125785137 678478047
320572739 167446623
125785137 678478089
320572739 167446652
125785137 678477991
704054501 837048727
320572739 167446340
320572739 167446526
993618013 134904632
993618013 134904780
125785137 678477805
704054501 837048729
320572739 167446397
320572739 167446301
993618013 134904571
125785137 678477867
993618013 134904373
993618013 134904508
993618013 134904753
320572739 167446337
704054501 837048411
320572739 167446385
320572739 167446538
125785137 678477833
993618013 134904356
125785137 678477596
704054501 837048729
704054501 837048791
704054501 837048460
993618013 134904608
704054501 837048783
993618013 134904498
320572739 167446402
320572739 167446340
704054501 837048581
320572739 167446410
125785137 678477802
993618013 134904793
993618013 134904755
320572739 167446523
993618013 134904435
125785137 678478001
993618013 134904316
704054501 837048446
320572739 167446586
704054501 837048543
320572739 167446682
320572739 167446329
320572739 167446292
704054501 837048535
993618013 134904513
125785137 678478056
320572739 167446326
993618013 134904316
125785137 678478020
993618013 134904732
704054501 837048629
125785137 678478073
320572739 167446535
704054501 837048477
704054501 837048588
125785137 678478047
320572739 167446646
993618013 134904386
320572739 167446337
320572739 167446650
320572739 167446496
993618013 134904621
993618013 134904398
125785137 678478052
125785137 678477988
993618013 134904379
993618013 134904472
320572739 167446326
320572739 167446449
704054501 837048714
125785137 678478041
320572739 167446702
125785137 678477686
320572739 167446599
993618013 134904512
993618013 134904472
125785137 678477886
993618013 134904629
704054501 837048741
993618013 134904534
993618013 134904423
704054501 837048572
704054501 837048398
320572739 167446721
320572739 167446568
320572739 167446393
320572739 167446515
320572739 167446289
320572739 167446537
993618013 134904347
993618013 134904296
993618013 134904677
993618013 134904691
320572739 167446405
320572739 167446543
993618013 134904654
320572739 167446443
320572739 167446673
125785137 678477838
125785137 678477798
704054501 837048822
993618013 134904495
993618013 134904600
320572739 167446768
704054501 837048537
125785137 678477687
125785137 678477948
704054501 837048612
993618013 134904584
704054501 837048626
704054501 837048546
320572739 167446677
993618013 134904718
704054501 837048387
993618013 134904307
993618013 134904651
320572739 167446438
125785137 678477784
704054501 837048817
125785137 678477971
320572739 167446462
993618013 134904758
704054501 837048696
320572739 167446478
704054501 837048406
704054501 837048611
704054501 837048792
704054501 837048358
125785137 678477923
320572739 167446407
125785137 678477612
993618013 134904557
320572739 167446561
320572739 167446782
993618013 134904516
320572739 167446664
320572739 167446645
704054501 837048375
320572739 167446723
320572739 167446573
320572739 167446554
320572739 167446595
704054501 837048671
320572739 167446746
704054501 837048495
125785137 678477966
320572739 167446673
993618013 134904729
993618013 134904639
704054501 837048544
704054501 837048674
125785137 678477720
993618013 134904309
993618013 134904429
125785137 678477799
704054501 837048789
993618013 134904444
320572739 167446428
993618013 134904785
993618013 134904453
320572739 167446738
993618013 134904345
125785137 678477780
993618013 134904675
320572739 167446576
125785137 678477819
704054501 837048469
704054501 837048335
704054501 837048654
704054501 837048599
125785137 678477887
704054501 837048334
704054501 837048469
320572739 167446690
320572739 167446408
704054501 837048639
704054501 837048772
125785137 678477679
320572739 167446475
704054501 837048776
993618013 134904414
704054501 837048396
125785137 678477876
704054501 837048485
125785137 678477811
704054501 837048702
993618013 134904697
993618013 134904637
993618013 134904654
993618013 134904342
993618013 134904787
320572739 167446558
320572739 167446769
320572739 167446482
320572739 167446612
320572739 167446398
704054501 837048477
320572739 167446376
320572739 167446439
704054501 837048420
993618013 134904712
320572739 167446721
125785137 678477741
320572739 167446766
993618013 134904293
704054501 837048383
704054501 837048348
320572739 167446457
320572739 167446534
125785137 678477760
704054501 837048645
320572739 167446701
320572739 167446517
993618013 134904338
993618013 134904381
320572739 167446757
704054501 837048659
704054501 837048350
125785137 678478026
993618013 134904612
704054501 837048496
704054501 837048366
320572739 167446648
704054501 837048786
125785137 678477683
125785137 678477601
320572739 167446295
320572739 167446425
320572739 167446627
704054501 837048710
993618013 134904330
320572739 167446325
993618013 134904744
704054501 837048715
704054501 837048646
320572739 167446620
704054501 837048504
320572739 167446655
125785137 678477754
704054501 837048473
320572739 167446502
125785137 678477977
125785137 678477771
125785137 678477709
993618013 134904436
125785137 678477902
320572739 167446606
704054501 837048786
320572739 167446751
704054501 837048625
704054501 837048709
704054501 837048635
993618013 134904521
125785137 678477837
993618013 134904381
320572739 167446419
320572739 167446430
993618013 134904326
320572739 167446360
704054501 837048626
125785137 678477872
320572739 167446499
993618013 134904460
320572739 167446657
125785137 678477746
125785137 678477881
320572739 167446335
993618013 134904577
704054501 837048338
993618013 134904326
993618013 134904543
125785137 678477968
993618013 134904303
320572739 167446677
704054501 837048764
125785137 678477922
320572739 167446455
125785137 678477695
993618013 134904523
704054501 837048796
125785137 678478075
320572739 167446463
125785137 678477691
704054501 837048354
993618013 134904295
320572739 167446537
320572739 167446699
125785137 678477897
125785137 678477957
993618013 134904322
993618013 134904723
320572739 167446588
320572739 167446637
125785137 678477691
125785137 678478090
993618013 134904470
125785137 678477731
993618013 134904454
704054501 837048635
704054501 837048443
125785137 678477906
704054501 837048583
704054501 837048804
993618013 134904403
320572739 167446671
125785137 678477948
320572739 167446679
320572739 167446580
125785137 678477636
704054501 837048633
125785137 678477689
704054501 837048501
125785137 678478048
320572739 167446394
320572739 167446702
704054501 837048401
125785137 678477900
993618013 134904595
993618013 134904613
320572739 167446314
704054501 837048667
993618013 134904441
125785137 678477769
320572739 167446640
993618013 134904728
704054501 837048743
320572739 167446408
125785137 678477799
993618013 134904560
320572739 167446527
320572739 167446412
993618013 134904416
320572739 167446431
704054501 837048455
704054501 837048440
993618013 134904452
320572739 167446562
125785137 678477967
125785137 678477726
320572739 167446716
320572739 167446689
125785137 678477602
320572739 167446512
125785137 678477651
993618013 134904634
993618013 134904784
704054501 837048484
993618013 134904349
320572739 167446584
320572739 167446320
320572739 167446610
704054501 837048793
704054501 837048559
125785137 678478040
993618013 134904687
704054501 837048532
993618013 134904709
125785137 678477825
704054501 837048751
320572739 167446442
993618013 134904337
704054501 837048699
993618013 134904645
704054501 837048761
704054501 837048664
993618013 134904714
125785137 678477822
125785137 678477730
320572739 167446736
125785137 678478049
320572739 167446449
320572739 167446535
704054501 837048768
125785137 678477805
320572739 167446630
125785137 678477831
320572739 167446459
320572739 167446690
993618013 134904324
993618013 134904447
320572739 167446531
993618013 134904351
704054501 837048767
125785137 678477833
704054501 837048383
993618013 134904617
125785137 678478056
320572739 167446789
320572739 167446348
125785137 678477702
125785137 678477643
125785137 678477956
125785137 678477806
320572739 167446492
125785137 678477842
125785137 678477853
993618013 134904409
320572739 167446551
704054501 837048482
125785137 678478006
704054501 837048584
320572739 167446575
993618013 134904569
704054501 837048673
993618013 134904308
704054501 837048396
704054501 837048742
320572739 167446567
320572739 167446336
125785137 678477996
320572739 167446701
704054501 837048819
993618013 134904434
125785137 678478024
704054501 837048753
125785137 678477833
320572739 167446747
704054501 837048780
320572739 167446572
704054501 837048708
125785137 678478092
320572739 167446754
704054501 837048461
704054501 837048483
125785137 678477776
993618013 134904691
125785137 678477832
704054501 837048541
704054501 837048370
125785137 678478048
993618013 134904589
993618013 134904742
320572739 167446389
125785137 678477780
993618013 134904516
993618013 134904323
993618013 134904659
125785137 678477972
993618013 134904645
993618013 134904333
704054501 837048497
125785137 678478006
320572739 167446589
125785137 678477627
320572739 167446420
993618013 134904304
125785137 678477994
704054501 837048422
320572739 167446425
993618013 134904449
993618013 134904289
704054501 837048512
993618013 134904534
704054501 837048461
125785137 678477825
993618013 134904543
704054501 837048740
320572739 167446594
125785137 678477630
993618013 134904372
993618013 134904447
125785137 678478091
704054501 837048587
993618013 134904509
704054501 837048727
993618013 134904747
704054501 837048712
993618013 134904763
704054501 837048349
993618013 134904338
704054501 837048823
125785137 678477614
320572739 167446557
125785137 678477679
125785137 678477704
320572739 167446457
125785137 678477749
704054501 837048800
