23270 54
1743 21063 93
2477 13584 80
15923 20081 69
13429 16697 24
6024 12687 89
5152 13898 17
8996 15100 99
2767 7188 5
1117 6840 75
14053 17262 17
2083 17423 39
8075 18514 34
20084 22535 16
4923 17650 15
3064 11344 17
9738 11167 64
20844 21570 48
19336 22261 74
7207 12710 93
4441 17076 79
13892 15890 77
7148 11589 53
10342 19064 73
3100 10891 23
4516 13927 50
15536 19069 7
849 17599 84
9044 22048 58
5865 10304 69
16768 21654 79
4119 4481 29
6027 17193 64
19102 21038 33
6777 21145 25
4240 20300 81
9752 19747 63
4802 12172 10
17168 22558 20
15737 18803 35
2291 14046 14
12482 18003 47
1301 9210 16
10705 22762 31
12034 22419 16
19473 23148 95
14143 17775 68
15002 20070 96
6286 6977 36
2989 14903 43
1994 3965 81
10109 14801 96
906 7521 45
431 21059 57
8475 12101 88
