22030 36
11995 13502 7
4978 14622 68
877 4793 91
19667 19737 2
7130 19515 15
390 15068 21
14420 17711 13
4246 16003 95
2665 16878 26
2109 5088 26
14347 17849 94
12391 17434 94
330 1967 37
5471 14993 0
5846 17853 11
1299 2386 39
3504 3893 14
1482 8859 54
2507 3455 50
18208 21142 88
15472 20621 2
19459 19708 19
9610 21405 60
7365 20973 15
7669 20837 13
454 15857 46
12635 20527 85
471 1065 47
9679 19626 62
14132 14139 70
10203 10904 73
5154 9450 22
13240 15302 39
1593 10421 12
13656 18354 14
15065 18603 11
