1000
25385 2689 9383 12232 9033 16713 6189 29060 14694 23610 25029 11968 694 29022 5804 85 19086 23161 4710 22853 1954 18123 28930 10228 23629 1510 2415 6037 22594 29886 16431 1506 23716 16639 1099 272 29220 371 21608 25090 19049 3011 3448 22205 28852 24237 18835 28956 28100 23096 984 3524 25335 13396 27599 10075 24755 1461 1505 27125 1748 25298 27625 6863 26502 3416 28525 10304 4998 14245 25576 188 6500 2210 15210 14651 267 28944 11139 1242 22724 20950 2635 2976 1656 23705 1909 4579 7157 25230 22981 26315 11427 1420 26608 29720 1431 2614 22147 21824 6072 29559 6455 21932 19744 2382 2211 7971 19909 893 27651 11399 552 7676 20535 21695 3181 4291 20495 500 24285 27272 12741 26880 1080 20245 2203 21795 3231 13774 29383 23544 8962 23874 1453 3496 24677 7424 1580 46 20632 2476 28315 2251 2374 8018 18645 3850 8990 26105 18066 198 20017 17532 3609 28538 1435 101 11010 25946 9830 21307 1809 13393 28075 27694 17248 3658 8698 6096 14604 19667 27644 1798 19155 18382 8791 14975 26156 1129 3282 13668 29880 20561 25274 9745 28103 7459 2180 29491 8478 12324 20659 2339 7928 1281 17405 23394 24906 11257 13481 9877 6731 23145 8507 27763 19508 18280 10835 22572 3652 8901 8147 7212 8968 22381 26944 18672 17369 14562 19819 1560 17830 9448 23888 25022 1476 28034 1598 10759 498 7964 3896 1271 5874 474 1436 14986 29253 7729 23810 25856 6950 1748 18023 1608 19978 13747 651 27328 550 11678 13207 12396 12834 5904 29187 11301 9277 29226 10423 6980 23409 1053 1856 29344 4104 8093 16998 2723 28814 20882 18988 20900 23257 17936 2471 832 9799 1113 9058 19754 25415 2625 11857 14422 13339 15875 2197 4144 8924 4115 13232 13890 6334 23395 6937 13109 23189 29961 5346 17640 11928 19185 21912 4799 3941 23247 23403 1806 4166 5464 5262 13782 22195 434 17633 10238 19736 13609 28366 17542 29400 29475 17264 17960 28049 2390 24059 3681 16290 15416 20056 5503 18410 22455 14095 8442 28371 14379 618 13319 9359 24457 29400 28267 5282 27353 4751 19853 12961 1722 18037 976 1081 27460 2113 23071 19570 22110 3037 20426 1797 24081 21519 27792 3085 10573 1321 973 9002 11 11806 4342 12203 4738 12037 17554 21533 16542 18083 15147 20030 126 1364 3253 15111 27741 18025 17743 23530 28387 16265 18200 16729 26492 8017 2324 2391 21785 2574 7023 19058 806 11469 18480 12833 19629 3552 2546 16426 8681 9316 18175 15736 27101 1 8670 28491 3669 22065 7903 336 25421 26565 18420 13331 2401 15716 17090 22242 21637 1110 3320 388 2806 24768 21216 24697 4209 10288 5172 676 20898 795 2866 20950 991 13269 2546 27917 3350 9185 16888 10941 10244 18266 10758 28013 6312 20369 259 165 1272 28920 22081 11767 17874 16447 28204 9020 17461 27324 15615 3616 14001 19984 26091 4321 21276 13064 3994 29779 18567 12225 19905 15144 5488 29968 18677 1342 3642 2848 6335 7001 10202 16733 1010 27203 23250 21905 6972 5873 12899 5709 25084 2584 23550 1163 1059 13343 19197 14481 382 14631 17552 3609 9571 7753 26618 23470 1129 23582 1789 14681 28301 1365 25234 6781 9907 6560 8158 16128 7993 3104 2402 16299 25810 26307 28786 14804 11154 10522 17128 24122 12869 25488 10521 26416 28677 2424 16392 14846 16396 1926 17370 14212 2710 9649 16010 32 21290 7703 3806 11986 843 1874 23450 20382 11050 4905 18163 5426 9935 4442 278 4553 872 3991 16906 543 6352 15054 8708 8902 25475 26029 10681 440 6289 22630 10537 18958 8706 19887 17850 27472 5273 16653 8051 750 7852 29267 22122 20975 22835 16997 1152 5383 12062 19778 2587 3774 20204 25922 292 1951 23161 21404 16771 1950 18711 554 29655 9230 12257 29297 1626 20162 25676 9692 12117 27234 11519 23368 14784 16209 29925 17861 28924 2188 13440 8347 29893 4549 1408 17548 2402 737 5268 8793 14366 25214 25984 18056 21500 3562 7536 19043 13991 18288 18315 22084 18856 27332 18380 6416 12251 16545 28685 22786 8996 13744 27493 426 23134 892 29620 21301 2964 17348 1404 5870 24180 21824 1523 2005 25344 23400 3926 1935 24711 22433 22399 9935 4308 15578 25786 27316 7077 19750 1237 28066 26207 1402 14966 23670 3071 20410 5297 16324 4436 8767 9434 27234 10604 5724 1688 12587 7756 13393 11835 20477 12771 5535 29008 8196 2881 28013 2114 827 1029 28714 12643 10543 27156 24180 3163 4359 2449 14136 10143 27841 4873 21787 28246 18878 12781 1513 1944 8833 26438 5228 9929 15796 1908 11184 13861 2363 9047 23876 3995 2477 5090 18675 14303 25905 16813 18132 20411 29541 458 25454 12198 28852 27930 26400 24983 22025 13537 27841 27931 17551 855 19331 10662 24252 14000 22557 2854 12941 10111 16681 7390 6419 6694 2762 7794 12078 25745 28051 526 19353 7204 7332 29676 5670 24561 14102 582 9291 4911 26778 24392 16094 7143 2092 27514 13597 1217 27950 6525 24817 18975 8674 10979 16500 2488 1991 12100 18608 11816 24697 1117 21930 25845 16162 2668 23455 4085 661 22538 15757 20927 2749 19016 27893 15967 8641 9454 14047 1102 20778 20047 25120 8609 23608 17233 728 1104 1426 844 10046 24026 333 20816 16800 24919 15151 8668 29605 1422 12277 28300 7894 6521 22529 24131 24156 23589 1144 4777 19979 14254 2347 23239 17056 10347 8435 29649 22343 9318 29555 19522 29793 5903 1497 2046 13187 17713 5397 28116 17602 11556 14957 21876 14638 14149 10784 3936 22172 19107 17737 36 22697 6651 775 13322 17147 15591 29915 19978 10442 26962 27217 16576 3487 24879 691 2720 17244 26730 25882 15022 27005 22303 17910 8297 29085 7179 17296 5575 19772 17216 22526 4503 10431 21788 375 4931 22456 8571 12471 26533 22120 19244 373 12315 1155 10146 13620 24542 2050 18156 22407 9103 12382 14312 21848 26387 8492 23731 1434 28065 28100 25443 1117 12313 1111 14073 12275 104 10592 1889 337 23113 13098 28892 17335 14462 7826 14800 28564 10239 24846 158 11428 1953 7150 26597 
1000
1 100 966 17
1 103 773 2
3 55 228
3 22 353
1 81 567 11
1 55 95 15
3 34 606
3 35 340
3 72 200
1 83 761 8
2 804 12092
1 101 109 16
2 175 13085
1 47 452 18
3 15 903
3 22 698
2 80 12058
3 42 165
1 82 466 3
1 21 815 12
3 91 809
2 181 15718
2 853 13793
1 30 998 19
1 66 644 4
2 469 17355
3 76 296
2 84 14578
3 96 957
1 105 773 15
2 457 10006
2 948 17380
3 85 746
3 67 942
3 41 702
3 71 444
2 950 19008
2 573 18943
1 25 66 15
1 19 644 2
3 56 533
1 23 186 7
1 34 277 12
3 55 132
1 29 548 9
1 26 127 1
2 45 17787
1 62 103 10
3 89 723
3 18 21
3 46 203
2 981 12117
2 398 17819
2 756 12661
1 82 922 2
1 16 491 12
3 77 159
3 9 396
1 37 127 7
1 93 405 3
3 24 830
3 11 809
3 85 975
3 14 463
1 49 62 7
3 72 953
3 83 493
3 50 90
2 566 18033
3 58 323
3 19 90
1 13 21 9
2 757 19767
3 61 209
2 312 12934
2 176 18194
3 3 189
3 93 174
1 23 52 9
3 87 894
2 772 17848
1 17 856 14
3 24 114
1 95 215 10
2 856 16108
1 79 479 16
1 66 295 14
2 667 11266
3 57 974
2 342 13392
1 101 131 1
2 810 18989
3 36 458
2 919 11072
1 10 357 17
2 623 14495
1 49 52 20
3 13 992
3 73 381
3 3 17
1 33 306 2
2 652 18381
1 58 108 11
1 50 123 7
3 47 432
1 12 840 16
3 21 590
1 27 846 6
2 632 11433
1 93 612 17
3 37 655
2 794 12330
2 429 14944
3 46 298
2 584 12749
2 407 10677
3 51 53
2 934 10597
2 197 13393
1 77 221 16
3 12 710
1 96 710 15
1 34 204 7
3 12 678
2 598 17952
1 24 149 7
1 50 861 17
1 32 956 1
1 70 100 6
2 450 17882
1 25 399 13
1 77 80 4
1 41 862 6
2 885 10086
2 484 13387
3 2 298
1 88 870 14
1 73 386 3
3 5 442
1 54 591 13
3 77 676
1 109 751 20
1 71 705 3
2 539 12670
3 11 883
2 608 19502
3 24 88
3 49 411
2 903 16174
1 32 104 12
3 21 973
2 674 13060
3 2 614
2 80 17067
1 94 755 14
3 82 497
2 486 13154
2 377 12465
1 95 912 10
3 3 987
2 727 18239
3 86 100
3 75 217
2 446 14526
2 191 15660
3 70 901
3 28 429
2 573 17624
3 74 363
2 354 18400
1 99 374 10
2 809 13673
3 21 244
1 48 149 11
1 38 647 13
3 94 393
3 49 364
2 381 12148
1 84 511 5
2 972 19374
3 46 815
2 671 11384
3 14 207
1 71 470 17
3 64 385
3 84 300
2 873 10205
3 7 100
3 40 285
2 760 18287
3 11 788
2 467 18548
2 373 10364
3 96 430
3 9 294
1 72 467 16
3 56 330
2 878 18397
1 10 108 5
3 6 850
1 16 347 17
1 60 795 16
2 755 14739
2 292 15574
3 71 988
3 88 268
3 35 892
3 85 752
1 62 339 18
1 13 592 6
2 40 11564
1 87 177 14
3 35 207
1 81 617 9
1 42 68 14
3 45 381
2 505 16059
1 66 675 7
2 413 15111
1 90 856 9
2 343 15161
1 63 465 16
1 101 764 11
1 56 626 5
2 568 12523
3 62 578
2 242 11815
1 71 264 15
1 109 271 1
2 86 14624
2 547 12069
2 93 10597
3 31 153
2 398 15106
1 100 162 13
3 30 635
1 61 973 5
2 302 10404
2 586 12604
3 45 76
3 2 723
2 246 12730
3 18 622
3 96 966
2 842 14616
3 26 263
2 248 17708
2 869 19164
1 60 294 2
1 90 431 14
1 64 796 6
3 2 726
3 60 89
1 81 384 19
2 237 14856
2 653 15347
2 54 15808
1 67 160 1
1 10 203 18
3 21 317
3 83 882
1 44 178 3
2 744 10434
3 15 348
1 22 45 7
3 97 284
2 986 17020
1 27 781 4
3 23 74
1 54 162 19
3 84 848
2 916 15298
3 30 973
1 95 573 18
3 29 122
1 50 429 13
1 58 611 17
3 19 929
3 53 379
1 78 165 3
2 838 11183
1 47 304 7
2 975 16761
1 75 654 20
3 64 370
1 28 933 14
1 48 806 18
2 272 19185
2 509 17511
1 17 613 11
3 94 279
1 47 74 13
1 72 614 16
2 486 18362
3 98 944
2 145 10033
2 66 10429
3 98 774
2 916 11308
2 10 10919
3 20 810
3 24 332
2 594 10636
1 43 498 2
3 76 211
1 13 237 5
2 107 15596
3 92 627
3 82 923
3 71 72
2 435 10760
3 47 864
1 15 965 8
3 8 853
2 804 19099
3 43 481
3 75 451
3 71 988
3 82 849
3 23 187
1 29 332 12
3 87 558
3 79 583
2 328 14935
2 188 11353
1 29 271 1
3 65 902
2 965 14132
3 34 35
2 627 14405
3 87 613
2 467 13439
3 54 745
2 499 18780
2 79 19338
3 10 210
2 617 10395
3 70 849
1 101 455 13
2 279 16621
2 786 16356
3 12 78
2 782 12385
3 62 808
1 101 581 5
3 27 471
1 26 934 1
3 93 288
1 105 873 12
3 46 521
2 752 10252
2 905 10822
2 23 16610
3 76 276
1 32 107 11
1 17 623 9
1 101 819 17
3 31 889
2 787 14426
2 193 17827
3 67 925
1 54 86 5
3 40 935
3 56 466
2 194 13180
2 453 11972
2 784 16769
1 80 806 5
3 43 617
2 312 11912
3 94 388
1 37 728 16
3 30 61
1 74 436 3
3 12 47
1 43 315 20
3 10 233
2 56 11202
3 1 519
3 9 123
2 239 18130
1 33 648 2
3 28 37
3 5 507
1 36 788 11
2 408 13256
3 69 773
3 59 511
3 93 104
3 52 547
1 56 147 8
1 67 217 9
3 22 420
1 16 93 14
3 65 555
3 14 535
1 82 954 17
1 18 734 10
3 81 435
3 26 839
2 919 11983
2 467 17765
2 982 18470
1 24 840 9
1 80 102 8
2 740 14557
1 87 311 13
1 100 947 5
1 104 922 3
3 6 43
1 83 498 14
3 79 897
3 57 91
3 60 882
2 655 18754
2 831 15389
3 75 693
3 38 485
3 65 170
1 64 332 12
1 16 681 17
1 55 498 2
3 69 549
1 16 297 5
2 762 11315
2 351 17862
3 12 575
3 16 948
3 2 238
3 29 232
1 80 826 8
2 264 12145
2 595 13766
2 375 10948
1 101 737 6
2 766 13675
3 78 956
2 198 13339
3 17 860
1 13 155 2
2 485 12504
2 517 14724
1 52 575 14
2 761 10322
3 57 714
1 104 259 5
3 99 703
3 14 557
1 25 434 12
2 1000 17925
3 44 79
1 36 36 12
2 327 14438
1 16 865 18
1 23 286 12
3 73 786
2 9 16215
3 91 872
1 81 791 11
2 53 18316
3 90 624
3 56 519
2 227 18594
2 490 14891
2 31 19014
1 79 212 20
2 326 16120
1 66 412 1
2 164 10487
3 98 488
3 21 297
1 40 63 5
3 9 943
2 695 17847
3 90 168
2 336 15127
2 826 13225
3 64 665
1 82 522 7
1 18 865 11
3 28 601
3 48 986
1 48 62 5
3 30 463
3 47 553
3 60 766
3 29 293
3 67 970
1 26 887 12
1 36 696 3
2 829 10548
3 99 909
1 13 585 10
2 490 14178
3 56 857
3 83 433
1 22 308 5
2 370 13823
3 34 682
1 108 339 12
1 10 24 12
3 78 496
3 36 307
3 73 205
3 46 209
2 268 16741
2 830 12303
1 53 961 11
1 97 606 14
3 40 292
2 915 16292
1 79 718 7
2 362 11789
1 18 55 11
2 895 10390
1 18 588 11
2 879 17949
1 40 239 14
3 75 712
1 96 442 3
1 87 447 1
3 23 55
2 855 19861
3 39 225
1 26 42 13
3 7 351
2 127 16262
2 895 13321
2 563 13989
1 42 188 20
1 59 937 16
1 88 109 15
3 78 198
1 44 71 10
1 77 496 20
1 63 694 12
1 40 965 8
1 77 182 5
2 25 15178
2 224 19311
2 635 19487
2 776 19239
2 828 19960
2 260 14184
2 163 18506
1 53 78 12
2 210 13232
1 25 53 19
1 48 387 8
3 78 202
2 124 18345
1 62 292 5
1 76 869 18
1 55 563 11
3 2 335
3 75 689
1 25 896 16
2 54 19176
2 363 15671
1 101 617 19
2 210 12189
3 27 412
1 81 757 6
2 863 12197
2 904 19959
3 88 336
3 33 970
3 26 157
2 382 16192
3 76 132
1 89 285 14
3 45 220
2 487 13967
2 147 18056
2 764 15550
2 619 11081
2 898 11835
3 50 61
2 455 16256
2 14 15285
2 430 16843
1 18 733 9
2 487 12681
1 19 678 1
1 18 352 3
2 251 11755
2 899 16912
3 98 148
3 97 718
2 110 11914
3 47 873
1 81 614 6
2 946 13938
2 421 11785
2 398 17205
2 685 12022
2 66 10911
2 996 12646
3 5 875
1 31 452 19
3 87 174
2 115 12268
1 56 271 9
2 46 15384
1 81 962 16
1 67 479 11
3 13 749
3 37 261
3 46 857
1 62 748 16
3 49 87
1 60 387 16
1 89 971 5
1 69 141 7
2 120 17890
3 26 331
3 95 268
2 167 17989
1 37 48 13
3 8 553
2 238 11207
1 82 226 19
3 91 465
1 65 816 7
3 50 321
2 625 14917
2 475 11075
2 919 12139
2 207 17915
2 694 11593
1 18 265 6
1 35 351 5
3 17 934
1 88 235 10
3 53 937
2 631 12129
3 56 703
3 61 653
1 91 786 19
2 777 19219
1 86 610 13
3 40 824
3 29 958
2 723 15512
2 701 14599
1 108 686 18
1 58 891 5
2 496 19593
3 91 517
2 645 15903
3 61 922
1 78 646 15
1 12 198 20
2 631 11527
3 71 431
1 18 20 3
1 17 684 11
1 79 758 6
1 29 157 7
3 49 481
2 339 13204
2 82 19312
3 54 133
1 92 265 7
3 74 476
2 182 19690
1 33 278 4
2 107 13684
1 71 358 5
2 233 14560
1 56 828 19
2 110 10213
2 97 13414
2 246 12980
3 88 601
1 30 883 3
3 78 933
1 45 321 15
3 78 542
3 92 932
3 51 310
3 40 626
3 7 731
3 46 879
1 45 170 18
1 13 972 9
2 781 14691
2 671 13148
1 45 220 12
2 116 12514
2 590 11093
3 76 199
3 13 776
1 91 638 14
2 255 19818
1 75 662 8
1 81 693 15
3 69 874
2 303 15363
1 108 138 12
1 69 250 4
2 477 10474
1 70 538 13
1 94 799 11
3 98 243
1 73 879 16
2 203 13843
3 32 926
3 9 343
2 287 12334
1 57 162 13
2 219 18608
1 34 172 5
1 75 388 8
2 16 16209
3 49 70
2 759 10216
2 300 19107
2 750 11654
1 91 603 7
1 80 484 13
1 83 286 16
1 14 831 12
1 61 68 15
1 59 451 6
1 44 93 3
1 105 630 14
2 937 10073
1 59 99 3
1 87 150 16
3 89 871
2 490 17471
1 109 751 10
2 913 10667
3 74 455
3 52 245
1 101 378 4
3 69 597
1 66 83 20
2 571 17441
2 168 17934
1 51 296 11
2 210 15208
3 97 560
2 104 10463
1 74 850 7
2 148 15048
3 56 329
1 29 130 16
1 73 140 8
1 20 591 5
1 45 641 12
3 74 750
2 697 17533
2 640 13773
2 225 16799
3 18 911
3 3 94
2 822 19031
2 63 19079
3 14 634
2 725 18071
3 61 582
1 81 720 8
3 48 350
1 21 881 5
1 48 893 13
1 77 304 3
1 84 936 19
3 47 983
3 25 344
1 96 812 15
3 15 900
1 63 108 10
1 16 869 11
3 10 135
1 15 480 6
2 863 12886
1 96 494 16
1 45 174 18
3 50 488
2 421 10068
3 71 177
1 96 683 18
2 221 19642
1 73 523 4
2 238 16524
2 483 12218
3 40 98
3 42 952
3 4 240
1 77 110 8
2 573 19269
2 766 13451
2 218 14051
1 92 812 13
2 439 11298
1 77 700 13
2 431 10053
2 665 17817
3 41 44
1 74 590 5
2 124 19393
2 381 16431
3 44 640
2 701 12389
2 510 11497
3 85 359
2 744 11448
2 61 10525
2 792 17615
2 794 11512
2 466 10727
2 810 14495
2 291 19320
2 899 10973
1 106 518 1
2 89 19943
3 99 386
1 10 314 7
3 51 896
1 90 147 19
2 638 11088
1 64 626 16
2 891 10670
2 447 15290
1 99 926 8
2 4 10982
2 912 13167
1 24 632 1
3 45 705
3 49 99
3 88 680
2 988 17424
1 25 91 16
2 334 10812
1 37 400 14
3 60 723
2 9 16992
1 41 379 19
3 20 100
2 383 19732
2 413 18159
3 5 507
1 21 648 7
1 61 382 2
1 86 100 4
3 8 417
3 14 552
2 982 15874
3 44 802
3 73 814
2 970 18965
3 61 683
3 3 11
1 83 750 1
2 312 16090
1 87 592 8
3 77 478
2 529 17449
2 641 16848
1 90 640 6
1 107 613 2
3 18 787
1 72 430 11
2 570 10511
2 800 17244
2 207 10230
1 67 435 20
3 40 932
1 18 596 19
3 87 510
3 86 190
2 882 19018
1 105 449 6
2 104 17972
1 40 914 20
3 29 766
3 66 207
3 91 384
3 50 153
1 42 642 2
1 57 99 18
3 19 536
3 99 832
3 29 592
2 763 14488
1 91 352 20
2 932 17406
2 125 18458
3 16 33
1 108 557 18
2 723 15225
3 53 247
3 58 393
2 471 18455
2 881 16187
3 48 279
1 68 434 4
1 52 582 4
1 30 529 7
1 11 162 10
2 53 15459
2 669 17452
3 2 91
2 83 18678
2 576 15631
2 590 15824
3 91 928
2 499 19555
3 43 59
1 57 541 6
3 29 716
1 73 803 13
1 16 665 7
3 69 361
2 936 10009
3 35 364
3 12 629
3 24 298
3 63 470
1 20 609 20
3 63 280
3 75 970
2 419 19464
2 134 14739
2 678 12183
3 8 92
2 648 15580
1 87 647 2
1 87 352 12
1 56 423 13
3 41 198
1 16 447 19
3 3 68
2 721 16344
1 11 54 2
3 39 118
1 12 549 4
2 799 10073
3 59 526
2 985 10023
3 16 888
2 504 19112
3 18 603
1 93 599 18
2 322 13214
3 91 849
1 63 122 8
2 971 18715
3 21 499
3 17 622
1 30 47 1
3 8 242
2 341 13384
3 36 85
1 30 444 17
3 77 518
2 283 11650
1 83 643 16
2 232 10314
2 308 12474
2 222 16728
3 65 311
2 346 17920
2 403 14802
1 57 877 15
3 30 54
3 11 999
2 31 12109
1 75 409 3
2 86 12013
2 27 19205
1 91 337 14
2 17 15062
2 217 16664
3 98 385
3 4 674
1 47 574 17
2 53 16985
2 606 13623
3 3 470
2 204 16370
1 51 938 7
1 107 798 14
3 40 543
2 108 19775
3 59 974
1 83 730 13
2 460 16170
1 12 878 1
2 71 19362
1 43 309 8
3 68 411
2 302 13657
1 59 115 16
2 644 14452
2 655 13480
1 71 505 5
1 54 203 3
