1000
25388 10669 27247 3527 19348 20640 9302 26133 1206 17462 24881 12012 20065 12800 27996 17423 13136 8818 6541 13610 13369 836 11177 17243 5464 12569 20956 22512 2587 17503 19432 22643 4879 9590 16061 1716 1275 11284 26187 1349 18219 19944 6548 1884 14928 8317 21765 5556 16006 12898 16134 1765 12950 2648 23248 11285 21149 1259 23934 8639 21949 14196 22887 7603 5138 25118 13228 24158 18664 12121 6157 8012 17707 25004 24321 14059 9758 2669 6661 16786 25680 421 14900 2193 20173 1360 1304 15787 18065 8435 19392 4593 20034 1169 6162 4529 16926 27631 17507 25535 19506 15670 12613 27954 26828 16585 3488 18723 3892 504 25861 28081 21143 1557 26686 8776 3908 245 9258 11044 747 4216 6856 19984 6209 15740 29329 5236 7449 25391 12299 28302 1856 3188 11675 7168 19192 16521 17818 2139 22264 742 25260 13338 23361 2664 27213 12546 24164 29614 13741 7048 4642 29380 3262 12196 18212 18430 22411 1236 18669 1783 1179 5460 13836 10203 3254 19645 10390 18994 27415 18347 17107 29343 17315 8916 29752 16919 9609 6774 2709 1909 15178 10719 25488 1517 10187 17459 21074 24031 14761 2666 3456 2543 26828 8856 14701 28211 21055 5233 25230 23309 9790 20236 1790 27162 15505 15335 14178 2617 17177 812 17984 17680 15017 25906 24396 28876 13847 19783 5427 3303 3986 429 22204 18527 2101 5346 11003 4676 1501 1780 2200 1122 25400 28469 4207 24864 1567 44 25257 10408 12326 17324 10187 2376 15729 20616 7230 12056 17865 16487 20271 14046 21486 4053 13447 18478 10031 7867 4894 6870 13113 223 9003 27513 21037 14254 28928 9081 23797 14650 22516 14362 7639 26751 10656 1253 20810 25322 21838 9547 10505 18204 9134 4491 1383 22763 23243 726 22754 9897 24126 25264 27130 5033 8097 18841 26436 27648 29511 20717 442 25993 7466 15369 341 12844 10789 15535 2014 1887 26980 22188 209 16108 6680 9911 9891 29941 8559 4253 29813 18230 23747 6299 15817 6539 25618 27659 23205 946 20654 23876 14614 19537 23605 22203 5063 5435 27588 2414 418 7407 23400 23170 1750 14690 7637 21546 15946 28670 1115 7628 5393 20202 17173 16223 17998 27532 1380 13336 10361 10828 9883 4165 19379 13211 25340 15993 21078 14900 5348 6121 14289 370 21058 23574 1155 1747 2333 19372 22277 18955 9079 27306 6621 16460 10652 11716 7984 22196 15488 5894 4328 16215 328 1465 1590 21870 9063 15754 2298 2160 12268 26857 26753 23425 6362 6832 12478 89 28393 4869 2636 502 17067 19329 9730 20964 3265 3730 26648 7179 26190 7709 6169 22106 9644 11624 14666 24531 13150 12856 7274 28679 11078 20790 10890 1683 7704 27031 21023 29675 1807 1020 19030 24406 18911 10391 8359 28218 19690 24720 17581 28826 950 26279 1589 14045 2159 19226 14741 29905 19657 3785 271 21999 22873 1128 9109 9953 29925 12309 18431 14401 16936 19547 20027 24228 17659 2310 13557 13271 11905 343 23704 2104 14753 8682 26467 23656 11193 359 24511 10864 19856 22918 6352 10210 28813 24279 2074 24433 21543 26992 16518 25316 2669 28136 9685 17686 25575 23716 21012 18 23020 527 23424 24445 20725 5423 3020 340 16738 7078 2161 2744 14236 11447 21830 4711 2890 20922 25936 18253 5832 9457 11739 15707 724 15980 28617 22199 1371 26665 11051 14595 23445 23936 28942 10210 13980 6590 1943 26808 13314 1249 5203 5042 12499 13988 16584 215 10232 474 3408 27005 15278 1504 17959 17710 29495 26542 20162 19340 207 22799 14178 14755 9186 738 20714 23454 1612 7391 13037 19085 23809 9630 26636 14181 798 14740 13439 26440 10495 18319 10993 17671 26051 17285 913 11238 23597 26488 26982 20383 4764 1644 12770 26025 1853 27068 12987 29625 21631 8154 10742 26506 1175 1558 27717 23514 7270 3025 19858 11957 21704 4113 684 19701 23533 10535 9282 22282 11549 3984 27229 759 28632 12314 6611 24477 15885 10567 21033 23868 6796 14326 19673 16183 11196 22336 3493 23319 3729 6049 27946 18643 21945 29016 12728 26703 2326 5648 10849 24610 14705 1471 80 1132 1853 27343 12893 2264 25785 380 28382 1022 19082 3709 16319 1308 793 10470 15573 806 3976 23373 14447 26156 14907 24619 6702 29211 1781 2134 23575 5302 14480 17357 24039 15255 16449 13316 678 19312 1659 4384 19583 7319 1379 24757 27343 8386 18644 24270 28284 5647 1028 26908 6280 27463 29879 9556 438 14691 26626 26322 17292 287 17890 6018 14793 17647 26430 10240 21977 1632 26442 19198 12983 4224 4094 2743 1282 11696 27335 12481 6979 18904 18812 26456 15006 28844 23443 23961 4487 302 9109 27964 12007 14964 24783 8870 20127 1452 16715 477 15132 8541 28670 173 27947 4592 21315 20826 24079 1598 3976 10887 16338 18571 8775 4167 4056 17124 10553 1171 14266 133 10694 16395 12369 19118 27839 23296 23312 25047 16975 25969 1431 17137 16943 11396 19334 20975 23578 20056 19087 3461 19585 11240 23760 12335 18815 12851 19807 25206 1759 16026 15142 25199 6525 8841 7665 17540 12570 2649 8645 12662 564 19317 19572 17827 28229 23996 8558 85 23403 1063 14298 7036 6936 26796 437 4813 10507 12130 27738 1002 22143 17637 29044 17908 13730 27644 4592 1102 22856 20089 26981 16532 15585 5473 27352 14331 26792 19533 18059 5563 9758 5136 25111 4315 22711 26778 5818 316 20179 2285 10738 4041 7919 1086 13387 15900 25885 1965 27253 28452 29873 6440 1897 20278 21054 17277 2749 23682 2497 3839 5767 16280 13595 13147 18799 3371 18117 1916 18679 21780 27839 10411 1871 8857 8137 7419 24916 20976 13014 29924 18857 24319 398 12334 10761 4454 17971 27152 28379 10687 3574 4250 28935 29732 9546 11088 12809 25586 2730 29976 7748 7373 22711 19798 18840 3301 1908 17493 23094 1863 19893 18153 5555 13974 14037 11602 17500 12075 16552 12644 24266 19003 5552 4069 14774 10344 14228 22839 9230 7355 11725 13622 11079 12192 3235 7780 1222 21298 26712 22596 1178 11449 2211 9475 908 6001 28768 2349 8763 17550 3461 21951 15073 7292 9560 8105 22585 17771 
1000
3 63 333
3 76 716
2 492 19834
2 1000 11785
1 28 52 15
2 67 14811
1 102 364 17
3 46 734
2 68 19555
2 395 10293
2 281 16390
2 122 14604
3 90 159
3 67 360
1 37 167 4
1 98 686 13
3 36 163
3 35 805
3 19 698
1 39 95 4
1 52 293 7
3 57 401
3 54 534
2 314 19052
1 73 407 5
1 102 545 4
1 14 677 11
1 52 848 19
3 28 594
3 15 98
1 43 811 17
2 467 12905
1 83 615 6
2 917 15574
3 42 316
3 57 365
2 514 14081
2 168 10481
3 77 977
3 12 340
3 87 208
2 12 19564
2 17 17242
2 646 13062
2 959 17243
2 482 10835
3 74 535
3 12 488
1 104 708 8
1 61 452 2
3 35 722
1 78 494 19
3 94 910
1 50 590 20
2 312 10413
3 22 704
1 63 602 7
3 36 941
3 63 479
3 33 594
1 79 321 17
2 165 19745
3 6 974
1 99 151 11
3 58 147
3 64 214
1 106 849 6
3 32 317
1 29 516 8
2 147 16374
2 294 16030
1 11 749 7
3 24 220
2 225 11175
1 42 756 13
2 2 13323
3 5 524
1 16 432 15
1 92 506 19
3 57 786
2 46 18667
3 18 477
1 93 807 17
3 79 826
2 835 17949
3 44 220
2 580 13245
1 48 91 2
2 889 19557
2 733 12698
3 73 153
2 24 12456
1 11 392 20
1 25 917 9
3 31 237
2 136 12863
2 10 10115
3 47 523
3 10 824
1 43 256 13
1 77 873 12
3 34 266
1 38 203 16
3 67 615
1 99 438 12
1 70 971 19
3 43 151
3 95 280
1 101 649 1
3 85 94
1 26 964 12
3 13 734
3 24 233
3 91 327
2 317 17227
1 14 726 8
2 893 16553
3 48 694
2 250 14496
1 54 147 14
3 18 508
2 503 15781
1 10 41 9
1 60 962 1
2 794 14972
3 19 689
3 26 425
1 93 641 14
2 4 16866
2 644 13238
1 19 804 8
3 67 943
1 39 331 4
2 363 15178
1 28 274 3
2 960 19146
1 88 845 4
1 33 298 3
2 523 12929
3 14 430
3 61 139
1 39 260 5
3 88 643
3 46 698
3 33 714
1 102 128 11
1 17 861 11
2 237 16246
3 87 470
2 657 10489
2 143 14367
3 24 727
3 44 918
2 459 10842
1 47 480 11
3 16 750
3 29 290
3 56 854
2 952 16773
2 117 10822
2 94 18684
1 78 680 9
2 829 18214
1 10 61 6
2 267 12224
2 219 12610
2 259 17506
2 288 17120
3 89 778
3 7 902
3 55 487
1 65 546 15
1 47 950 19
1 94 648 5
1 56 494 17
2 558 15262
3 96 752
1 69 548 12
1 53 339 19
3 59 910
2 366 19305
2 271 18987
2 492 19042
2 47 18374
2 328 18181
1 23 912 5
2 69 14662
1 11 68 17
3 37 563
1 40 258 4
2 968 17238
2 420 13682
1 79 980 4
3 66 87
2 456 19043
1 12 473 6
3 95 211
1 38 147 14
1 109 986 20
2 413 17558
1 109 846 5
1 48 952 6
1 60 450 14
3 62 726
2 795 10867
2 610 14890
1 109 378 20
3 38 291
2 499 10907
3 18 295
1 29 496 9
2 331 11393
3 22 976
1 17 771 18
3 31 372
1 2 14 6
3 68 716
2 740 11048
2 793 17667
1 86 92 20
3 32 112
1 109 345 13
2 791 12545
1 52 742 14
3 8 699
3 72 794
2 646 17983
1 25 436 7
2 811 18911
2 961 16097
2 262 12954
3 1 821
1 57 323 9
2 40 15677
2 763 13481
2 130 13185
1 84 447 11
3 6 8
2 610 13236
2 431 11626
3 88 878
2 941 13037
2 324 11562
2 519 13328
2 694 15257
1 25 638 9
3 31 235
3 26 739
1 89 252 18
3 58 984
3 25 371
2 887 19053
2 639 12954
1 77 623 7
1 20 759 2
1 83 731 13
3 6 781
3 8 554
3 64 976
2 295 12406
3 50 615
1 32 925 9
1 49 690 16
1 57 800 12
3 93 850
1 23 738 10
3 8 692
1 25 215 11
1 95 495 5
3 90 582
3 90 677
2 141 14783
3 46 273
3 75 367
3 67 760
1 80 662 20
2 380 10715
1 59 95 5
3 4 956
1 108 336 6
1 25 881 7
1 94 825 20
2 534 14489
1 91 616 19
3 36 524
1 103 523 11
1 31 761 10
3 15 875
2 624 10019
2 302 13814
3 64 902
3 57 828
2 934 16701
1 56 152 9
1 31 41 5
1 58 919 4
3 83 999
3 99 234
2 358 10858
1 22 951 6
3 100 556
2 275 17235
3 44 87
2 42 14061
3 33 758
2 762 14439
2 662 13405
3 6 736
3 76 601
1 67 96 1
2 158 11455
1 81 884 16
1 81 230 12
2 677 14310
1 44 172 7
3 90 429
2 184 10133
2 149 13291
1 104 713 20
2 679 12901
1 39 872 19
2 181 16246
1 70 974 8
1 86 654 4
3 67 622
1 89 185 6
3 59 939
1 24 675 16
2 25 13113
3 29 586
2 208 17811
1 69 383 16
1 17 921 15
3 56 458
3 17 813
1 82 972 11
3 46 185
1 61 855 7
3 60 90
3 64 70
2 361 17707
3 31 898
3 84 297
1 30 153 5
3 59 760
3 94 920
3 58 582
1 25 659 2
2 382 10472
2 111 17249
2 686 15652
2 222 15889
3 14 676
1 50 173 9
3 57 349
2 734 16431
1 51 750 16
1 29 316 16
1 107 823 13
1 52 782 5
1 30 476 10
2 788 15964
2 433 11777
3 16 280
3 56 213
2 207 14872
2 154 15357
3 7 673
1 86 759 3
1 33 142 4
1 103 455 18
2 661 10400
1 19 970 8
2 522 11298
3 9 891
2 203 16796
2 377 11540
3 52 875
3 69 301
1 35 94 16
3 31 671
3 12 997
3 72 580
3 15 737
2 85 17806
3 49 314
2 173 15715
3 16 70
2 187 10504
2 153 12693
2 828 10254
3 16 561
2 744 19008
3 51 62
1 57 633 20
3 70 910
3 80 679
3 86 195
3 67 256
3 65 981
1 71 261 6
3 36 558
3 92 260
2 555 18384
1 11 611 12
1 108 757 14
2 627 18140
2 869 16691
1 22 682 14
2 689 19744
2 752 14094
2 233 11731
2 999 19928
1 105 456 8
3 58 588
2 400 13012
1 100 904 15
1 36 687 4
2 346 18606
1 11 104 1
2 599 11044
1 23 55 20
1 37 352 1
1 84 436 15
1 35 286 17
1 98 522 13
1 76 185 9
2 603 11531
1 23 952 14
2 403 17379
1 79 994 8
2 669 19276
1 20 306 6
2 314 15331
1 43 586 17
1 61 301 8
2 113 17114
1 46 444 9
3 79 303
3 34 170
1 87 468 16
1 77 781 14
3 1 357
1 105 246 3
3 1 987
2 524 15019
1 73 439 20
2 106 15474
3 17 848
3 80 895
2 460 13013
2 52 10424
1 17 335 20
3 94 203
1 95 630 7
2 998 19267
1 34 234 1
3 7 512
3 41 674
1 95 685 18
3 74 936
3 72 522
1 10 88 12
3 76 649
3 96 883
1 36 985 17
1 51 518 4
3 98 224
3 100 299
3 43 530
2 51 13315
3 80 802
2 243 16840
2 37 19376
1 109 535 6
3 96 161
1 52 514 12
3 33 865
1 90 557 11
3 45 306
2 840 15485
2 636 17060
1 81 567 11
1 77 811 10
2 760 15882
2 830 12474
3 24 593
1 94 859 6
3 43 222
1 17 56 15
2 111 17122
1 33 467 5
3 34 925
2 170 14317
1 92 377 3
2 862 13619
3 40 591
1 98 129 18
3 21 645
2 413 15850
2 83 11327
2 226 12404
1 17 328 12
1 33 659 11
3 60 591
1 34 264 13
1 107 528 12
1 42 149 4
1 76 310 20
3 16 245
2 471 13979
2 581 17304
3 17 42
1 106 459 18
3 13 701
2 86 11006
3 56 435
2 552 15357
2 599 17714
2 400 11386
2 903 11299
3 2 303
1 26 283 12
1 29 549 16
2 142 11941
3 63 272
2 362 13903
3 8 998
3 26 156
3 4 723
3 28 819
3 50 262
2 105 16890
1 30 154 6
1 107 247 14
3 14 863
1 10 944 20
2 121 19130
3 11 350
2 430 16679
1 109 918 11
3 41 860
1 65 686 3
1 21 772 3
1 103 535 11
2 606 18495
2 201 16425
2 362 11216
3 25 770
2 884 13207
3 17 882
2 405 19995
1 28 131 20
3 22 660
3 69 831
3 33 400
3 64 67
3 100 111
1 20 641 6
2 855 11421
1 25 498 5
1 87 510 1
2 809 16877
3 39 93
3 89 818
2 336 17821
3 94 589
1 23 989 13
3 70 770
1 63 758 16
1 47 417 13
2 583 15555
3 99 963
2 951 10133
3 2 594
1 37 516 11
2 638 10660
2 90 14269
2 101 13825
3 23 428
1 72 609 14
1 31 534 12
1 91 254 15
1 82 486 16
1 42 665 10
2 618 18310
3 71 398
1 80 971 18
1 10 588 7
2 581 13829
2 202 12768
1 67 763 19
2 798 17770
2 654 12168
2 51 17255
3 40 173
2 543 10392
2 440 16012
1 24 879 10
3 10 384
3 37 350
2 23 11371
3 92 797
1 76 79 13
1 15 676 14
1 97 907 2
2 848 16224
1 12 630 19
2 754 18923
1 32 104 13
3 21 330
3 66 947
3 38 388
3 13 326
2 854 11670
3 14 226
3 18 252
3 100 838
1 11 942 12
3 54 509
3 41 70
1 57 574 11
1 108 301 14
1 73 854 11
3 78 433
2 94 14895
1 98 386 2
1 56 303 3
2 478 16769
1 97 734 8
1 43 977 7
2 880 19347
3 24 558
3 34 681
3 46 606
2 66 19312
2 799 10319
1 40 718 16
2 353 16127
2 553 16512
2 659 10169
3 57 95
2 563 12065
2 406 16493
2 526 12581
2 847 11125
2 341 16413
3 39 120
1 48 123 12
2 974 15363
3 20 668
1 70 499 11
2 515 10301
1 73 105 17
2 52 17230
2 238 14448
3 52 490
1 104 105 9
2 434 10035
2 109 13955
3 58 250
3 75 206
3 65 627
1 51 79 4
2 18 11038
2 123 10903
3 88 444
1 27 309 13
1 75 168 7
1 103 744 20
1 61 968 4
3 68 230
3 100 752
1 39 86 4
1 18 230 8
1 84 906 17
2 76 16614
1 64 575 15
2 98 19306
2 347 15105
3 10 802
1 72 383 17
3 70 392
1 57 611 14
2 38 11382
1 108 817 14
3 85 620
1 65 193 8
3 51 967
2 879 15591
3 82 875
2 588 16423
3 58 449
1 75 80 14
1 26 883 11
1 79 559 15
1 31 74 10
2 458 12057
1 13 204 16
1 84 485 13
1 84 326 6
3 13 49
3 28 527
3 82 941
3 29 990
3 56 151
3 36 395
1 18 104 17
2 361 12643
1 31 37 16
2 453 16671
3 85 961
3 72 143
2 261 11976
1 99 116 12
3 41 251
2 760 11243
1 90 390 1
2 442 12737
1 70 989 10
1 75 559 5
3 29 709
2 121 19402
2 231 11229
2 839 14147
1 18 948 1
2 747 16504
1 109 271 10
3 52 565
2 669 18017
3 80 201
3 53 998
1 98 309 15
1 13 251 2
3 7 573
1 34 148 11
3 87 884
2 532 13367
1 43 299 11
1 80 413 20
2 575 13848
2 971 19160
1 10 889 3
3 38 312
2 732 16397
1 86 324 10
2 218 16408
3 23 735
2 461 12676
3 74 592
3 63 993
3 79 89
1 4 60 3
1 69 552 12
3 38 458
2 984 14286
3 7 83
3 9 532
3 40 842
1 108 539 12
2 26 18653
2 269 12087
2 999 17666
3 80 903
2 536 14494
1 85 312 4
1 48 751 19
3 61 306
3 2 307
3 86 364
3 44 62
3 19 761
3 15 152
2 87 12038
2 410 10634
3 85 370
1 93 847 14
2 508 18866
2 205 14541
1 47 725 19
1 60 456 7
2 247 14082
1 102 155 1
3 30 272
2 972 15680
3 9 904
3 74 311
1 98 515 9
2 161 11006
3 48 211
3 42 908
3 76 620
3 94 771
2 624 16161
1 15 721 6
2 689 19172
2 253 14101
1 25 828 12
2 994 16943
2 769 12786
3 45 460
1 43 430 20
3 31 185
2 378 19952
2 431 12177
2 97 10315
2 773 18269
1 60 304 2
3 88 365
1 27 189 10
1 97 103 7
1 108 998 14
3 43 764
2 521 16229
1 51 686 9
2 328 12952
2 574 13239
1 15 532 3
1 77 209 14
3 3 343
2 49 13828
2 983 16212
2 396 19373
3 85 485
1 37 531 13
3 49 853
3 62 878
3 9 280
1 72 732 10
2 399 16656
3 46 233
1 61 617 1
2 872 11870
3 84 353
1 80 584 20
2 460 11124
2 281 12492
2 846 15198
1 26 615 2
3 43 109
3 83 705
2 211 12772
2 67 12760
3 21 202
2 616 19266
2 219 14571
2 316 12937
3 7 64
2 38 16187
3 9 651
1 67 831 20
2 783 10340
3 54 762
2 135 11468
2 376 17594
3 47 925
3 5 371
2 287 18675
1 99 178 18
2 605 12307
3 89 421
1 81 477 17
1 71 164 14
2 926 15638
3 100 282
2 416 15397
3 14 469
1 19 387 15
3 14 494
1 37 91 18
3 22 796
3 85 891
1 32 684 14
1 68 571 18
3 11 938
3 35 596
1 43 526 17
1 37 48 11
2 666 18607
1 55 551 12
3 43 742
3 42 374
1 32 86 6
3 58 389
1 42 88 20
2 458 19165
1 66 870 17
3 37 167
2 46 11864
3 72 998
1 20 564 17
3 38 72
2 530 12365
1 41 74 11
3 80 358
3 5 805
1 34 92 6
1 28 71 14
2 972 12420
2 163 11544
3 32 202
3 66 77
1 24 70 9
3 35 855
3 32 607
3 99 350
3 5 167
1 24 453 7
3 25 382
3 21 166
2 783 12622
3 30 426
3 29 669
1 94 622 2
2 745 11336
2 413 15141
2 997 10880
2 193 11852
1 98 488 11
3 83 703
1 19 732 5
2 804 16501
2 238 14005
1 56 472 18
3 26 967
2 566 19151
2 508 15330
3 17 948
3 9 609
1 96 967 19
3 85 939
3 70 505
2 87 11296
2 199 15226
2 147 11170
3 93 198
2 723 19071
3 70 940
3 47 66
1 29 282 7
2 656 13777
3 28 250
1 84 106 19
2 658 16913
2 320 15395
3 83 470
1 74 965 5
2 139 19444
1 69 553 9
3 26 907
3 95 988
1 15 302 6
3 62 222
3 46 163
1 61 933 14
3 38 40
1 102 137 20
1 98 286 12
3 84 917
2 999 19242
1 81 224 15
1 13 180 3
3 5 660
1 88 429 12
2 766 11640
1 63 75 1
3 98 969
2 346 19674
1 84 862 3
1 72 707 5
2 153 16722
2 256 13224
3 41 371
1 12 516 1
1 19 915 10
2 570 14069
1 51 253 17
2 332 16285
2 991 11183
3 57 267
1 10 828 17
1 77 222 14
1 34 975 5
1 105 710 7
1 100 103 5
1 67 594 7
1 62 227 20
3 23 648
3 94 857
3 24 643
1 106 116 11
2 82 13664
2 454 18140
1 73 691 14
1 42 395 6
3 12 77
1 90 943 9
2 346 17581
1 45 874 12
3 83 706
