1000
25381 21940 24287 20937 1487 12787 3077 1988 951 29758 25177 11924 8556 12475 16380 15515 25036 4736 2879 2097 23306 2643 13915 3213 9026 23219 11107 22329 12602 9501 13430 13137 9785 23688 13369 1596 27164 16690 17028 16063 19878 18846 348 9758 10008 7389 15906 19588 7425 526 13065 5284 4952 26913 1950 8865 28360 28896 6307 12843 8779 3631 2364 6124 15098 14482 11053 29218 24100 16369 12227 19597 28061 12184 6099 15243 18008 25218 15617 12930 19768 11479 23138 6526 15908 16051 29747 26139 29018 9257 26571 15270 2821 1672 14286 22143 18705 4828 26788 18113 25406 10680 297 15909 12659 15411 934 29988 3158 1281 29441 27484 7193 13796 14384 1845 2454 8338 1731 22724 17823 17560 18627 1008 23183 24751 2309 5587 1781 2158 13700 18787 18835 11792 18462 2593 161 1096 18110 27953 18999 4210 1370 18396 14155 13372 10077 27922 26584 22597 22391 20580 2624 5684 3955 12113 17426 9004 2378 20656 991 10830 2439 21326 9546 12416 1242 20439 7007 25965 1793 20986 5414 1485 20996 27848 20599 13031 9935 28253 3855 25428 11814 403 25060 20741 13251 227 16054 2184 2196 21981 5095 2134 21795 20938 20108 18577 28758 17280 1732 29212 3672 26054 17993 28363 23511 21225 7492 12526 22896 16990 1078 29512 2919 18856 29492 8468 20892 9341 1442 2586 1674 18468 25572 1518 28082 17953 24961 16841 26728 16916 8361 1421 19115 2479 1432 5107 24171 18183 22363 8536 1574 13405 25859 28071 24228 6877 26839 9832 10468 6870 6143 10746 4182 7755 12159 4124 8523 17817 15952 7091 937 1883 21941 1175 19939 1931 5068 29134 1064 27114 15459 27437 6107 9121 21518 27644 1556 4136 29046 29961 7557 19815 14580 24352 25295 8987 13919 7562 27861 1100 2338 2516 18305 8989 5777 7378 19942 2275 13949 14562 23415 12377 3589 26997 7542 883 3248 15308 6319 9042 16313 5376 14181 17528 28586 10565 29581 44 15404 831 28986 7952 10782 29622 7513 1009 22500 12470 9374 29887 19458 19898 22206 25373 4585 27449 18911 23323 6416 24225 21068 8739 2631 596 8814 7248 1865 18160 9976 2006 2192 27092 29537 1950 19821 29920 21143 16688 4695 27515 20466 4566 388 18651 19558 7934 4534 13185 29694 17889 18264 2562 10117 11874 3017 11533 11910 1337 3832 10922 17784 8528 26417 11968 23602 6253 25398 23770 6309 1810 17042 506 29129 4002 18474 415 424 21700 23317 1059 5819 29452 10669 10104 1681 15833 742 1028 20375 17273 23007 1482 1605 23700 10167 779 14485 19143 8098 12077 1257 10895 26940 29131 20493 15465 21789 22557 29819 18743 16301 26553 20734 9702 5689 21642 5737 6734 12871 16080 7560 12121 2551 4712 22871 10344 7627 27470 14706 11250 1449 9056 4301 24430 2813 28004 21669 1348 8580 8525 18358 5407 5415 7610 26031 13749 10020 25280 8931 24970 24724 18921 21569 13601 23032 2636 21382 18325 8469 8447 13233 23863 12546 9467 6583 11641 12415 28671 3449 16395 27272 15079 22259 9539 13610 11870 15286 3522 14998 22434 12440 1365 22644 23176 21418 21785 2425 1215 17002 20707 3388 9816 8250 5086 16965 21382 24849 28790 26215 29603 11377 6005 12625 16756 27801 14956 2095 8366 24059 11605 29366 27833 13040 19318 26767 9395 8107 9097 28883 6328 25195 12057 16873 1841 7157 6447 29387 650 3138 22574 15712 26201 1909 7932 15110 1404 14096 26978 20333 28593 1590 10166 13740 3980 340 19895 25486 20597 24620 18616 14125 26096 21490 8449 8899 6177 26571 19058 19132 14735 9394 26729 18960 10792 6253 2278 4303 2949 18623 6893 4350 2672 26336 9260 11681 24995 22314 1198 8217 1187 24853 239 18352 19181 7013 14689 6003 25248 26786 6382 5696 13339 6089 959 9503 5400 2065 7036 2725 3097 6160 3029 11191 21489 5967 24064 18621 14471 21467 4532 935 12503 4686 7286 20868 23097 8494 24322 2976 14566 10084 2540 25981 25016 14063 13703 27446 28977 681 12550 6464 29631 2618 19681 3394 9022 10141 9339 14631 7615 1440 11009 19569 1112 1983 2661 18384 23132 12723 19628 28403 27644 20727 14004 3230 26093 14220 7675 15613 1868 28189 14284 12856 25344 15669 17115 10055 17247 22192 23266 29960 20179 13168 12173 2142 19438 1057 8852 25020 17884 2094 4390 13587 16617 13893 19598 9161 6210 13064 1553 16155 26880 27126 12821 25572 11874 29658 9865 28525 29530 1906 848 13959 15692 18722 23839 29399 5138 17130 4538 6770 19267 6294 3898 21930 28853 19508 3266 1831 1088 9931 5522 6713 23749 6474 13867 2924 24175 10687 1203 24413 26169 16585 2204 1693 3761 27472 17793 5876 12795 25715 27984 12567 19736 1682 2174 19549 10345 11182 19607 22239 26990 29757 18501 1486 29140 19971 28244 18937 12207 18765 15907 29887 17156 11679 10877 1793 7306 11617 20089 22668 1153 469 27038 10454 25060 844 26443 6358 2315 4506 38 489 15189 24775 28148 4627 13876 2263 6361 1203 4777 8428 1952 12602 9409 7387 4460 24140 29792 1725 12752 10823 13117 25334 20204 18645 21550 28571 10969 16061 10150 24287 1096 4095 8571 5583 10853 5151 11245 17216 2050 25793 11237 25349 27121 6774 6778 357 1201 19414 22457 21196 2078 719 6822 29632 1106 7228 8830 25879 1520 17849 3391 6247 2738 3510 570 8383 49 14795 18696 23444 8726 22347 21483 9726 16863 14876 10038 29221 24468 24006 15392 20725 4794 23753 24564 17434 22951 29236 2604 27688 24295 14707 14048 26393 11743 8297 19626 29437 6832 16319 604 10477 24927 3451 5956 25665 16434 7636 16894 10755 4445 26180 19226 9379 10205 14048 10032 2027 29605 24037 20817 28982 12536 10643 5520 6109 10006 15422 25793 25075 14874 26274 5505 12594 21539 1863 13943 1796 27058 22341 21977 2023 7507 1610 25137 21819 18048 5050 2145 5917 24514 13942 13028 17577 8217 10688 3672 7067 17310 6493 14137 9991 18279 29468 29936 7755 7339 23911 9740 12353 5926 1768 16847 3769 6847 606 4844 20006 19561 1231 3983 28055 19015 5903 29342 6889 12051 20898 1294 1851 25792 13295 28570 24483 2654 
1000
2 520 15902
2 636 13722
2 40 19715
2 953 13544
3 15 200
3 84 342
3 64 158
1 75 546 6
1 39 880 4
2 374 17880
3 12 13
3 18 261
1 62 103 13
3 33 553
2 997 10542
3 27 635
2 540 19107
2 473 12855
2 618 17665
2 459 15391
1 79 203 13
2 476 18777
1 38 382 9
1 40 524 3
3 77 285
1 46 840 16
1 77 202 3
3 48 913
2 228 16559
1 64 223 15
1 11 740 14
2 339 11095
2 242 17325
2 425 15472
1 10 415 1
2 971 11516
1 53 539 9
1 86 482 16
2 283 15963
3 32 501
3 68 709
1 104 114 16
3 20 888
1 61 866 17
2 648 10771
1 54 339 10
1 99 228 16
1 71 587 15
3 59 265
1 52 839 13
3 40 403
1 74 769 18
2 652 18218
2 677 18634
1 29 599 13
2 243 12385
1 42 538 7
3 54 330
2 218 10374
2 103 12069
3 56 644
1 11 639 9
1 67 696 15
3 68 244
1 108 874 2
1 73 315 9
1 108 595 16
3 17 928
3 54 735
3 78 292
2 493 16229
3 52 140
1 54 741 1
3 55 400
2 3 11883
3 83 599
3 78 657
3 52 936
2 840 12766
3 100 379
1 35 80 1
2 782 10738
1 89 263 11
2 980 12292
1 26 461 18
1 33 111 13
1 34 666 8
2 981 18089
2 611 16168
2 792 10893
3 93 753
1 55 439 15
3 43 466
1 15 121 1
2 4 11642
3 70 572
3 5 103
2 238 15629
1 25 986 20
2 203 16397
3 76 78
1 12 858 9
3 38 824
1 32 375 13
2 234 18649
2 241 11812
3 100 288
3 19 835
1 89 307 2
3 48 834
3 94 275
2 164 14405
1 14 108 14
2 576 19012
1 52 663 8
1 59 307 19
1 41 862 8
3 43 880
2 118 11745
1 52 229 10
3 31 788
3 98 860
3 45 872
3 26 847
2 941 19488
3 28 153
2 640 16690
1 51 205 12
2 484 14273
1 77 188 12
2 913 19462
3 13 90
2 812 19065
3 76 858
2 936 16213
1 50 513 2
3 89 828
3 4 398
3 97 838
2 290 12721
3 92 545
1 35 624 18
2 978 10865
3 90 743
1 12 356 2
1 12 144 14
3 55 387
2 103 18519
2 944 19977
1 86 304 7
2 981 14176
2 438 19429
1 54 340 19
2 798 10751
1 84 348 12
3 4 474
3 40 833
1 92 98 20
3 41 340
3 74 720
1 38 377 5
3 98 179
3 86 923
2 822 15807
2 834 10949
2 296 16692
2 115 10381
3 29 646
2 642 10882
1 49 674 11
1 27 492 11
2 253 17370
2 789 14988
3 82 114
1 47 76 11
1 73 91 4
3 12 267
3 11 147
2 94 13392
3 21 106
1 53 741 2
1 63 454 19
2 613 10821
1 105 789 7
2 564 15431
1 109 281 16
2 848 11731
3 99 897
1 92 884 8
1 103 354 15
1 60 449 20
1 108 689 6
1 17 62 16
2 291 19180
3 7 49
1 85 120 16
2 860 15362
1 51 338 4
3 90 990
3 67 204
1 109 676 4
3 80 574
1 53 453 16
1 17 787 5
3 74 987
1 12 17 8
2 515 11877
3 22 938
2 42 11476
1 24 361 8
1 64 580 12
1 90 684 3
3 46 445
1 95 456 13
1 35 61 5
2 557 13617
3 57 965
1 67 710 18
2 361 11896
2 473 11810
1 101 855 4
1 49 93 17
2 700 13767
3 54 178
2 269 15568
3 68 978
3 63 737
2 122 16685
2 756 11031
3 71 123
2 648 15253
2 425 12780
3 50 97
2 736 14375
3 61 390
1 21 173 3
3 18 97
1 56 968 14
3 86 876
2 914 10309
3 37 799
1 46 153 3
2 440 19334
2 507 14454
3 25 285
3 55 79
1 55 250 2
3 77 834
2 475 18613
1 61 589 7
2 896 13468
1 10 525 3
3 2 745
3 8 127
3 73 414
2 392 16450
2 26 10089
3 60 983
1 23 621 16
2 176 13054
3 74 76
3 47 700
1 81 870 6
1 18 366 8
1 84 521 5
1 18 578 20
3 50 956
2 68 14418
3 22 794
2 827 13405
1 89 702 14
1 15 358 6
3 58 486
1 57 461 10
1 55 745 8
3 59 90
2 678 14700
1 28 816 13
3 98 830
1 91 819 2
1 12 663 9
3 10 900
1 73 148 8
1 29 974 15
1 104 613 11
1 26 197 14
3 31 627
2 232 12326
2 32 16359
3 2 260
1 32 570 19
2 723 16066
2 638 16634
1 101 306 6
3 9 616
1 31 887 14
3 73 158
1 11 158 12
2 748 11279
2 980 10117
3 55 795
3 42 345
2 703 19309
3 100 606
3 59 486
1 83 900 13
3 52 200
3 1 332
1 24 140 4
1 25 996 13
3 63 809
1 32 255 4
1 58 200 20
1 103 143 9
2 964 11271
2 743 10863
1 4 102 18
3 14 15
2 407 16656
3 59 91
1 43 64 11
3 15 440
1 84 611 9
3 60 941
2 23 14693
3 66 673
3 90 128
3 45 617
1 19 116 17
2 23 15164
2 881 15316
1 30 91 15
3 42 204
1 75 900 14
1 88 672 18
1 81 205 6
1 96 609 4
1 84 959 17
2 204 14850
3 47 975
2 201 15852
2 749 13603
1 51 108 13
1 73 757 9
2 975 17392
3 92 814
2 303 18147
3 4 816
2 930 12496
3 35 423
1 70 84 2
1 36 292 6
1 70 992 5
1 47 741 14
3 38 72
3 13 530
3 40 981
1 57 719 16
3 87 204
2 587 19239
3 5 651
2 853 12085
1 32 902 14
1 28 510 15
1 20 726 4
3 42 862
1 10 44 17
3 30 661
1 42 527 17
2 215 11031
3 30 55
1 12 902 4
1 39 71 9
1 100 423 11
1 88 688 1
2 132 10802
2 680 11654
1 51 886 3
1 17 893 10
1 77 799 2
3 12 240
1 102 843 6
2 298 12410
3 24 872
1 73 665 16
1 37 751 20
1 82 444 5
3 46 291
2 488 16859
3 31 940
1 48 100 8
2 323 14593
2 165 11559
3 88 217
3 53 886
3 4 856
1 108 287 3
2 919 19974
2 984 16714
1 53 104 19
2 644 19269
1 31 220 13
2 839 17960
1 37 926 6
2 432 19221
3 83 252
1 100 369 5
3 30 252
1 18 195 10
2 25 11083
2 388 17733
1 42 110 17
3 45 176
1 34 71 3
2 6 18309
3 87 337
1 20 989 6
3 25 448
2 315 15338
2 889 17341
2 441 13981
1 53 546 10
3 85 571
3 89 448
3 97 483
1 53 456 1
3 56 59
3 36 404
2 446 15762
1 40 281 2
3 57 654
2 614 14267
1 4 41 19
1 25 486 8
2 88 14630
3 49 188
3 48 907
1 21 457 9
3 90 854
2 432 16640
1 51 415 1
3 29 760
2 539 14032
3 60 464
1 51 892 1
3 67 575
3 57 70
3 92 588
1 46 237 11
1 47 354 17
3 79 749
1 106 902 11
1 68 563 1
2 148 15930
2 577 19013
3 74 226
1 64 979 4
2 266 10629
1 62 374 15
2 943 15303
3 21 587
3 55 179
2 299 11742
1 14 820 17
1 27 587 20
1 78 535 1
1 30 424 15
2 177 19610
3 58 454
1 55 205 19
1 32 265 6
1 35 631 6
3 98 494
1 21 848 15
2 359 16771
2 148 11862
3 30 324
1 104 669 13
3 2 532
2 824 18937
2 42 17818
2 533 13960
1 22 959 18
1 12 243 5
2 810 16218
1 96 784 6
2 687 10980
1 66 722 14
3 2 19
3 74 339
3 21 537
1 97 105 18
3 79 272
3 77 560
1 30 673 16
1 17 940 11
2 262 15467
2 548 12872
2 907 17823
2 67 15710
1 91 719 9
2 976 19078
2 785 17273
2 928 15753
3 67 578
3 7 113
2 516 18195
2 36 12452
1 69 84 11
1 52 79 8
1 13 353 19
1 54 57 8
1 99 116 4
3 8 733
1 40 829 20
3 9 180
3 28 548
2 613 15269
2 926 11286
3 38 193
1 90 176 18
1 83 434 10
1 106 895 11
2 799 16065
1 102 569 20
1 67 539 13
3 19 732
1 26 475 18
2 530 10973
3 40 77
1 96 716 11
2 907 11643
3 2 578
3 76 605
3 90 994
2 552 18964
3 32 166
3 99 579
2 584 15272
2 734 11177
2 472 16158
2 554 18208
3 53 275
1 91 115 6
2 494 13421
2 717 11707
1 54 869 4
1 79 89 20
2 624 10570
3 80 572
2 681 11193
3 18 545
3 21 920
3 82 924
2 73 15724
2 765 18646
3 3 17
1 92 668 20
3 52 106
3 67 406
3 29 663
3 91 650
3 25 65
1 77 126 17
2 802 16282
3 48 313
1 51 145 16
2 148 12339
1 13 168 9
3 53 810
1 92 950 2
1 43 467 15
1 55 301 13
2 513 18718
2 462 18489
3 48 386
1 19 159 17
1 71 601 3
2 372 12520
2 26 14113
2 900 12370
1 57 536 5
3 73 254
1 106 331 7
1 62 724 16
1 20 28 7
3 97 901
2 57 16220
2 257 11607
3 55 936
3 11 631
2 676 11348
3 30 756
3 6 379
3 47 824
3 64 124
1 51 618 18
3 29 45
2 593 18064
3 96 245
2 79 17282
1 29 165 8
2 968 16407
2 773 18897
1 45 903 20
2 941 13651
1 29 329 15
3 63 730
1 62 248 10
2 970 11790
1 73 338 18
1 68 328 2
1 34 200 4
3 50 122
2 748 17455
3 46 749
2 3 10858
3 74 164
2 532 19773
1 83 409 2
2 213 18094
3 75 990
3 36 873
3 74 659
1 43 566 10
1 15 67 3
3 89 838
2 6 10394
2 101 19407
1 85 638 16
3 38 576
2 28 19392
2 986 11091
1 34 206 2
1 11 585 2
3 60 682
1 49 856 15
1 43 973 13
3 98 480
1 40 47 7
1 32 339 9
3 76 274
1 101 431 14
1 87 928 15
3 74 338
1 46 951 6
1 87 722 16
3 1 415
2 702 11477
2 217 17915
2 60 19363
3 45 434
3 98 234
3 66 437
1 18 581 11
3 82 511
3 36 216
1 106 804 10
1 83 152 16
1 40 875 9
2 672 12523
2 798 17138
2 2 19895
1 15 137 10
2 949 12003
1 56 75 17
3 29 254
1 17 964 17
3 65 913
1 11 850 18
3 70 746
2 515 12368
1 79 656 16
1 22 376 9
1 62 385 10
3 90 882
2 359 12954
2 443 16203
2 65 13240
2 136 15271
2 670 16894
2 230 17896
1 42 164 2
3 38 909
3 20 916
3 55 76
2 642 16706
1 12 39 12
2 167 10875
1 99 270 7
1 47 537 16
1 19 605 7
3 44 857
3 37 158
2 297 10848
2 420 18948
3 5 74
3 62 273
3 54 461
3 65 738
1 74 650 19
1 37 233 12
3 8 201
3 57 968
2 642 14310
3 79 521
2 510 11771
2 187 18392
1 104 501 11
3 64 699
1 18 838 3
3 5 707
1 63 521 8
1 46 939 4
3 100 256
2 427 19863
3 82 785
3 31 663
1 40 980 3
3 9 590
1 80 433 11
2 26 12150
1 13 84 14
1 79 370 3
1 58 78 15
2 223 12339
1 34 75 14
2 959 14568
1 19 737 13
2 480 17712
3 36 778
1 49 508 19
1 104 500 8
2 429 11109
2 227 15945
1 54 850 12
3 34 448
2 814 16767
2 732 11276
2 514 16966
3 80 606
2 995 15118
1 94 813 4
1 62 991 18
1 36 157 3
3 73 433
2 453 12278
3 10 635
2 943 12294
3 33 54
1 31 920 9
2 865 14982
1 47 487 15
3 45 938
2 91 17659
3 69 123
1 38 994 6
1 79 662 18
1 87 796 20
1 85 485 5
3 54 857
3 28 636
2 951 16726
2 695 10445
1 39 684 16
1 61 78 8
3 26 544
3 3 246
2 697 15533
3 40 400
3 44 431
2 846 11866
2 334 11649
3 83 815
1 104 826 12
2 259 13211
3 92 882
3 50 714
2 696 14815
1 108 675 7
2 799 12632
1 102 940 10
2 878 14342
3 45 85
2 272 16201
2 82 15810
3 24 219
1 36 898 18
2 752 13584
1 94 115 5
2 583 18951
2 79 17799
2 204 16787
3 14 628
3 16 95
3 11 70
3 57 127
1 40 95 11
2 275 15657
3 10 655
1 95 913 12
2 745 13502
1 17 664 13
2 682 13014
3 27 929
1 34 605 7
3 23 197
1 88 300 7
3 87 542
1 16 326 11
2 558 18700
2 547 12524
1 41 696 10
3 26 650
3 36 660
2 577 15096
1 34 929 11
2 301 12115
3 25 199
1 56 161 16
1 85 724 18
3 49 946
2 209 13678
1 61 256 16
1 104 515 20
1 46 711 6
3 69 925
3 23 27
2 557 15607
3 5 981
1 79 280 3
2 934 18445
1 69 961 3
3 83 691
3 9 249
3 31 356
2 382 12232
3 88 862
1 69 574 7
3 48 618
3 34 739
3 99 838
3 40 44
2 221 10797
1 31 204 20
3 77 534
1 79 407 1
1 97 115 5
2 346 14038
3 90 357
2 332 13974
3 41 116
1 35 784 5
2 835 15102
1 21 712 16
1 47 77 12
3 84 700
1 32 123 17
1 54 143 15
2 751 10135
3 78 595
1 18 100 15
3 11 195
1 34 996 9
1 10 77 11
1 91 252 20
2 522 11411
3 95 130
1 66 114 12
3 81 483
3 75 955
2 517 19882
1 100 539 5
1 79 698 11
1 92 464 10
3 51 840
2 987 12234
3 79 489
2 158 11463
2 960 12533
3 35 146
2 126 16990
3 86 550
1 54 482 18
2 777 15471
3 16 709
1 1 70 2
3 40 810
3 26 858
1 69 569 7
2 207 15155
3 45 543
2 169 10871
3 40 634
2 278 17291
2 877 14407
1 36 550 15
3 2 938
1 109 683 11
3 99 403
1 99 944 5
2 752 16886
3 91 341
1 106 310 8
1 30 541 12
2 93 17304
1 11 128 18
1 97 517 17
1 69 398 3
3 44 132
1 84 237 16
1 83 878 9
2 83 18055
1 59 286 19
3 68 472
3 76 729
3 86 117
3 27 240
3 86 120
3 19 181
1 65 969 18
1 75 983 8
1 31 98 17
2 238 10091
2 956 10673
3 97 885
2 707 14131
3 76 293
2 627 10323
1 22 625 8
3 30 81
1 51 918 8
2 778 14372
1 78 570 7
2 232 11288
3 27 937
1 95 699 14
2 715 18774
1 29 135 8
1 82 727 4
2 888 19112
3 16 740
3 52 388
1 109 131 19
1 101 106 17
3 34 941
1 55 496 9
2 370 16416
3 76 692
2 990 10598
1 65 583 6
2 850 12070
3 56 221
2 463 10176
2 361 11462
1 101 816 20
1 31 87 4
2 883 17618
2 28 15049
1 44 937 1
2 507 18131
1 80 387 5
1 80 228 17
3 5 176
3 53 855
3 35 54
2 396 11309
3 25 808
1 97 420 18
3 60 703
2 18 15373
1 103 606 13
3 62 117
3 57 458
1 86 954 14
3 59 541
2 527 18089
1 43 978 8
3 27 804
2 999 19369
3 75 124
1 71 356 20
2 798 14924
1 28 388 3
1 25 839 15
3 29 817
3 30 885
1 38 463 1
3 19 772
3 39 156
3 41 207
1 81 929 8
2 317 19469
3 76 142
2 348 13929
2 14 18793
3 30 444
1 60 282 18
1 87 361 17
1 53 238 12
