933 441
995391608 4058481
994710442 4278710
992847569 4452382
992745115 4917525
991261943 4929861
989981573 7257349
988795995 7759420
987115440 8375382
986432725 8844111
985663229 9920493
985623710 10144627
984756252 11506570
984556316 13067467
984392779 15261725
983449819 16848043
982517096 16937059
982492314 17189260
982153371 17198349
981323281 17569756
980635851 17834583
978957679 17855924
978769355 18252082
974366708 18684117
973871403 20012671
971147413 20140472
970445681 20530879
969409592 20802684
969405688 24106979
968086286 25040342
967461150 25157987
964548957 25456294
962060272 25669435
961929109 27446571
961569137 30306654
959733823 30497738
959661465 31106921
958130110 31927890
957627726 32377876
956326887 32523753
955530243 33435078
952758301 34025391
951656444 34209224
951176055 35176053
951040766 35226906
950895696 36874074
950655318 36909861
949181568 38244991
948379521 39394253
948180237 41996705
947951489 44635474
947008728 45043669
946672916 45072173
946570262 45228908
945097901 45777302
945052160 46342641
943405189 46537519
942817817 49052529
940983098 51448304
940118816 51717499
939915024 52256158
938741453 53961866
937570178 54233451
936400252 55052757
935012030 55166663
934908409 55332380
934379905 56059467
934147631 56102786
932442842 56805761
932183113 56859116
931606175 57189736
931051981 57228520
930102473 57515752
928952631 58315126
926389486 58427580
924699283 59098173
922891982 59379903
922334250 59396787
922212648 59480094
919976820 59506914
918799736 59624090
917222758 61820171
917188594 62041996
916129810 62211845
914300829 64024236
913615121 64509504
912951895 65231772
910637304 65256058
907503333 66241805
907228957 66853125
905007187 67503484
901614400 68249343
901203307 69672693
900937212 70023926
900419921 70049257
899539951 70916765
897101232 72622451
896965831 73365229
895995361 76333157
895802216 76420579
890491406 76456070
888477212 77948236
888165357 78133522
886870719 78256018
886679212 78459812
885500549 80259796
884072311 80272333
883712570 80601445
882128349 80639556
880449206 81931861
880286189 83653067
879380927 83703847
879181885 83885943
878805488 85141290
878129755 85688636
874904437 86323850
873631146 86476653
873564922 86524034
873033406 86978644
872061275 87065387
871951099 87488712
871810276 87920669
870999903 88173794
865836200 89216650
864904814 89871067
862610403 90167386
862188272 93749714
860141442 94744556
858369484 94926773
857475752 96100681
856315619 96361007
854936135 96742394
852891538 98649743
852570530 99379625
850948053 99436006
849918495 100713440
849542056 100802020
848630545 100906358
847896924 102103209
845514398 102190449
844789684 102599858
844676532 103146962
844496448 103600095
844041968 104969164
842173878 105043294
840603611 105810425
839430990 107837256
837845674 107863707
837042395 108227553
835354565 108324865
832116332 108758387
832059007 110348455
831650937 111347393
830187890 111636630
829545545 113402440
826129507 114157650
825522089 115659702
824410604 117477167
824392921 117646114
823260706 118095189
821185893 118808777
820673681 118891078
816475296 119525730
816298306 119772865
816007490 120179056
814807362 120831155
814375818 121076778
814217050 122918780
813668905 125482103
813218725 126023836
812707471 126709836
808905917 126733458
808796804 127575833
808096724 128288635
805915331 128718059
805885515 130703695
805026258 130867463
804915973 131040273
804682166 132053758
803960109 133016930
803314531 133145677
803116244 133260427
800841656 133361664
799858412 134445919
797754223 135375529
796626717 136726825
796573628 137138674
795959570 137457363
795662020 140662984
793422029 141791435
790816669 142061761
790814355 142650711
790797003 142873629
789568363 143236933
789376788 146898454
788735629 149180872
787693397 151946966
783256990 152779961
782174233 154318549
781512098 157537598
780088991 157626052
778192959 158722641
777706954 159274080
776745097 159500115
775538482 160401163
775027911 160674633
773788681 161267949
772661145 161330678
772237607 161664319
772197943 163488143
771418861 164259465
770871291 164917561
770089458 164968884
769011110 165459861
769002484 169399238
768560198 175502295
768150024 178728997
762670773 179959320
757745636 180252574
756626455 181267729
755708518 181333499
755503105 182097515
755113788 183792085
753947891 186153371
753829696 187554422
753132367 187832073
752770338 189780600
752393696 191615849
751688674 196144878
751379174 196555107
749504845 196577048
748956873 196956132
747536585 197753227
747150813 198398591
744682326 198991035
743847748 200782753
743087531 200865712
742210366 203477556
741541859 206133051
740754104 207551508
740746137 211112588
740608960 213701334
740076861 213714416
737690134 214487275
736260117 217335382
735549452 217559925
735547217 218219417
734611262 219699117
734538704 221016957
732809216 221865869
732086227 222042244
730172292 222907589
729991488 224167047
727272899 224768601
725896604 225102151
725712608 226377620
725340868 226621620
725089677 227155621
724641081 227168643
724595815 229755206
723205696 232222866
719771385 232510371
718881549 233101836
718016145 233840432
716962051 233940645
715897995 234194442
715302459 236032560
715112506 236821625
714521295 238432607
714288276 239148957
710996092 239208667
707922223 240139938
706910544 241730153
706493656 241926887
705396337 242191873
704111222 242599101
703292527 243180703
703091678 244591064
702880028 245102318
702738265 246065100
702352722 246967229
701029418 250146624
700788115 251002064
700373585 251908111
696407877 254150141
696288853 254442784
695700202 254701248
693336718 255342339
691326205 255541119
688275385 255862269
687356116 259706063
687074040 261281026
686001067 264685705
684006313 265021485
683095935 267048252
681464189 268217199
681117764 268544593
679724137 268943189
677326815 269084119
677314845 269121926
677164339 269471012
676870647 269737924
675838495 269800247
675484500 272174821
675453996 275300354
675253196 275860904
670593194 277119204
667871801 277140217
667523587 277771974
666711940 279957949
665111568 280599715
662569339 282632591
660086782 282705653
659477600 283672265
659405618 285349188
658752350 286429500
658400949 290262070
650733809 290930045
649898749 292140168
649593942 292818523
649166249 292926962
649161374 294587594
647025757 295473241
645688678 298384076
645095639 298592088
644545927 300102504
644424199 302306945
642997100 304456098
642640895 304835447
639535837 305524873
638314051 307439869
637921664 307629874
637743332 307733335
637691113 308356550
637329843 309270215
636626961 312827164
633173286 313362177
633148647 313628770
632105876 315166885
631593964 316824907
630904559 318953229
629468792 319618728
628033724 319759884
626114780 320262694
626032423 321982677
626016518 322402629
625862226 324269648
623847940 325221173
620927078 325346230
620828460 326678617
617535270 329808264
616349378 330428868
613661480 330459562
613591622 331009327
612421541 331275233
612123074 332149368
611956059 333000362
611795993 334054791
610546092 334572696
608633114 337013737
606872485 337440913
606119074 338575292
604911207 339871875
602091626 340413086
602047808 340839865
598155978 340943750
597566343 341146406
597309904 345550946
596755500 349314822
593917630 349397697
593445832 349570515
592902391 349915874
592614454 350044400
592600197 350365792
590448238 356138723
590075727 358253373
586850615 359049864
584572080 360526687
584489243 360740108
583265057 362251814
582683887 363728774
582338473 365410743
581617494 366395226
581573729 368866030
578143367 369869107
577607298 369878799
576793763 370312045
574680296 370796391
571936182 371067460
570613264 371146715
569610975 371868854
568395162 374548118
566680133 376362878
565666328 378729495
563526756 379525513
563475956 381589286
562967526 383248024
561399413 384315188
560157154 385746524
559745062 390556602
559222646 390615771
558701136 390701728
557629973 392413390
554097981 396501842
553245287 396852720
552132769 400010992
551683378 401492427
549680843 401533514
548195514 401699577
546441199 402796271
544641656 405105419
544369209 405314875
543771208 407340325
542644414 407387203
541072636 408513367
537285710 410553564
533048043 411383915
530138711 412879892
527648460 415295477
527327225 416033820
527015617 416621883
525005696 419190522
523559538 419544593
522094422 420663043
519729291 424152992
519048644 424251133
518985153 426371382
517792116 428608526
517587124 428962495
515813311 429318378
514224244 429440024
512380774 430065032
510352847 435816136
506519856 436940310
504800069 438128762
504509496 438906078
504071808 441108882
501756446 441993414
501133261 443809195
500388010 444589550
499886890 445644228
499660505 447428065
497108228 448627167
496919246 448849744
496000662 449994100
494620410 452237695
494366103 452324363
491715866 452697679
491111753 453133396
490424874 457724257
486548544 458659027
484954583 459310722
484571380 459648204
480370739 462148923
480254870 463157507
478776780 463917933
477374578 465523831
475388542 465658069
475076166 465752224
473173123 465953223
471445232 468383719
469599047 469643233
467662848 472067887
465617366 472534953
465015198 474243320
463096832 474845712
462732769 476482420
461804832 478177750
460599256 479036934
460496089 479097654
459768634 480863395
459158617 482271600
458425641 482742149
458173681 483142890
455655561 483817234
453845454 483821704
452804135 483917870
451897761 484902717
450781217 486935278
449019013 487593563
447626781 488486878
446578313 488840293
445461077 489465860
444295408 490331340
442460354 490396807
439887139 490803057
439251198 492372737
437646374 493641988
434896119 496678222
434219291 497480438
433908244 498796130
432521769 499872480
432327446 499920126
430317646 502272827
429836725 503158381
428775031 506090420
428490119 506667641
428358198 507005932
427063949 510254507
426750075 511786654
424574900 513708182
424112250 515363911
422302640 518486474
421043215 520308059
419319038 520899168
418174721 521607961
417095606 521675078
416967541 523248407
416132480 524876630
415550747 525391071
415047747 526172507
414132714 526625282
411861021 527614271
410960227 528852404
408736120 529079278
407692648 531603953
405018715 533266105
404998372 535414672
403059074 535688890
402154518 537407987
402029335 537483327
400120205 540381559
399875607 543084983
398953577 543555371
397502147 544977144
396857355 546262605
396204103 549219543
396120425 549295275
395135912 549354334
395001265 550746619
393453872 552530329
392986117 554939593
392392053 555048652
391189451 555449733
390263562 557358808
389866181 557539331
387550457 559017431
387093301 559037621
386646320 561677538
385554854 563143176
384901879 563564223
383701346 566367037
381451463 567232103
378748213 568116408
378072534 569032095
377208705 569070310
375745240 570603894
375376606 574692643
374905434 575858546
374502498 577212634
372207068 577897458
371892894 579089786
371578128 580962564
371054960 582446257
368681526 583136225
367752418 584739034
362790995 584782859
361733103 585120483
359964892 585878246
359592101 587703596
359271987 587764251
359065069 589182015
356392485 589283700
355501792 589778657
354225409 590600203
353518295 590864444
353031498 590944301
352377884 592404071
351301502 592790048
351207896 594261563
350230631 595794500
348973135 596083743
346397917 597113078
346394484 597149106
346035897 597228483
343234815 597611032
342493577 599315938
340742542 599866732
340631791 601197286
340553702 601520216
338391079 601808213
337496918 602800933
334544218 603255268
332506770 603812832
332222702 603951496
327738629 604274545
326630872 607742179
326208114 607758493
326140982 607971483
325539046 610320635
324401388 610412025
323476546 610473347
316864526 611873112
316783311 611968474
314140861 616356453
313102128 617327782
312241129 617553314
309293096 618118829
309231830 619188362
306928209 621379212
305909005 621808980
305241811 623467233
304989094 624636636
303688664 624797680
303148216 624841056
302829644 625926196
302535197 626810378
302347013 626879968
301886802 628347593
301450180 628724492
300497742 629372076
299250929 629455641
297357126 629627427
293348622 630176243
292330863 634607211
290538479 635099958
289810870 635176081
289218460 636142993
288866292 636842648
287274015 638396971
287143924 638707491
280626531 640038173
280462440 640658984
279972336 641888343
278955132 642148465
277256433 642523457
276292724 643780006
276289952 645162987
276164590 645205698
273543612 646032584
270616736 646539275
267751671 648382909
266383393 650109150
266290421 650154367
264699184 651942964
264296285 652358731
263970484 653669235
262867767 654136593
262242016 654636780
262077623 656084722
260122274 658087722
260043828 658310545
259936010 658573338
259840792 659879704
259701778 661203104
259679374 661212736
258011272 661753319
256747979 662312691
252458914 664246825
250813819 664671769
250130533 668570865
248158601 670975360
246900847 671167792
245947201 671881983
244942906 674821279
244894017 674863727
244522955 675475278
243820651 676544210
243037995 676557698
242503389 676960598
242075405 678307170
239452849 678818319
236967447 681937155
236603470 682659343
235916777 684325690
233787338 685024105
233617107 692734956
232179902 693291261
230239350 695119650
229856797 695499007
224953514 695833426
223145576 700284016
222651610 701150824
219540964 701597706
219218029 701787616
218986800 705037535
218307270 706065223
216356485 706374448
215047927 707263671
214412133 709298403
212451663 710616956
212177596 711842334
211977720 711987539
211593354 712185870
210376980 712350074
209472267 712514037
207799668 713748947
207560931 716440573
207538233 717285498
206325492 717550807
204008982 717948237
203709114 720966744
201237454 721332687
199679389 721795134
198312578 723916531
198121227 724516239
198092356 725419580
197715311 726596124
197527670 727273786
197305751 727823472
196557583 728599552
194816640 730385402
193250852 731555881
191781554 733543214
190082347 734485566
189081852 736211972
188645159 737293492
188352703 738466050
187976448 742245967
187701345 743299506
187151307 745466430
186708750 746057694
186323518 747716537
186193961 748031465
184422336 749962499
180701320 750049090
180091745 750575719
179616493 751902751
175839350 753172865
175376072 754142328
174058681 754274852
172153499 755548241
171804604 758858346
171413677 760329757
167496425 760373109
167433874 761662994
166314290 763493522
165828825 763747471
165738541 765691948
163553308 766178288
162405237 768090610
161171363 769941856
159734939 770294490
156715635 771713214
155495472 771779445
155371865 771906601
155161614 772342448
154713582 772735803
153282865 773018160
151848428 774670395
150816291 779098563
150249131 779336381
146401832 782783420
145303581 783061472
144399257 783905669
143756712 785396225
143409907 786919098
143253757 787486288
143183976 787530021
142903062 787584188
142862339 788346453
142811955 788839766
142474254 788988499
141737045 789046663
141563331 789393141
139915861 790212966
139800924 794880692
138877833 795793442
138397632 797790250
136914888 798504743
135878497 798834676
135553946 801054558
135074317 801906855
133880999 802689019
133301633 803217653
133245455 804350654
132481494 804822608
130383916 805033342
129977324 805717289
129488012 806711703
128972541 807580710
128878446 810236933
127415057 810273189
127246810 810615236
126484697 812527803
126204929 813736229
125350609 814864557
124728664 817742984
124236248 819215724
124093198 819407109
123405486 820382050
122269117 820569461
122185504 820694346
121317957 822119142
118851534 823544188
115658938 823744055
113757574 824061892
112703862 824228787
111853836 825695907
111674022 826041586
111008223 828319472
110760089 828612194
110658286 829349645
110644117 830141208
110563975 830929548
110226045 831612818
109998418 831619572
108350724 832062572
106018988 833902696
104829044 835867459
103501048 837137821
102875159 837601053
102151562 837935109
102128039 840435184
101987218 840446640
100538800 841171135
100229811 841930481
98267084 843484118
98235579 844019651
97633338 844793878
97443392 845342680
93945703 848291821
93041271 848334250
91843562 848536488
91670270 849121392
91419572 849421608
91275419 850647288
87816707 850758547
86198443 850821405
86095973 852181945
85305287 853378978
85014519 853840291
84702985 856669761
84049319 856872874
83454970 859496838
83187208 861646194
81734401 861828513
80051209 861868429
79970631 863004646
79047862 864610618
78962807 864976935
77600302 865809498
77548327 866581143
77132229 867535389
76501796 869093585
75939141 869409847
75849938 870882193
74975059 871455320
73439131 871762896
73275113 871825408
72651898 874539691
72452307 874637797
71711007 880240618
71500627 880628855
68212728 880661997
67751173 880869709
67221298 883081189
66819624 883477914
66750031 883817497
66646504 884570468
64418396 888003425
64228643 888783451
64087582 890192265
62438584 892119354
60615218 893793348
59640625 894634720
58156504 895632786
58156295 897481080
57678964 899534841
56877470 900653846
56814070 900662284
55411165 902174188
55159598 902676473
53233147 903587499
52487562 904699550
51953955 905049368
50973340 905293685
50803055 906036245
49960554 906940252
49850552 907999936
49053886 909507867
48156565 910449703
48104325 911858218
48048558 912906905
46957614 913585553
45354076 914332794
44509593 915443823
43847974 917443373
41561624 917594556
40682537 918414893
39549537 918997185
38132046 919998742
38066074 921165391
37910453 925225201
37807714 925918376
37020644 935840107
36497736 936780248
35350510 936934221
34820023 941542121
34110404 944752666
34011640 944781864
33252495 946621523
30490649 947134153
30406338 948223874
30055260 952915836
29511749 953750163
28915832 955274881
28305841 957388578
28123489 957536093
27596064 958212921
27119307 962630965
24863112 962655305
24218975 963064035
22183054 964542525
21941601 966679754
20447343 967865696
19630152 969617729
18928263 972187502
18764603 972500739
18422612 974216660
18065070 974954005
17835686 976560874
16827381 978056450
15411156 979838461
14696855 983310360
14326327 985112807
14241591 987404337
13069133 988771501
8923733 989282817
7906351 990009383
7719766 990724893
7697012 990947521
6980179 991293557
6965550 992689830
6747444 993574536
6146757 994654829
2852985 995712115
2559797 995898784
1678696 997005655
1127355 998230550
977755671 139752426
42319559 110871738
943309544 466570691
325919664 192327737
