976 829
998419235 1529089
997865569 1564178
997778783 1658276
997412260 2907973
996152332 6791627
995606252 6934704
994829022 7434569
993901415 10260626
992932887 10262048
992366674 10547901
991895226 11432193
991042697 11866184
989078514 12011275
987993130 12501487
986083725 13098169
985946541 13104991
985775922 13166027
984773855 13830635
982493039 16334141
981984022 17808750
981573723 18964003
979513148 20029712
978083957 20882258
977025570 21343052
975260647 22563093
974016540 23777345
972298845 23987076
971182203 24111410
971051501 25262785
967938039 26840344
967903230 27383093
967623348 28802146
967433590 29515409
967272060 29919291
964797090 30170869
964682392 30624828
963167480 30745951
961394317 31279703
961007042 32142707
960218676 32536948
959441169 32786494
957723469 33376615
955882389 33812369
955649819 33873125
954310063 34361153
953868249 37482315
953224250 37565847
952366348 38289857
950079688 39419582
949701923 39465957
948500910 40346273
947698259 40597375
946919785 40978958
943878100 40979552
943615520 41257285
942061520 41330675
938912265 41819579
937088152 42481126
936724630 43009491
934985062 45866136
934280911 45977331
933889019 46862457
933142681 46876965
930971721 47094289
930209839 47282144
930155397 48353815
929488408 48734908
928991614 49650814
928573050 49882731
928347720 51457393
927432674 51494275
926600751 52075247
925955930 52151428
924554371 52282153
924420174 53477642
924386639 54238518
924370327 54608076
923999510 55028689
923368777 56087309
921287517 57567925
919749632 57721525
917582131 58023740
917417207 58640308
916348987 60291257
914872478 60707384
914852008 62607944
914074430 62956290
912747598 64999560
912024895 65563470
911463375 66174147
911446245 66178391
911148974 66401146
910600728 66411206
908925228 67369852
908768080 67418624
906012161 69924502
905581382 70636257
904755307 71263201
904495009 72489613
903863915 74785173
902870301 75194281
901804863 75535872
900576928 76685261
899514191 77063067
899264843 77102867
896948054 77301368
894945879 77511430
894782970 78925437
892593189 79156286
891341503 80368724
890959241 81318525
890806248 81474897
890393647 81604542
889462497 82968806
886962383 82982154
885733012 85645772
885096942 86017839
884735906 86800157
882270483 86956965
879510572 87806735
879364200 89870518
879123870 90774231
877814536 91259271
877228509 91509269
876900057 91590129
876148542 92180103
871977723 92204990
869068211 93331907
867379066 93757718
865601503 93972380
863746875 94605676
863539594 95596040
863314928 95801423
862870546 96038086
862757123 96200520
862642440 96339182
862403918 96651996
859425488 96785471
858910451 97948843
858527829 98107268
856752194 98231239
853188315 98996316
851644452 101334789
849857464 102071777
848921300 102237480
847789195 103428713
847265115 103454996
844993824 103955379
844497517 104276071
842467426 105407373
840653220 106379272
839628743 108163644
839465496 108815081
838992804 109057182
837308938 109180271
835001053 109890123
833925351 110912406
833106162 112796025
830189650 114687057
829209121 115228194
827164918 115588571
826332950 116558415
825219244 117026822
823963253 117665813
823033881 117766564
822735868 118396815
821678745 118679382
821466924 118766681
818665074 118905084
818107932 119020379
817677138 119118649
817272331 119793251
816451680 120326536
815206421 120934297
813949782 121946595
813883481 122099115
812416721 122334994
811925274 122505491
810559208 122922272
807541833 123415759
807401527 124512183
804950329 125703852
803735155 125924236
799295118 126040178
798021193 126714960
797110686 127868525
797034344 128074469
797010881 128816761
796782675 130680620
796763008 131084916
795808313 131176927
794407226 131717654
790371819 132215080
788191130 132440486
787964931 132823021
786941974 135029897
784814709 135482910
783771643 135608725
783562707 138554948
783405571 140346164
782403748 140402784
781138048 141080528
780625426 142565139
779884149 144544430
778137976 145504193
774255069 146864715
773847536 148174020
773298179 148200046
768854984 148642991
768400115 149233039
765660485 151526811
764465112 153013420
762742068 153355877
762660787 154405498
762225580 155620658
761573751 155847119
761525682 157392393
760883949 158759167
759999001 159784600
758851340 159880561
758807112 160279860
757159455 160362692
756606527 161522354
755155712 161881349
755042775 163174698
754616755 163324820
753843599 163875173
752858132 168387679
752432951 171930272
750157545 173027496
749442582 175394553
748956887 178829488
748189265 180892035
746808754 181045583
744236157 181548763
743304641 183775216
743285693 184791604
742969765 184815190
742428957 185385677
742257998 185508986
742095231 185561080
741265047 188045515
740292797 188248380
738403956 189347956
737812258 189861839
736875090 190537669
735886050 190706774
735366716 191517170
733779899 192965793
729706313 192976676
727773480 194133085
727393369 194683933
724997846 197355904
723686019 197986422
723491505 198142391
723450469 198697170
722130064 199676893
721437355 202851237
719656902 202869024
719574937 204252755
719196586 204731711
719075661 205454414
717061379 205533377
716952681 207296726
716033345 207654002
714694662 209915547
712459048 212216519
710716219 212641887
708726176 216031999
707766234 217260895
707003534 218741365
706790768 219504813
706634276 221898143
705688078 222605935
705661069 225572323
703225257 225742129
700804525 225865403
699678441 226153147
698557595 226308154
698310963 226782003
697153258 231961221
696605822 234495217
695373484 235134665
694433423 236060644
692559329 240112754
692287229 240279755
691932178 240669944
691487634 241334952
691401817 241879814
689999254 242851692
689910024 245202907
689803966 246217596
687762799 246269731
686484053 248408676
685703095 250165091
683812973 250458667
682801787 250858063
681465913 251385907
681371182 253577913
679983028 253883632
677681439 257075592
677195815 257531497
673801313 261270564
669342915 262551842
668082093 264585085
667566621 264658067
664628729 264834602
663363545 265580492
662908685 265853016
662184553 268363087
661425378 270366936
661109990 271402485
658793888 272162665
658318707 275787903
657463403 276242386
657044283 278424556
655345244 279100216
654471073 280506146
653352648 280544135
653086029 280879845
650979822 281667198
650651111 283205834
648741290 285077501
646985659 286071498
644529430 286392909
643710608 288256791
642553934 289460866
642529011 290258162
641365851 290992888
638702039 291812344
638475385 292432275
635745605 292714545
634739522 293597089
634675025 299706476
634400341 300131851
630432884 300610839
628171695 305099123
627989273 305670477
623176586 305986077
622963391 307237720
620662310 307556941
620413288 309613786
619195617 309734890
615701708 309860040
614225265 309881059
610099638 310705527
609949050 311195292
609176659 312890659
609015439 313005192
608645269 313630492
607322850 314710022
606705231 315072088
602999124 316731124
602767427 317191170
602540713 319861203
602224113 323018902
601838678 323762357
599199593 323966758
595850822 325116227
595481671 325730629
594471252 326750950
593433555 326828818
591982455 327460370
590722708 329046200
587511486 331682918
583565503 331933162
583264977 333069625
582715074 334574548
582535256 334828005
580108904 335252783
575611661 335930226
575107760 337873117
574480265 338702219
573868570 338791969
573096107 339290615
572536858 340711077
571020021 341027862
570298570 341451963
567781119 341728561
566723819 343011411
565797679 347289704
564729523 349691528
564258209 350694984
563156475 350702753
562637350 352165323
561623531 352777057
559860350 353520497
557650748 353995760
557123716 354909022
556533631 354954515
555438112 356698576
552354766 359099434
551057436 359626187
550266539 359765627
548482682 360666660
548122054 361046446
547526838 361081067
546715988 362480718
545880313 363800810
543497887 364305157
543381228 366778794
543091829 367441127
542672956 369605234
541652057 369691390
537716209 370378535
536714287 370796891
535747034 372328407
535553289 372667608
534734349 372853200
534208017 373003764
534051202 374867538
533687753 377222157
532523672 377829935
528442414 380211703
525489694 381810211
524545353 384375885
524163501 384598952
524040921 385743152
523223755 386380884
522861364 386538682
522206821 386885575
522114116 387151961
521977010 388120731
521163295 389006584
520615237 389511592
519059031 391346435
517453970 391898927
517005394 392025539
515630432 394934655
514524930 397194279
513627405 397810213
511349974 399041486
511073966 403306828
510639925 403530104
510572431 403696287
510300417 404056823
509373726 405843121
506947114 406598359
504771319 408112534
504388150 408910762
504267106 411362472
503632039 414749702
503514646 420220961
502629208 420390037
500908434 421622844
500776676 422015599
498577337 422798101
497673132 425976444
497128178 426537999
496948092 427400431
496611973 427970809
496011603 428705975
495735697 429494065
495731567 429972750
494281231 430217302
493802647 432609048
493317354 432653245
491537572 433599432
490402999 433936114
490380424 434053981
488386721 434796926
486548359 439895215
484956718 440196461
482471979 441066215
481457028 442593828
481160907 446617779
479794108 449107253
478934352 449211483
478734746 451972722
477822483 454806766
475930194 455596722
474774972 455774790
473771010 456728038
472574845 457859821
471601115 458983100
469357777 459008498
469110662 460808470
468295881 461054509
467919632 461222522
466866138 461589086
466252712 464697228
464285652 466609422
463282254 466956224
462873459 469954145
462518343 470603466
461639115 472260652
461599661 473035811
460985893 474589472
460819953 476319450
459916450 477877182
459484385 479644065
456037633 480277519
455299953 482921476
453740597 482930168
453366698 483304749
452957048 483563356
450699180 483898995
450524191 484782262
449748627 485256894
448617125 485337473
448448777 485637823
444675790 486962557
443485693 488292327
442717579 488777538
441744491 488977885
441451798 489149120
440876757 491761279
440455334 493002620
440368633 494123178
440273936 494552844
440190465 495827896
439099330 496281077
434990876 496750172
434925877 497833645
434611050 498100232
434505157 498235674
433612017 499350804
433396983 499756821
432773954 500417307
432657161 500578737
429900195 502032520
428628302 502592769
428435040 503114134
426779418 504407406
426207353 505048923
422741926 507795901
421682665 509196149
419696527 509765361
416638281 512182835
416213722 513093820
415868110 513160082
414276818 515924882
413628974 516504385
413309771 517012987
412166393 517597995
411461337 517786372
410931355 519318280
409359721 520839801
408990304 524519174
408362960 525453559
407113385 525461510
405810594 525479477
405710637 526488744
401668219 527741107
401431543 528813513
400276152 530709344
399179706 533283515
398940762 534414773
398838245 534601199
398581895 536668670
397249928 538388398
396598813 539942847
394316096 541330428
394029630 541367134
393068924 541980488
393027564 542007693
391660595 542248708
391124403 542815113
391066914 544543331
389327844 546113519
388734106 546735087
388607195 547374265
386798831 548016130
384262909 548393654
382749444 549284204
382613787 551051022
381140773 551092183
380814117 551200950
378484030 551985131
378290416 555445343
374701937 556509156
372398370 558053886
370779954 559103171
369754645 559521875
368787705 560973550
368281518 561130185
366614100 562671287
365898586 564571014
365474727 564933546
364306582 565637659
364208418 568541843
364054174 570252342
361221060 571237225
361198327 572756295
360983949 574722157
360820160 575724422
359468939 575931372
356849908 576075926
356775469 576148755
354943341 576897517
353284944 577202501
351775526 579551290
350887811 580207257
350700207 581394861
349846806 581887662
349035217 583211441
348910796 585161448
348438590 585576332
348389065 588311158
348250612 588565539
347335630 589877887
347185426 591469599
346448521 592260052
345824715 592587603
345821719 594637015
344257912 596157330
344243417 601541006
343365354 602253943
343048925 603337552
341743991 603826106
341702123 603874962
340391854 604246720
340011063 605854855
339917945 606507511
337292991 606518767
336467835 608527009
336216748 610058527
334610149 610520915
334333251 610540345
331863333 610586439
331282065 614838229
329080351 615044084
328583742 616679328
328223458 617786848
327216846 619012674
326993172 620464275
322374325 621351308
322281488 623594571
320386913 623631589
317623891 626562764
317261039 626992183
316159398 627043192
313763643 627287670
313168907 629781932
312994935 630337656
312969018 630352642
311284906 631119278
307683054 631261132
304240060 633308781
302011323 633587234
301237689 634194802
301107113 634399973
299351075 635384610
298892656 637359001
297642534 638443748
297214339 639329198
296946332 642511325
296068761 642649907
295586847 642915064
294038216 643025062
293664733 643564286
292993347 646450099
291218865 647580875
289656920 650544137
288770774 651095979
287148185 653959415
286401809 654061937
284673291 654351212
283166774 654508616
281168742 654712089
281094160 654871029
280881793 654974968
279283770 655885916
277473034 655934139
276635853 656690688
276005493 657432843
275958967 658101117
273959970 660433513
273666394 661490423
271066322 662948759
270206803 663926916
269393251 664233237
269225902 664287388
266742254 666053091
262702476 667113178
262344896 667144512
261847943 667188740
260819467 667294054
259243216 669305490
258553203 669925580
258129840 670079257
257206766 672994985
255485918 673478700
254908691 673916503
252017405 674070847
250153586 674201898
248437443 674348390
248411326 676897079
246138869 677824110
245984664 678051944
243994152 679210767
242993227 679476360
242652059 680576151
241371238 681905056
239558558 683336266
239276021 685421621
236122949 685722436
235605295 691294637
235442739 692472738
235258422 697230387
234732493 698961633
234339428 701469141
234186891 701766188
233657139 702741568
232215192 703723482
231471800 704294759
231198924 705470815
231061726 706556799
230080789 707043853
229829590 708072945
229413557 708200897
229098573 709089521
228364565 709774147
228061139 710779999
228041827 711865971
227282292 712451414
227114077 712797069
226851624 713624243
221699950 715341019
221584040 716985725
217922624 717564666
217742093 719326473
216529984 721146338
216498769 721803905
214712270 722106101
213473407 724305748
208304357 725123485
207937848 726046664
207628794 726417781
206197759 726419944
204499307 726958450
201904221 726971641
201796934 727471864
200653056 727475399
200584695 727749040
199641363 729269339
197957645 729446253
197528464 729855232
196155774 732766942
193535664 733959974
193518336 734020365
192437679 734847528
190386204 734926553
190197589 736734538
189686224 737202491
189149320 739456223
186570800 741029934
186246545 741683768
184810688 741691157
183372845 741989686
182731180 742872169
182210054 744314039
181606879 745304923
180831480 747606572
178549934 747862018
177312960 748982023
176875165 750233118
175654461 751747900
173645683 751932487
172727043 752277762
172382047 753884599
172074471 754092323
170089117 754632691
168321774 755919625
167615050 757812116
167442577 760447544
165234617 761132475
162250860 762602105
161529142 765110504
161129445 765260316
154388908 766231350
153591036 766829321
153278494 766887599
152959821 767326489
151122463 769061659
149690927 769578052
148836251 774321593
147965224 774969180
147780732 775441948
147266059 775596759
145525843 776791708
141371873 781718505
141058177 782387237
140834251 785464484
140449983 787649534
139893204 788322147
138808374 788658791
137567009 790178896
137177295 791914741
136696591 792141645
136166346 792496570
135954124 792964360
135565763 793938604
135293806 794225564
134176789 796032442
133396949 797832345
132801571 799516630
132529352 801226158
130679574 801480040
129354900 801665329
128941331 801922279
128619735 803015875
127201527 804263211
126773086 804815654
126119810 804948428
125937280 805320129
125915956 805752514
124988515 805851928
124318070 807445348
124199240 809859510
122861259 810026712
122258959 810178203
122213542 810843869
121778653 811050119
121048052 813776799
120950696 813802359
120652059 815803286
120454949 817539663
120397099 820018880
119723805 821092423
119715656 821196052
119675208 822841050
117749724 823226111
117531120 826316697
116927173 827353607
116767262 827936004
114550508 828290299
114131391 831649888
114010086 831868199
113830969 831962582
113745338 834330552
112621035 835740652
111836534 836114380
110996584 838139602
110201782 840015168
109574518 841539295
108015999 841638776
107976581 843930326
106462766 845704905
104579583 845768304
103166776 847178467
102579271 847849606
102273102 850210599
101126394 850431444
100882320 850669026
99734112 850972098
98358597 852253160
98283392 852533461
97843204 855253685
97582563 855531033
97420732 856666794
97263319 858265352
96630718 861300546
96140379 862240772
95689203 862377117
95645265 864297042
95380655 864372317
94527321 865833486
94253924 865911206
94122258 865913401
93838378 869829118
93009580 871192980
92934099 872190494
92226914 872229124
89403405 874166207
89147750 875497724
87556646 876379806
87325160 876480823
87301849 877331144
86536438 878676882
84908136 878850986
84350566 880692466
83556726 881162584
83265372 881467895
83175603 882019839
82507830 882459321
82484076 885613981
81742308 885939619
79715268 886542617
79508625 888329341
78887232 888991568
78830208 889255505
76313921 891997752
75816784 892308739
75805997 892986483
75772947 894531696
73208870 896544693
72700717 896598182
72551680 896686637
70140571 897096151
69895452 897262450
69599973 898417780
69424574 898822260
69041626 899394863
68465697 899424843
67854761 900415245
67707479 901120996
66795268 902462911
65544152 903549945
64753342 903609563
64209658 904137853
62650895 906521313
61569194 907940243
60571809 908591985
60344613 912204458
60132668 913456928
60078399 913599657
59377699 914151075
58806196 914189110
58650201 914432573
58315538 914708475
57201133 914762600
55911658 916031683
55821049 916068697
52564125 917523559
50426174 919099716
49013985 919329711
48816000 919778014
48157751 920737755
46264111 924071588
43728378 924164997
41379531 927084109
41127803 927326230
39911327 930184480
38971795 932600106
38777852 932911449
38413865 937007148
38262183 937580959
37038460 938974532
36123294 943272861
36104232 943428724
35171529 944935987
33470283 945308174
32893532 945356017
31820643 946302400
31683907 947030626
31129607 949276517
30310546 950514217
30036732 950518683
29801868 953113043
29709678 955595531
28936907 956159292
27742060 956242988
27437963 956853428
26594766 960162958
26339583 961444664
26156901 962144423
26004769 963644683
25556065 963869227
25069031 963988027
24414610 965679315
24326367 968000335
23337370 968953541
22487931 972076097
21722761 974470826
21152362 975047158
20745507 976825142
19145764 980074496
19071140 980728124
16180017 981358826
15448841 981840738
14234919 983296314
11613983 983813115
11532927 983952804
11005412 986570118
10809390 987795356
10485757 989507872
6289525 990105062
5231696 991758817
5146184 991790214
3857823 992083132
3528524 992364870
3123845 993329470
2037092 993882993
312944 997248078
26894 997470263
