61 8397
16 9 97802
30 26 25825
48 3 95705
58 39 38769
16 49 70001
38 27 84196
46 52 88801
50 45 25489
10 23 34118
39 46 54620
12 1 32316
24 18 41486
15 41 11361
57 18 11277
57 60 25995
29 21 18817
31 35 89019
2 25 72502
3 25 71601
19 49 92790
32 12 22377
9 21 29269
2 44 33569
23 13 63209
14 41 83251
59 18 6778
2 6 67355
59 27 29635
20 43 82027
44 61 25997
13 32 32801
41 53 76609
8 27 27524
37 33 79481
6 2 94442
43 13 6321
58 22 85067
3 24 37577
11 1 47745
2 44 38751
11 15 52599
61 49 91895
59 8 71789
23 29 7601
2 60 12775
57 24 52330
52 19 56748
61 48 30801
31 60 57250
54 40 11340
8 1 30101
44 20 43436
27 28 94393
47 46 42221
31 40 35657
51 6 88441
7 17 44825
32 23 73857
5 55 53701
10 46 36791
24 3 26963
43 39 32735
40 4 57511
49 35 32625
52 29 50416
47 29 14549
54 41 64185
51 59 18745
10 30 76397
44 56 81889
57 5 2913
46 44 20305
30 42 81051
18 43 93821
26 27 94181
6 15 2151
52 46 33496
44 51 73337
38 2 79623
32 46 80287
56 21 32601
8 52 36001
22 57 54241
29 15 56221
1 54 88049
55 5 9379
57 14 73901
11 28 58154
1 40 15688
29 35 4356
55 31 92147
17 40 79529
46 60 41453
22 56 27137
30 39 3505
54 41 80346
13 8 75743
39 57 76296
19 61 48689
9 12 38351
22 32 17054
3 32 82384
56 52 96651
60 5 11084
55 50 24954
5 7 29559
22 32 31184
39 25 1643
29 32 14129
4 8 59268
60 34 60303
22 3 6889
31 20 2041
45 50 5843
46 30 71521
29 52 17649
57 50 68285
48 15 46155
33 46 8665
40 21 20301
16 34 40437
54 44 35654
11 1 51776
27 56 93283
13 55 39423
61 2 89641
32 49 79755
31 35 49207
17 10 88817
13 40 90087
17 25 37501
9 15 47928
1 5 32661
51 41 88393
42 22 95445
8 61 59857
22 50 16671
46 37 25597
19 36 75377
39 30 51832
57 46 85466
43 24 28096
12 6 29859
56 30 70676
13 8 67174
37 49 67576
8 22 64862
56 48 63411
26 42 25601
44 42 77451
45 44 32847
29 35 25995
11 3 4651
20 22 61537
8 10 81623
57 3 84633
18 55 66713
15 25 27338
53 22 35134
47 26 62125
34 57 53576
28 60 89795
21 40 58545
17 41 38409
35 7 25426
10 8 43031
41 12 50209
61 51 54976
16 35 76713
19 3 98245
46 44 13734
7 4 21852
29 25 616
11 51 47801
28 40 53387
41 15 34255
60 36 4776
59 44 91441
59 45 79720
37 54 81971
57 33 43907
38 33 45386
44 49 6341
46 57 37743
13 52 6513
9 28 88061
33 27 35221
52 38 95582
46 30 27271
58 53 98156
30 34 6173
48 37 99430
35 29 5793
53 44 35201
51 39 20589
36 15 73229
5 6 58002
52 45 6022
51 48 22801
52 49 25201
48 35 20737
4 27 30489
38 51 57089
9 52 29392
40 12 26851
33 15 32705
25 19 66951
54 32 39567
1 35 75963
2 6 74657
49 44 87790
51 31 30296
20 37 937
27 8 22044
22 37 75061
46 52 43751
22 49 66128
34 57 87805
40 52 55036
57 22 89058
37 11 98871
33 31 88121
9 30 65132
34 6 14408
8 30 76321
33 19 59857
34 9 9850
27 56 26182
36 38 2506
31 5 58511
46 18 77217
41 22 47297
4 25 56343
5 2 17893
11 6 63432
41 25 74070
7 26 32759
60 12 75145
61 44 42117
53 25 14601
23 41 4411
17 34 19961
36 30 2939
31 41 56826
8 42 91281
5 37 11658
57 11 72692
20 23 23427
28 14 64158
47 33 58897
24 19 83937
25 23 63925
53 10 69781
38 19 36419
37 42 47820
13 43 39471
4 39 70653
15 18 45913
25 48 96419
40 5 80878
53 27 56305
19 9 52672
61 53 41099
6 48 41419
47 7 75337
46 36 21102
6 10 12335
55 8 23031
55 22 51697
32 35 8858
45 14 45225
6 59 22065
8 32 28025
43 61 75598
25 49 24156
56 47 303
25 31 20286
12 54 82962
9 30 99545
17 43 93305
33 35 90981
21 24 75593
24 53 43601
49 10 50457
3 4 45899
35 12 44566
22 37 70871
17 20 87057
5 45 53511
19 17 95709
33 20 6483
11 18 12681
51 47 8129
40 11 48307
3 11 76657
57 37 60389
23 29 63012
15 40 5481
26 1 36278
29 21 42056
44 28 55895
55 57 77771
54 52 4488
4 44 53356
10 2 46851
14 45 77985
32 51 19357
12 7 20896
47 5 78929
47 19 92929
32 1 8833
28 17 48637
37 19 37790
36 32 30672
43 39 64381
39 54 22664
21 49 7035
57 1 90851
42 34 3795
15 42 95921
61 2 56773
7 12 63633
6 57 92477
17 36 30131
31 34 74497
54 36 88876
36 37 73501
26 23 31621
16 24 58433
46 53 12990
31 14 17557
19 61 46445
2 58 23993
1 50 96989
43 41 87679
44 51 27661
7 23 45157
1 2 88665
37 31 41077
49 32 51335
46 23 16921
47 55 73797
41 22 32964
52 37 81182
25 39 67992
14 12 55644
26 33 84307
10 1 50376
59 43 53319
57 6 84641
44 18 41347
7 29 82643
14 16 9185
18 21 51531
47 13 76561
24 10 59445
58 27 78041
10 20 61639
2 21 60669
2 48 55983
40 21 79776
9 7 367
40 59 56281
30 27 91759
46 57 45381
50 19 12251
4 35 99761
4 25 36985
43 27 17196
38 54 18203
42 58 45377
50 40 14933
12 58 69001
41 48 5465
46 21 68702
31 39 32476
2 36 82653
51 26 5421
50 53 96827
47 24 9309
45 6 35226
18 23 4939
19 38 53442
14 58 62373
4 59 52485
13 26 99361
40 22 4752
41 16 41707
47 50 66181
52 7 54793
4 13 25317
3 8 98597
61 42 9671
49 25 5781
56 52 43681
19 46 69539
20 38 64601
42 6 8231
38 46 77215
39 45 42886
51 26 41823
4 51 51501
48 59 95521
23 48 30851
23 13 80501
31 38 45103
16 57 67609
12 39 95501
35 45 82785
60 54 18389
23 27 70751
26 29 10373
43 47 72476
26 53 80999
58 32 96165
10 15 21001
34 12 86997
36 6 62696
45 50 41626
42 16 57805
22 49 74614
22 12 14161
6 31 42222
23 2 3553
6 7 40911
35 14 78377
36 15 77174
40 47 43650
61 53 73898
27 49 17833
1 46 7055
59 55 1026
16 56 22707
12 33 61921
18 12 32126
34 46 30551
12 57 24330
52 59 54221
6 56 28623
16 18 93991
4 5 84146
58 13 68825
6 11 42626
21 55 29576
52 7 23614
30 60 657
55 16 48101
11 32 58820
40 4 79481
54 42 81077
54 8 78455
19 49 54065
25 44 76217
48 6 49361
10 1 52883
53 23 31713
25 54 53721
42 32 79499
16 61 35661
11 36 83119
30 58 42001
38 44 3025
12 54 33053
59 4 42811
25 27 37741
60 18 3197
54 49 48409
1 46 34777
58 25 80731
60 22 74261
23 51 50461
26 43 83225
13 61 39150
35 49 10301
32 6 97042
60 47 29161
37 49 87711
36 28 1211
50 33 61311
58 51 60384
24 52 5633
56 27 53631
46 23 41001
12 44 68185
49 45 42701
33 46 42291
5 20 46241
29 37 30089
44 46 21411
19 7 38381
10 29 31899
22 24 87217
25 31 75678
8 4 39503
29 32 76105
54 8 11647
38 13 13293
34 54 73095
18 46 73028
36 3 33111
61 6 35347
1 46 80513
39 27 59529
40 49 47664
61 14 41598
43 23 40979
21 12 31874
59 47 35713
1 46 1761
55 15 31841
51 17 61261
22 4 5035
49 32 32057
5 50 76620
27 21 47721
28 15 22961
52 11 36886
58 15 43726
29 38 78114
22 4 72526
44 52 28221
31 50 80672
10 32 76484
16 7 79206
58 36 98131
24 29 26061
26 40 53227
58 17 30807
41 22 90053
1 58 74165
54 55 22897
7 23 37135
36 5 67711
6 60 46441
19 24 13033
10 57 55205
10 18 89509
32 25 86451
15 5 98733
9 15 25961
44 14 91846
55 44 83725
6 32 49164
20 49 48843
44 56 27425
23 16 67109
4 16 78801
4 2 60481
33 45 18689
61 36 16935
40 5 38037
26 10 56713
29 1 14561
17 2 20626
4 12 88212
29 21 91653
60 30 98433
14 42 8387
30 29 55501
11 42 78321
6 56 64317
30 22 35639
19 57 79601
6 20 88427
1 46 49393
20 51 34369
40 47 21689
2 51 75737
47 17 28630
31 58 45710
18 10 41859
58 23 64073
9 4 3113
41 52 22001
51 50 76161
50 25 37351
37 53 20323
22 60 19541
41 47 48938
10 36 76796
18 49 67242
25 24 8676
54 37 5170
15 19 47422
30 29 11601
5 48 69499
17 43 67277
39 38 91631
20 47 90173
53 47 57489
16 26 18195
41 59 74231
8 57 34510
6 1 20216
35 47 44341
58 13 30838
46 38 7551
34 42 76018
35 45 60521
46 2 69241
61 43 48596
15 18 32161
37 22 48021
24 56 3283
40 49 55968
23 34 56529
41 59 28883
55 36 3201
10 4 11521
7 22 31351
45 46 83101
16 8 40305
29 3 31665
16 34 88587
57 59 71183
18 34 6809
41 23 7361
19 7 31460
37 40 72149
27 44 52681
53 45 38711
53 45 89741
45 18 9345
31 7 81691
24 36 69241
12 7 90431
59 23 25641
49 57 50295
41 27 16895
41 13 95265
44 18 47941
57 50 22121
55 58 77428
44 10 48113
2 18 84154
27 19 40141
18 60 47597
34 19 26401
51 56 30330
42 7 75621
29 5 12717
3 7 75204
8 1 20537
10 35 31489
60 51 69206
57 45 29215
38 39 20373
35 41 27021
5 30 9123
10 4 75633
3 50 50177
50 32 72217
53 58 40498
27 58 3908
38 43 30956
28 25 48865
57 4 83901
8 19 59562
32 58 66023
16 49 70987
25 37 64769
43 58 94591
36 13 74201
55 16 29893
47 38 32462
54 13 78811
15 58 77585
4 40 37401
33 1 61333
46 50 97053
39 20 91406
60 25 17901
37 8 56550
21 34 45107
22 23 401
2 23 91678
15 25 68841
60 29 47089
28 36 64264
1 6 90073
10 2 2269
23 48 80425
58 12 85349
47 9 79763
14 49 1273
9 16 14686
34 51 42169
30 58 64321
13 36 47524
29 58 69663
6 56 50679
40 54 10961
54 20 6584
14 46 46244
2 19 80211
27 29 96977
40 44 87247
55 10 88877
56 8 16023
14 53 40445
6 18 55687
12 36 75329
7 31 46359
57 37 14807
2 37 26898
45 23 45575
26 48 91393
27 18 95609
34 30 47794
48 26 51238
19 60 82928
26 56 63672
61 24 71297
59 20 13594
19 26 91980
3 4 95385
13 19 80140
33 10 15729
26 17 97997
34 1 93440
19 57 91435
26 5 66051
60 37 57487
47 19 97409
20 61 74781
47 8 79176
55 47 93985
32 45 73042
2 52 12967
11 30 96321
55 61 43686
55 14 33755
35 14 52967
37 19 15253
35 57 71601
20 47 98889
61 54 23229
47 37 58442
40 15 96109
34 46 43753
49 20 9081
44 18 46611
50 27 42784
48 27 73831
41 59 40427
52 1 84768
40 50 53763
1 60 22139
16 27 50251
11 34 66381
54 13 85052
40 32 7577
19 28 62891
34 3 38017
4 30 31251
23 9 55461
1 12 32127
44 47 98651
42 11 56913
56 59 63601
58 24 63434
15 6 77061
42 61 13719
53 61 11753
5 61 38576
21 52 30840
3 46 36788
20 2 3532
30 26 36199
5 34 63821
22 42 64166
26 6 53997
20 48 20359
31 46 41907
13 24 98025
27 59 15471
14 44 4581
49 52 88726
5 23 85271
18 2 673
5 46 10681
36 16 31905
34 46 84694
30 14 76801
24 42 77569
11 44 34357
51 43 11055
3 8 12911
40 11 45537
4 33 80210
60 39 14105
32 33 4244
42 17 30473
58 18 94596
17 8 55353
52 23 26401
50 33 12111
14 35 12701
31 28 90561
42 31 26893
38 42 70609
13 32 8853
48 23 16932
31 25 46341
12 23 4531
23 7 95339
21 14 11796
35 9 71626
29 58 10951
17 40 86461
45 22 61657
44 50 47104
60 37 4301
15 36 87761
35 49 52697
5 48 23887
20 32 75489
50 16 2261
45 4 31521
51 12 73079
56 3 2251
54 52 2660
19 28 28397
10 5 76768
41 57 81675
33 53 55125
6 54 68449
61 24 98226
23 5 5196
46 36 66136
13 21 33973
58 49 90561
44 5 3153
53 8 24141
50 56 69936
19 49 98449
31 48 87841
57 19 26301
29 2 50101
20 33 61373
9 24 57645
5 4 29753
38 61 22491
39 3 97501
28 40 4381
42 50 5276
21 58 99985
11 44 19844
45 16 77686
39 47 8321
14 30 94070
18 59 77775
55 15 23051
50 54 50575
53 55 90116
49 12 65546
59 44 44225
19 21 93055
57 22 71562
47 38 82535
37 19 23497
8 35 70295
14 49 97486
27 30 75712
59 7 6937
34 12 96051
16 36 5531
5 10 95261
50 41 67217
53 9 80394
26 46 15129
59 56 46981
49 45 80341
34 2 98816
41 14 82501
19 6 3798
52 35 77201
24 57 12542
50 6 19211
14 16 40033
12 34 70089
43 13 90069
17 46 96701
54 40 22269
11 6 13913
32 28 27946
49 54 53376
52 8 43935
56 11 70151
35 54 73383
18 40 67946
14 29 95521
3 35 97440
24 22 81697
43 5 49905
14 59 34577
58 28 74606
8 52 50001
14 19 44101
57 24 72745
42 45 47475
61 37 35381
8 51 33345
24 17 80276
50 41 90049
32 23 84293
54 32 42541
50 33 70505
23 2 78181
15 56 65319
8 34 30476
20 47 95721
14 57 46865
30 34 52251
40 28 555
29 40 44716
54 34 6393
5 53 95236
36 27 43309
57 48 6729
22 6 38177
37 53 35382
52 19 56465
4 45 17249
52 5 21649
15 58 45971
48 27 90076
13 51 67703
28 34 45501
32 22 46201
7 45 89153
30 31 32285
2 29 2639
35 22 17003
3 13 42443
35 32 31841
53 56 43471
23 58 7575
26 35 42673
58 35 14813
44 35 59559
6 25 2606
32 40 88645
3 5 86531
41 39 39595
22 23 96091
43 22 16065
26 42 18451
23 11 601
30 37 23267
57 42 84198
22 27 45535
10 11 95537
2 27 12126
42 22 24689
4 30 1831
44 13 56801
51 1 74401
61 40 48335
58 45 13668
61 40 20777
18 40 94497
54 23 60353
37 39 73529
37 36 67603
45 17 801
1 57 96971
38 21 73587
14 37 57632
59 27 52501
24 38 31393
36 3 52711
51 54 7675
52 46 2563
6 9 83009
13 43 48225
56 15 51574
32 47 23861
30 21 11825
9 50 81802
41 6 68371
61 32 86209
18 46 35804
48 38 74801
51 56 27607
42 9 31826
2 12 8897
35 10 31910
9 4 51496
47 3 16676
18 52 12331
54 2 60171
27 47 9907
21 40 64999
20 56 19041
36 41 13015
25 6 77297
34 52 4811
34 12 21541
21 28 27926
8 17 38513
36 29 39847
60 4 41577
52 47 52893
7 40 30573
10 42 47836
30 59 47976
18 28 77937
4 32 6568
57 55 35967
15 50 27226
51 11 59051
38 8 76831
46 34 49246
59 33 52956
45 14 63235
3 57 62465
23 15 86570
47 14 26667
61 49 2875
19 7 82521
41 18 921
48 25 81513
26 2 55225
40 54 51113
37 28 46494
43 33 68663
49 38 69357
19 49 79961
52 11 89029
57 2 76629
18 45 66321
25 4 9181
15 46 9449
17 29 30521
29 39 80845
13 42 24377
2 41 39697
26 32 87618
28 53 9677
39 8 98049
45 44 43713
54 11 84296
15 39 48901
55 17 97709
33 60 71399
50 18 550
27 35 7967
18 35 12936
54 51 82142
31 50 52697
43 46 14026
44 41 9587
42 4 46865
57 50 14886
17 50 14293
15 60 376
16 1 79001
51 40 44089
47 31 62369
45 32 48325
14 1 95867
52 42 52669
55 37 54715
54 46 60961
33 3 22535
40 19 80243
59 9 15858
25 27 11001
44 53 81377
28 49 32386
40 13 45649
32 29 59561
53 50 80405
33 43 9856
11 30 80321
9 55 65901
20 13 41075
37 31 68965
37 17 30942
33 23 18590
22 12 72291
14 41 94554
53 24 93550
48 15 12605
22 11 48013
48 32 24169
50 32 51161
54 31 67180
7 24 34601
3 51 42849
30 61 29801
2 51 97174
43 33 25361
24 61 70256
58 55 98299
17 36 4848
52 13 4198
47 20 54192
55 40 97401
15 17 78901
4 33 42375
41 37 98325
26 23 25878
40 18 7326
4 19 92841
18 54 61857
8 36 28086
55 26 59109
33 52 26167
28 35 53726
29 13 56105
58 37 23610
23 57 11466
10 16 63998
59 15 32154
47 9 66101
47 11 81579
43 12 16929
19 50 11779
50 9 5421
31 13 21721
50 28 10133
52 23 81060
38 61 92841
29 11 58446
34 44 59308
48 20 50958
29 21 30993
24 22 32770
2 12 32011
33 28 21426
45 59 73927
30 57 90128
59 39 87356
44 26 80107
7 53 15738
55 3 44126
37 24 33267
36 49 14601
57 39 88890
32 26 25085
46 22 21785
16 48 76714
52 27 70721
53 13 91998
9 1 79761
35 51 70465
15 18 7233
45 20 5305
16 42 60177
41 9 55101
43 44 44343
43 26 94583
3 44 71606
61 25 3967
4 38 9501
29 6 36201
26 5 34693
60 5 32609
53 51 45701
3 55 8001
40 35 61185
15 5 77601
11 31 56631
27 41 99361
49 48 33117
3 50 78321
57 43 57292
43 54 23827
17 41 31497
61 9 55001
23 47 8652
24 48 76471
7 10 9879
27 3 56198
51 55 37157
43 13 58883
27 33 80305
22 37 3353
52 22 71735
48 39 56897
30 57 76445
48 27 38561
48 28 76370
16 2 36423
16 22 87301
39 43 33383
18 58 37466
58 16 47841
1 57 93377
53 59 46365
44 15 55581
8 52 33345
51 58 79301
19 15 19283
29 35 96321
56 20 91073
47 48 75617
15 34 21076
57 35 97309
29 55 40769
38 48 93526
16 23 95311
10 49 13688
25 8 36533
3 9 43749
17 40 49246
49 55 3745
5 47 65049
33 58 72332
56 24 56076
1 21 54251
3 38 48354
31 34 7041
45 19 88849
1 52 91585
42 21 47489
35 34 62466
21 43 95913
35 24 9731
17 11 65985
13 57 9281
45 25 78948
41 39 97251
12 43 58917
3 58 73051
34 53 10465
44 35 93097
18 37 9084
22 40 39326
27 5 62161
2 53 99677
23 36 65897
32 11 31015
23 58 99261
32 10 81666
60 11 13013
25 35 13141
56 43 10466
50 51 6455
43 35 37241
13 16 25785
52 27 75697
4 59 75421
11 20 6851
42 52 26093
39 5 98470
43 54 46301
42 6 91093
29 30 41010
60 10 56423
1 55 30601
51 13 22865
3 10 56486
49 46 75588
27 58 50219
8 34 53678
7 25 48841
20 42 99242
9 60 60373
26 11 87896
39 10 88097
42 38 77245
60 52 40473
39 52 55881
18 49 36709
46 2 64699
39 36 4079
3 48 4685
9 18 15626
8 57 41601
49 9 33649
46 43 87165
13 43 7091
26 3 65440
4 22 24716
9 15 28409
27 10 14813
47 46 12661
33 8 75731
37 61 94071
48 12 63819
48 51 83856
33 35 27942
25 36 47991
7 31 22625
23 49 79674
26 41 22545
37 35 22321
57 59 16405
13 42 64519
61 10 75330
49 9 66177
37 25 2299
58 25 12569
42 11 29966
50 46 79585
49 11 49214
5 12 50661
48 5 78775
28 25 17065
57 32 20878
52 34 33071
56 20 28188
25 51 17141
55 37 27498
11 34 35281
58 18 75007
17 7 50521
7 43 41076
40 3 20930
56 49 90859
40 3 46956
17 5 90689
15 49 73645
14 15 96720
35 54 76474
43 34 1601
18 10 38914
43 61 28259
29 11 909
51 28 81251
50 49 56743
4 2 83376
51 46 26905
30 36 77401
6 37 40987
1 16 1825
34 54 13391
53 12 93741
26 30 3766
58 19 8783
19 36 18694
26 29 95678
13 29 26496
25 39 87425
33 4 70725
13 6 97119
61 11 22581
45 41 94591
54 56 30313
42 2 25936
34 35 75137
52 23 28801
43 3 79396
54 4 3841
27 17 92349
39 15 96717
13 53 72546
61 34 95680
11 16 58707
40 59 95885
5 48 13015
47 21 59897
25 13 15150
55 54 60901
44 26 98766
5 48 30771
14 50 80763
22 48 32341
43 54 45057
39 47 95125
15 51 1636
33 39 35276
39 60 10193
25 39 31978
31 44 78929
53 47 75428
61 47 22241
8 26 49046
22 41 67903
9 60 97050
1 28 4553
58 48 63298
45 42 70006
16 56 43600
35 10 93163
25 14 43705
39 51 98481
9 27 29041
48 56 41499
46 38 42790
57 29 73481
52 57 81479
27 46 61391
54 33 44257
55 42 97537
5 26 81237
36 30 5596
31 27 15841
46 4 78751
18 27 46712
46 54 96729
55 34 85644
47 18 59268
46 34 30601
41 45 82794
49 42 78711
51 25 5431
17 23 60323
38 44 51115
20 4 11487
25 56 14111
19 45 41345
6 39 85541
21 47 42461
37 61 6613
12 4 53226
6 53 11071
19 21 77237
22 16 56883
48 53 27721
50 11 75101
28 46 5351
2 43 93441
58 9 44768
43 17 43841
58 32 74447
39 37 44205
36 42 86175
47 6 97595
10 34 24976
45 32 4538
38 5 26024
57 14 72062
38 50 11444
31 7 23706
33 3 43405
21 59 57126
19 4 33665
26 13 89620
29 3 87225
20 56 22846
15 59 99965
28 21 72059
4 59 25361
29 25 91985
60 35 38581
50 29 50381
54 37 7665
31 39 20811
24 17 21551
24 33 42829
6 49 26516
14 56 28779
45 38 42851
59 27 34001
56 32 62600
5 32 91801
13 45 83839
17 25 12440
23 58 26017
22 11 94859
59 60 40331
58 61 51989
9 26 88935
47 50 79297
49 52 6494
26 45 10525
15 26 7227
55 46 47761
52 44 3889
18 40 7506
52 2 80161
8 39 3057
45 53 15497
57 56 55681
24 55 37489
2 41 22625
17 33 25019
29 36 84009
7 1 22505
36 45 15197
13 35 24836
2 44 36585
33 20 66821
13 30 77961
54 32 20770
60 52 17485
41 27 98902
20 41 36105
33 56 88691
49 23 91921
28 39 13501
29 52 34167
30 14 65251
43 44 42263
47 58 30404
50 18 98816
26 15 9499
17 36 55431
60 12 59573
24 8 66311
42 38 32477
29 40 26211
58 26 99501
51 4 86309
38 9 33613
47 2 76005
17 36 69963
38 28 97178
42 35 89877
46 3 27743
42 60 42171
47 28 19269
33 5 66510
44 20 37171
36 6 8001
40 41 49781
50 27 17501
29 27 13607
29 26 97257
21 17 27755
31 36 8127
60 37 90702
56 19 33386
35 53 23893
40 2 33674
8 22 77161
54 21 60719
13 8 2954
51 56 14425
46 2 61189
46 11 3714
48 3 51643
47 12 75926
46 48 52509
1 9 24667
40 34 85491
55 19 81111
24 34 69289
3 40 95328
60 34 24931
48 14 51291
28 27 1148
1 30 54361
24 61 36627
7 30 94892
59 57 13016
17 49 24551
40 4 53591
40 35 58921
19 48 86465
51 38 76701
25 49 95037
10 60 45421
50 60 40365
49 2 64865
7 15 79428
44 61 24657
17 19 5885
17 61 83125
32 58 52289
17 28 9761
29 52 30174
31 51 58123
41 29 54981
13 37 52779
44 21 4184
2 52 12861
16 26 71596
14 46 79513
7 54 80711
37 20 18898
37 27 60177
29 28 5689
36 45 10593
9 10 31649
41 39 95046
48 40 1387
43 61 84311
48 11 71713
37 13 8977
45 36 98469
32 16 9129
1 3 95493
20 59 41274
30 16 46352
54 21 82437
52 39 31601
37 46 97214
36 3 42337
45 10 75725
36 49 68095
50 4 94285
44 49 95343
24 21 93852
55 32 58317
5 51 40801
60 32 57124
17 47 29633
36 26 81225
54 21 51651
32 57 53153
54 19 61961
32 21 68626
35 7 96496
26 12 59811
17 35 84441
3 33 78323
54 46 78372
26 6 1576
26 17 70501
22 15 46497
51 58 90381
47 32 8831
39 58 2977
11 6 48707
7 59 59199
55 59 7834
2 7 68859
17 30 48665
60 30 74683
9 49 91753
44 51 25567
26 10 40121
42 52 36501
12 26 53660
50 8 66701
41 44 46210
36 57 14537
9 3 53025
10 61 11953
18 21 5432
11 36 99585
50 21 81361
27 14 36201
26 31 30622
19 30 13397
53 40 30141
39 57 23571
39 59 39162
43 17 26397
59 2 3961
44 59 28277
18 20 47611
48 39 5793
44 45 58427
60 8 92580
8 47 70651
35 17 16231
42 59 40738
25 30 68991
34 41 15434
15 26 16500
46 60 82876
60 58 7660
43 33 90095
39 27 9561
59 1 35001
18 48 70057
40 56 32601
28 20 9428
15 48 5329
50 28 16089
31 59 45857
40 53 98324
9 25 84396
32 47 87185
38 13 3281
54 26 87961
37 34 92301
13 17 71563
6 45 90133
54 5 11023
57 20 38019
51 2 60696
19 14 17589
40 31 12783
29 30 34966
17 9 18461
9 51 98801
38 2 28941
16 27 43441
45 49 33891
7 1 37197
22 20 46435
15 29 96289
47 35 67177
49 38 56915
54 56 75488
25 1 74582
22 57 2251
1 54 9929
21 4 33728
19 28 61887
12 59 94961
9 18 28201
2 61 19751
54 51 23578
1 6 37356
38 21 8861
36 15 69065
54 8 64661
26 56 20301
2 21 23032
12 31 13891
33 61 97773
22 6 55314
30 48 10756
1 32 43726
18 33 34301
34 56 1417
21 17 94473
17 12 7046
17 12 37222
57 14 79211
49 1 85886
33 3 16991
45 40 11672
28 25 63441
59 60 67824
39 25 26741
33 59 21545
32 34 75041
31 44 50626
41 35 58636
33 9 16166
11 8 65247
31 28 77399
46 32 13863
58 31 77801
12 52 43745
44 9 45156
20 42 14734
27 45 96729
60 18 30152
38 43 83757
56 9 14549
21 13 561
39 8 78201
48 15 27873
59 5 88368
35 46 67619
41 27 8542
30 10 45681
51 37 30636
8 58 85219
2 45 86204
14 35 23851
5 61 9266
25 22 25817
5 4 9581
10 57 21755
21 19 14781
33 36 35293
37 50 59653
18 32 56449
32 24 98196
29 9 8456
3 48 89895
14 44 17531
55 41 21797
33 55 5557
47 2 30631
45 34 63894
33 48 64145
29 14 76169
44 46 65315
39 17 97377
58 14 17188
56 1 4772
53 17 98961
23 45 48181
34 35 733
51 50 75724
7 33 68575
34 37 75161
21 61 5740
13 22 21746
21 60 54394
44 59 88234
14 13 22461
2 18 31261
58 31 14513
11 22 35965
4 51 59055
61 34 35273
18 22 30053
10 13 51041
21 58 24473
32 10 93379
52 5 9606
26 10 98891
45 51 65761
13 44 57481
45 36 48960
37 53 41425
30 6 85264
33 17 99349
7 45 66005
13 60 86723
45 18 93434
37 57 63053
22 1 69420
2 32 2855
55 24 97521
30 3 40283
56 60 73772
42 43 86206
5 49 53174
14 9 86645
55 57 52305
4 18 4341
53 28 44580
48 59 45601
56 46 50128
22 46 12010
6 34 3505
28 12 30061
5 8 15326
6 15 94084
2 15 23784
14 44 92605
17 50 31201
6 56 64005
21 36 61759
10 40 83737
38 22 873
5 3 58437
12 15 22781
53 36 23581
10 6 55182
23 47 95961
60 38 73091
58 30 45834
44 20 49521
36 46 20886
54 21 27361
34 47 29142
41 45 80385
31 1 49291
25 37 10831
1 35 3201
14 40 28446
29 6 49003
13 4 94021
52 35 62113
17 50 10089
7 44 19146
1 8 91077
2 44 45949
1 4 15531
9 51 35267
59 49 86969
11 4 68471
10 9 35529
19 13 76026
15 7 72487
52 53 35648
47 1 82017
39 60 76571
61 46 46477
27 44 66617
6 51 37757
26 37 68015
21 30 77785
36 50 71951
33 14 76836
47 12 95585
45 54 44111
29 50 56483
19 37 46407
6 50 96451
55 54 94363
11 19 30347
17 11 40381
55 6 15990
13 49 69856
6 2 47481
5 48 83781
31 8 10525
23 60 77826
8 34 72010
25 47 94444
18 53 67767
27 61 5144
29 43 76001
6 5 6637
41 16 93016
8 2 21022
8 37 534
48 24 11728
37 10 78125
49 24 46759
50 58 30685
11 5 70349
20 35 15246
23 2 95509
25 43 36409
52 24 68385
11 29 90033
18 9 4221
4 1 63997
9 25 29434
4 5 65367
42 30 25697
43 24 36426
24 28 76221
12 57 11641
53 13 75369
37 31 51161
13 17 14213
14 39 86861
24 52 9297
12 3 1971
28 26 59809
36 29 80858
43 15 61233
9 6 61506
25 37 67937
60 19 89461
6 46 58757
10 48 14329
3 23 3001
19 20 67305
21 19 54832
40 43 75509
54 56 99297
2 14 7042
44 55 21512
61 18 63306
7 6 22145
50 31 79487
55 31 30937
25 27 87101
4 10 19100
29 7 66137
36 23 27161
8 49 8525
4 21 47743
31 6 62826
19 11 22751
58 8 66972
31 33 7945
28 24 3547
13 34 91334
60 27 20093
15 46 25439
25 11 69012
16 31 21400
58 23 34272
33 7 60306
27 53 42721
41 14 36336
54 32 25357
61 35 50226
17 8 85301
5 31 65090
44 38 53609
8 32 58515
18 14 29300
53 4 90871
41 52 20376
4 17 69757
16 21 889
14 37 51872
18 23 17276
11 7 7528
6 47 64795
6 43 50003
4 61 95175
22 51 54376
23 15 54826
24 7 29686
56 24 94709
14 37 93133
56 26 38695
1 53 16441
51 41 96882
2 61 53851
57 3 68265
49 36 94144
54 49 53533
35 12 27639
48 49 4858
52 18 71863
44 22 54693
5 18 30408
55 46 44651
59 27 58783
20 19 44001
30 17 47007
29 22 97755
2 17 66263
21 59 15943
44 8 44011
47 38 60641
3 45 80860
44 49 35410
6 22 66881
54 56 86433
40 55 48827
35 43 43001
10 5 4511
59 2 74090
30 11 2419
16 25 35041
1 17 23626
19 48 77706
23 1 47677
16 43 92901
57 12 68126
9 29 94149
4 17 28075
36 2 55283
24 38 19949
10 55 85505
59 27 19326
40 7 71577
6 19 24394
17 3 47761
13 27 695
46 3 87418
50 43 4797
37 35 17577
25 4 49799
50 45 51075
44 56 19509
34 20 56001
17 61 76087
60 29 62115
54 48 4201
38 11 97826
42 37 86467
57 10 73835
17 7 90006
32 4 26817
48 49 80665
5 60 65756
7 27 23815
36 7 81137
55 24 63119
50 57 7545
36 43 77601
61 58 70341
19 57 61875
52 2 68224
28 1 18501
15 4 30261
16 49 3689
32 16 67649
43 52 21097
3 1 56491
36 55 49577
19 34 91681
2 24 18652
45 53 82563
24 56 82945
58 60 42653
52 13 16031
5 33 48221
8 3 93627
12 31 50021
10 32 38505
10 29 35881
20 34 66901
45 37 93755
27 2 43617
46 42 88729
37 9 1
57 55 61833
47 37 62161
5 51 19182
2 16 75387
50 25 75261
39 53 91331
61 2 9943
23 2 69126
38 47 75097
55 30 43209
10 34 75135
57 8 16417
8 61 24125
28 50 70593
56 61 17231
3 45 49201
38 48 16921
29 61 46297
44 52 92825
10 9 98265
40 6 67631
17 31 68316
12 26 56511
35 11 13922
18 17 52758
21 29 86849
61 26 55503
20 32 48099
3 27 27809
51 21 35337
29 14 86612
45 43 97509
54 22 14831
21 27 33041
54 46 11425
45 44 40673
53 23 88946
17 35 91230
51 31 59373
37 52 56405
60 17 75369
45 56 42511
1 12 27345
10 52 9833
12 44 40067
45 32 44481
44 27 79769
25 3 92344
37 48 24246
33 3 542
2 33 27241
30 11 10585
32 18 79169
46 43 51888
35 38 78764
24 19 38017
53 24 54676
47 57 55313
60 1 78849
41 58 75451
57 13 42860
14 56 29791
23 7 15681
31 22 5879
3 48 48293
26 41 50513
3 53 80018
11 42 26906
53 12 29269
4 21 36096
23 11 79858
49 18 45281
23 19 36353
32 60 38427
3 60 28590
44 5 42859
56 39 23787
46 31 15062
38 18 85475
19 56 63281
48 15 4445
34 44 19231
21 48 20287
18 9 43913
30 18 84671
53 55 9521
2 38 60917
48 13 43165
20 57 631
3 59 97259
37 28 85417
58 44 16077
44 15 18840
52 45 3982
12 48 2558
15 8 79201
7 27 62393
16 29 83630
34 51 14555
5 13 96999
55 30 43693
43 5 4187
50 1 47551
44 53 28766
45 46 4881
7 24 55426
46 4 79269
16 50 94025
51 24 7758
23 47 29997
37 15 243
47 33 28469
37 53 50027
12 48 77601
37 27 18893
12 43 23291
29 38 74030
18 23 55493
16 52 49356
27 24 35597
5 28 25441
45 16 73496
14 28 55749
8 48 85895
23 37 58526
24 29 98101
10 11 8278
43 5 56019
58 13 90547
58 35 97
40 24 91209
55 54 89057
25 10 34277
11 43 40493
45 31 88355
52 7 23503
30 59 11837
25 7 79395
33 44 18985
50 27 44996
43 35 78657
32 46 34285
43 40 81811
1 36 16387
20 13 45748
5 3 73210
49 4 89921
8 9 27561
1 33 34271
20 34 54261
49 48 6799
31 56 17469
10 24 58201
55 45 69471
53 26 35802
12 37 34527
27 61 72581
46 43 39178
22 11 46570
59 38 89331
6 23 2199
34 12 62646
35 36 97233
49 56 23176
46 2 53161
22 28 88551
13 6 46208
28 39 85947
26 40 27913
46 44 40529
34 42 55767
46 17 24977
52 2 58063
37 61 93141
56 2 49167
44 47 22267
8 33 41123
30 21 32289
35 10 17159
29 11 66751
23 60 25461
12 51 84011
34 43 5777
4 61 77200
15 3 62340
61 35 73286
27 8 12657
23 30 5956
58 46 15631
23 36 80993
37 26 84811
51 6 58625
56 19 40697
3 56 36485
28 8 98803
15 10 24278
48 17 38579
55 33 84393
31 21 55957
17 11 43807
38 48 19827
14 8 30647
13 44 48151
2 21 2441
3 39 40909
36 54 91521
29 16 19913
28 17 50929
5 53 47180
54 13 70191
34 6 79530
9 26 27681
33 27 30591
58 13 99419
21 14 30476
52 8 22585
19 20 15977
13 11 59070
21 46 43867
7 52 22825
12 54 25445
12 52 23292
57 41 81030
17 55 6322
49 61 45857
8 58 98853
19 59 33527
4 8 37153
11 1 87969
36 59 80371
51 8 20895
26 36 68787
48 45 31239
34 10 91268
44 2 21845
46 59 75313
50 8 50751
57 1 12621
3 57 4565
3 27 27217
31 3 62477
28 13 75327
55 33 57332
53 19 43162
4 44 10553
41 39 98037
7 4 21998
25 18 13405
58 41 9321
50 41 49457
9 22 77926
50 35 33121
34 23 14469
37 10 97519
30 42 6197
24 26 68895
59 34 34621
15 31 96538
28 20 23905
46 4 72801
26 30 5169
6 40 34140
28 11 96611
46 52 2897
23 44 42526
33 52 73238
16 30 91323
50 40 44197
37 39 86981
6 27 70461
32 58 57839
5 41 21073
22 17 21383
1 42 2368
3 23 48737
38 60 15493
42 24 91115
57 16 56026
48 11 61853
29 45 18942
25 32 63867
10 19 36645
40 43 43001
53 36 90481
2 50 95437
32 16 35185
2 60 1208
35 23 91706
33 53 16480
20 9 83013
10 27 56732
13 37 82324
21 25 39261
34 30 17379
24 52 16201
14 35 62769
61 5 36801
35 36 80756
8 37 18561
5 61 58605
23 4 68185
44 22 97209
47 19 49954
29 45 67571
12 40 24106
12 20 810
2 6 21251
54 2 45291
26 35 69003
17 22 27381
32 19 40513
45 30 2763
58 39 13807
16 14 86912
3 34 48489
40 57 45815
48 45 5639
19 24 83535
17 30 54309
49 42 75549
26 9 85451
61 28 7005
23 21 22387
12 25 88337
10 59 67839
40 51 93134
9 5 37665
42 54 63889
1 10 66596
6 48 10913
34 1 82629
5 61 9363
37 23 44301
9 5 83311
51 12 31685
22 25 65115
7 28 3541
19 39 32207
25 23 29377
43 52 31633
24 28 61519
12 58 58129
36 5 64970
40 6 91953
45 39 25325
3 28 79001
14 25 30201
49 47 27673
52 56 12697
48 53 88889
58 31 30334
60 19 3065
21 29 84244
50 22 19846
36 19 45267
1 6 70029
57 36 37780
59 47 65907
37 26 70833
32 30 87165
29 23 86305
32 38 45793
4 29 8386
29 50 2771
26 20 56005
36 9 32212
55 37 13651
40 14 35821
43 42 59181
35 4 11792
12 58 43341
49 4 45311
18 60 56795
32 60 5038
19 13 18011
18 7 21516
2 5 84201
3 61 94801
1 40 28497
27 16 7737
6 51 89713
54 17 63207
59 27 73100
49 47 80419
55 22 2296
2 16 66521
52 6 25867
56 4 71401
17 3 42766
47 13 9365
33 48 15933
58 40 83697
53 13 73661
15 51 26948
33 52 35441
60 9 63237
46 12 22392
39 16 62001
54 45 68287
39 7 99270
20 46 693
21 51 98486
49 22 67281
21 29 77751
6 45 64961
25 20 74711
54 3 28259
36 53 11203
22 7 86373
60 31 49581
25 52 66826
31 48 73105
27 42 51606
4 21 81019
23 2 2469
6 56 16483
49 52 99821
3 6 21529
30 2 8331
37 44 64213
35 58 9793
57 1 86921
58 21 86349
28 6 65745
30 13 5133
45 18 11861
11 24 42785
55 17 67769
46 30 65492
24 13 89607
30 26 4224
23 52 2332
27 3 61067
42 59 29869
22 58 17732
4 11 9101
7 29 32225
54 58 16001
33 45 97185
42 18 84183
27 14 1053
33 46 23215
47 17 34616
47 56 71777
22 30 39529
12 30 15964
20 49 60849
52 8 12261
16 32 23281
28 47 17112
53 12 67469
38 39 95283
23 12 66061
57 60 54641
51 23 80897
19 36 70472
33 5 39750
52 9 64001
47 14 61251
20 48 69290
14 55 13077
42 11 76001
14 17 74164
56 3 23484
61 29 63721
17 27 78633
40 39 1201
16 58 94937
46 43 68328
39 38 3716
52 32 60615
40 59 77169
61 48 27165
33 42 55888
16 13 5456
2 1 50841
14 47 22976
56 23 68488
27 12 28641
9 39 34861
29 54 75806
9 6 93407
60 32 39391
3 54 61697
4 6 63185
29 6 40041
59 60 4289
48 22 6682
47 29 81113
15 11 68394
27 38 93281
44 54 25860
51 7 30466
32 3 17232
45 43 26118
60 31 46256
48 53 23803
40 32 37196
60 50 57081
33 7 65547
21 33 70981
60 21 94791
59 55 79429
14 50 30696
41 19 95345
39 46 28311
1 31 12561
48 61 63493
17 9 27596
54 21 83855
15 10 35043
11 49 52220
35 5 82157
47 5 61661
10 23 84605
1 31 96493
34 10 50241
18 16 59701
7 58 16439
21 56 13696
38 14 12896
1 51 99175
58 9 10305
49 39 84042
53 40 31704
42 12 86197
43 26 12419
10 42 2353
4 27 65045
20 54 76809
32 33 14621
54 25 27820
52 18 88337
55 19 58616
31 54 3293
41 40 34288
48 37 55980
54 61 92449
60 46 73639
3 5 6643
37 26 50813
36 20 56321
3 57 9315
46 48 59877
27 30 13891
25 21 78801
1 58 54806
48 9 76677
32 11 83676
61 30 16521
13 26 10651
51 7 33457
39 5 95201
38 39 33559
18 48 16521
39 10 59621
17 49 41441
44 40 69581
17 47 86391
54 52 39072
37 58 9513
40 60 29916
8 10 95802
20 54 59505
40 55 33517
24 52 76225
43 18 9351
34 10 66842
13 1 19351
10 3 20961
22 11 96953
57 19 69225
55 23 47863
23 14 5005
11 10 64076
24 32 71243
35 10 12073
40 15 31315
15 24 57321
57 20 35900
24 56 9901
41 36 12161
43 31 48827
49 44 27151
9 54 24761
3 39 70051
13 12 16274
2 23 62153
56 31 93703
13 41 61326
45 46 20986
34 33 16127
16 12 53200
46 47 58473
53 14 39779
14 37 73731
26 19 15801
37 6 48196
41 10 47397
48 51 27391
8 55 82088
14 11 30081
16 9 84677
39 35 46461
42 48 32801
22 11 44221
33 37 8441
51 43 10719
41 14 68213
20 52 71305
35 5 71560
40 5 2311
28 23 95931
38 1 92181
30 26 29011
39 27 75576
38 29 19202
16 37 98602
35 58 89664
31 58 23809
28 36 1765
30 22 23909
58 10 91724
43 25 76776
44 10 27021
15 20 85108
52 9 5059
61 55 94921
13 22 82040
32 46 54313
29 15 34531
34 24 50133
53 52 86337
4 31 20535
46 5 111
32 35 41521
37 41 78686
33 16 23809
24 18 66361
39 51 44353
23 21 70658
34 28 97255
27 14 29353
43 47 44973
59 22 4149
41 31 57927
52 47 38129
42 48 17891
8 39 46724
13 48 87815
51 16 80295
28 26 36425
35 2 88469
10 61 98235
24 61 92600
45 11 35051
38 51 57454
17 57 49089
41 19 72185
11 39 32571
29 51 36129
5 30 61729
34 46 86935
14 20 8833
17 53 91860
40 6 95501
17 10 34383
11 37 57591
32 39 16641
41 57 97150
11 60 94646
50 37 62431
24 39 68386
18 11 63535
7 13 73441
13 52 33847
47 32 56307
1 33 19553
21 28 98670
59 21 29749
55 19 57063
6 43 19483
39 29 87794
57 40 62596
23 20 22251
7 53 67138
11 20 95365
40 51 89567
50 42 12212
5 8 38821
19 31 26606
55 43 7301
55 1 74582
10 5 91001
24 31 66213
3 57 2180
57 4 78100
56 11 98462
9 46 61681
58 41 99223
45 6 70700
49 43 52166
18 43 50261
33 46 66180
33 5 81841
41 39 65576
2 61 31437
2 40 38081
53 60 82721
5 31 5106
21 57 29291
60 15 10105
17 16 22440
36 30 57299
2 37 45201
12 14 54357
17 61 54505
25 9 8971
16 46 36939
41 20 48969
40 53 19361
41 59 66431
38 51 22959
10 60 17954
19 50 29661
14 37 32675
36 26 95623
61 41 58976
54 42 59372
46 8 37029
38 19 30209
54 57 49437
55 54 91047
32 13 21845
5 39 94324
21 42 26261
14 17 68971
12 43 50146
5 35 28629
58 46 7956
48 21 96936
30 55 69347
5 6 30037
2 41 2306
8 5 73789
25 1 4331
24 42 899
15 46 14237
29 44 19977
20 13 90597
42 46 97651
10 57 60537
57 23 35452
23 3 7249
50 31 26130
7 16 78534
6 48 47947
11 46 94697
1 49 94501
28 15 3044
19 4 36305
13 38 77330
21 10 79161
56 23 6219
37 34 4329
56 17 58274
38 24 11681
11 4 96809
8 49 19698
19 49 77861
60 58 83098
40 21 33243
10 55 1228
44 28 24545
47 14 83216
48 33 64433
51 52 22061
57 25 83772
45 14 80877
57 48 28413
21 30 62870
53 14 80966
10 50 89313
27 32 66073
38 8 81324
8 61 16738
26 45 28329
26 14 87289
24 8 36487
40 29 61756
31 18 10051
14 1 53245
42 51 32379
30 49 54841
48 51 35425
19 17 7960
22 58 24481
55 32 83361
20 31 88037
34 30 78797
56 25 79040
48 3 70185
31 28 70118
1 55 75395
44 46 34801
51 54 19601
17 13 53521
33 6 66091
21 37 37446
60 29 7319
31 22 60996
20 52 55101
60 37 69752
20 13 91148
18 16 78523
6 1 35741
48 11 54729
53 13 5799
14 49 51411
58 17 5596
53 19 54061
6 29 33233
14 45 52206
2 49 77521
30 24 37961
27 24 49474
44 48 33109
26 43 68933
12 24 40527
52 44 88743
45 1 94427
28 43 39602
54 13 99567
6 34 22184
49 27 77769
21 33 1985
33 24 30209
28 26 91297
29 30 23645
15 49 131
45 21 59444
14 54 22881
57 12 21092
18 57 77978
29 28 14951
23 55 94873
3 60 86121
16 15 21174
51 37 82529
47 52 77721
42 8 39806
25 45 5192
59 24 35640
3 54 35121
29 59 47601
46 9 82901
44 26 16823
4 19 6923
6 29 34717
2 53 91952
60 28 31976
31 61 23461
19 33 55025
57 15 89101
16 59 93039
58 24 30849
6 38 89783
16 46 65371
26 15 79737
4 5 37381
38 41 93553
25 49 79901
39 58 18046
2 15 66270
18 34 16007
30 11 84861
45 31 28100
35 43 82342
52 23 90423
16 37 34433
45 16 25761
55 50 54950
48 3 76801
38 43 24523
43 27 54929
53 19 36239
24 60 16473
50 4 98981
14 31 89341
32 34 89921
23 8 146
59 55 80925
18 14 80099
4 17 1467
53 39 69649
58 47 62641
26 47 66299
24 45 74791
38 18 41441
22 2 97377
54 15 21381
56 34 91953
12 45 29523
22 56 353
56 3 65751
45 1 84726
32 34 12497
1 19 20849
32 39 61351
35 6 5505
45 23 99676
56 42 99545
46 5 93770
60 4 98969
43 25 79435
28 26 72835
52 8 80781
33 23 45685
30 56 54018
7 4 53569
27 48 53797
1 11 4461
59 19 5146
10 32 59827
33 37 40881
40 30 68845
17 8 65812
61 14 22156
14 1 73353
41 38 47961
44 51 69951
38 45 41493
41 8 30005
23 33 87441
33 40 86099
61 5 21871
39 13 94775
20 2 50109
33 24 11012
48 23 75621
40 45 70717
18 32 33829
28 16 93285
44 18 96775
14 18 94725
41 8 13565
40 7 16056
41 52 94091
23 41 10897
23 11 14685
57 12 95160
20 32 83408
42 4 90671
15 22 86037
39 32 78737
15 36 79451
57 47 25478
21 7 50186
31 17 16441
27 55 17383
50 8 90409
47 59 99572
4 12 84893
42 35 49631
60 52 72221
4 22 39000
40 35 7690
18 16 545
42 57 84751
6 54 8553
37 17 237
50 11 28585
15 12 43869
49 3 5453
53 54 26601
4 37 53705
13 42 9811
6 26 72752
16 51 75185
39 43 72205
21 39 60401
40 39 58050
16 22 45601
42 13 77285
47 35 90865
11 38 47351
27 25 51909
24 52 23291
14 3 74425
53 18 41115
42 51 58365
31 46 31201
9 54 4241
31 20 89751
21 43 61806
57 21 93763
59 2 74364
54 3 57860
60 26 52511
21 43 95103
29 3 8876
28 46 91109
15 5 87196
27 14 56853
26 22 76489
38 14 41727
53 19 21109
22 13 25379
44 40 62862
3 20 36219
32 61 56545
55 56 88301
17 39 53361
31 41 27935
51 24 61921
56 52 96216
16 26 14357
13 18 26513
21 5 67940
33 11 76871
37 58 45808
2 4 48726
24 8 84817
16 52 88253
32 56 1635
6 45 10367
6 27 72125
53 44 20109
54 13 38111
56 54 3984
10 11 58085
54 55 7827
61 49 333
13 1 69405
32 59 7299
35 24 57847
58 5 79284
45 44 99459
61 8 86485
27 32 22319
18 53 50936
36 16 55311
53 22 75381
17 48 53931
46 33 61006
59 57 6906
47 2 89165
8 15 67513
2 56 96221
48 28 66239
52 34 24083
29 45 74653
38 22 8936
30 27 87971
9 2 8376
14 51 51699
18 39 34333
30 60 61103
58 9 95281
31 16 12378
11 4 31881
60 9 340
17 26 51068
10 39 32011
12 32 24740
17 32 50876
21 32 15289
50 46 91244
14 56 74941
28 26 90429
38 61 94537
55 43 54351
24 9 74460
47 24 5896
51 60 3265
37 9 30854
39 32 56308
2 46 65289
55 48 72059
33 53 77895
10 9 58773
48 53 22941
34 14 56461
61 29 77862
39 30 62846
3 55 60801
9 48 16231
20 19 74964
28 58 54869
47 36 82287
15 48 78615
27 45 35621
30 37 95698
29 1 24501
45 2 56920
26 46 89865
58 44 57011
45 61 59485
45 55 68975
39 31 78451
19 34 99128
18 12 28161
37 13 12412
54 41 15160
61 5 38699
14 41 15073
32 1 35828
24 21 34721
3 19 38791
32 60 10639
11 35 4197
30 27 51155
4 24 23251
52 45 39467
25 40 16777
57 23 93955
46 35 69729
36 39 54700
38 35 96986
30 11 91365
4 40 54061
18 56 33681
32 40 54132
50 23 26149
2 25 24641
31 56 42421
60 55 25890
23 1 70400
55 25 624
31 46 52523
55 30 37493
47 19 972
43 4 60499
43 48 63763
4 49 81539
11 45 91297
18 4 99489
58 36 99921
55 13 93441
36 1 32772
46 18 50507
44 50 79786
36 34 86361
26 55 18001
2 57 8916
19 52 68833
54 24 62203
24 2 95101
48 20 86253
40 52 944
5 40 16106
23 37 64326
20 5 59579
15 1 85247
14 40 3601
54 27 46041
8 46 311
34 48 61878
59 2 35571
2 1 11673
27 20 48920
3 60 74659
2 3 83873
13 53 64400
10 39 81171
18 34 91767
41 39 72139
14 20 38700
13 24 54683
58 30 34965
54 28 48394
3 4 42230
49 32 39933
19 54 74561
52 19 82137
55 32 96181
18 44 78421
61 45 67996
41 1 6763
18 45 38668
9 43 44001
14 26 93569
31 30 4781
7 43 67052
4 58 91273
51 57 24801
45 6 5236
49 5 51826
20 33 47381
54 23 91626
53 38 88971
32 9 75737
47 48 10865
3 22 54913
59 17 36644
15 18 21000
3 16 43001
29 53 70625
31 6 62688
36 26 26815
22 21 35651
14 41 98246
51 1 22732
42 29 60175
23 20 56641
37 22 17603
25 49 2717
35 16 48308
1 49 26297
61 28 51710
27 12 72008
45 16 11745
12 38 1446
51 26 86291
34 35 25121
53 19 94220
45 11 86271
32 28 35809
51 55 68881
14 4 69393
10 4 85349
32 28 50347
18 26 25921
45 37 6101
15 18 2037
33 54 80923
3 17 6805
36 8 86624
56 36 99397
30 31 9861
34 38 20001
21 26 30465
29 26 54083
26 48 43895
10 11 41925
48 50 16108
31 26 2556
38 26 7189
5 19 33483
55 43 71714
35 31 16572
20 27 30361
10 33 31407
20 49 82823
42 30 33161
23 12 11241
24 13 26006
53 30 45155
10 24 1717
30 32 56476
52 46 92536
61 13 88221
60 53 60529
35 53 82753
25 21 15913
2 22 60133
43 9 20774
53 38 76052
9 32 20768
38 19 34390
46 10 29601
46 33 58269
46 20 7987
15 48 77748
14 12 58849
24 40 12207
7 19 34102
43 54 61557
61 57 12449
35 16 74577
33 55 88601
29 4 75469
37 50 73961
47 38 26678
7 34 83985
56 48 16101
46 28 85641
17 26 46747
3 22 23327
26 55 272
52 3 91525
20 34 31833
15 30 64751
55 46 19064
30 55 51113
39 49 73537
30 51 87985
21 47 33991
28 21 83551
60 19 82941
7 22 38469
45 4 70151
6 49 70143
44 32 7455
46 45 75289
42 52 49721
48 11 47034
37 3 64965
13 40 42761
42 33 83327
7 47 97898
14 18 43137
16 17 21542
6 57 95208
47 18 58141
42 26 82680
55 46 95489
45 8 5717
40 28 88761
28 20 49511
38 42 14805
49 37 76765
43 26 96876
33 42 48001
16 36 73371
9 55 67443
52 47 96581
40 20 54161
13 5 32841
49 57 76929
43 37 60201
22 26 24608
23 60 14795
43 46 80769
32 49 73751
53 15 80076
52 10 57758
6 27 1493
51 4 48760
3 45 68476
33 61 44063
25 23 5767
4 56 12803
58 14 94481
8 32 13068
5 1 95686
48 3 55625
2 27 33133
16 55 58441
27 18 22921
14 19 64351
21 43 77946
11 47 82251
9 29 39594
1 56 60221
56 34 45235
58 1 80732
24 59 90181
47 26 87247
27 46 11335
47 8 48591
39 38 81623
59 24 97526
7 34 60579
18 56 1833
60 22 60779
52 18 14179
17 26 76721
26 18 76953
18 53 90225
19 17 54961
27 46 93329
18 12 11941
24 23 75033
10 29 63073
1 15 68685
54 59 38191
5 9 36345
27 13 87061
41 4 22761
36 53 69582
56 6 41277
16 5 53030
3 24 74428
54 31 2171
8 32 32279
46 38 99268
35 43 51249
11 39 93261
19 5 43185
14 18 8541
57 39 92325
54 19 28405
8 1 5301
42 38 48801
30 4 15257
28 61 58469
17 30 37585
23 22 44213
2 29 15805
13 61 61601
60 48 32993
13 35 86985
14 51 73473
13 56 56501
29 21 5181
11 55 17697
18 7 79493
45 41 52125
36 29 8197
54 13 25633
4 42 65262
14 60 6561
50 44 93073
44 15 53581
38 19 68520
31 23 68149
37 22 20343
54 50 48649
45 33 52148
51 60 6856
35 16 25489
1 31 35147
34 25 45481
59 18 3199
20 45 68370
60 36 12103
35 12 63901
25 36 31351
25 32 51321
33 17 1239
24 48 96814
25 37 31156
61 59 11111
29 37 78066
41 14 23895
42 32 14401
8 55 38099
7 57 96112
26 54 78665
13 7 47305
39 27 59453
44 39 56310
30 43 26041
46 18 47441
50 57 32926
34 44 86821
13 6 47838
4 9 17261
12 37 61284
32 17 10427
9 43 67889
53 6 79693
17 47 74077
23 27 53433
12 49 51156
33 47 76993
1 22 6489
38 19 52049
10 32 67380
15 54 46705
53 8 64053
38 35 67950
46 61 96670
50 37 80718
6 5 80876
52 8 92273
4 3 89076
15 24 67215
56 2 82426
30 6 27730
43 39 24577
43 23 64501
16 18 58916
50 20 5101
45 58 64336
58 34 89372
47 37 25647
52 24 83827
47 20 3053
11 42 98669
1 54 80377
11 20 64766
40 31 19201
12 37 21073
61 46 37516
53 58 20093
19 31 65056
50 6 65366
25 3 61201
44 1 22411
39 9 94497
7 34 86661
46 53 84618
49 14 48441
16 29 71641
20 18 62414
2 18 58373
2 18 91101
45 38 81459
40 27 63037
34 7 59206
24 10 50317
47 19 56058
41 46 12687
9 44 55093
31 19 41603
21 60 49336
21 25 74139
19 1 92871
51 32 97477
21 48 30459
49 59 5236
58 59 81507
58 14 61201
43 34 95456
46 21 67385
56 31 95889
41 56 80109
49 33 42533
28 57 85286
29 41 25601
2 32 48351
51 43 50019
34 46 92888
23 20 19201
41 6 27379
60 13 35393
3 22 36313
29 56 22785
27 20 62637
51 2 29163
60 28 25212
47 30 93088
49 37 16351
1 55 21691
42 25 88579
40 53 82741
10 57 55371
13 38 39311
9 23 70616
36 18 55510
32 58 71845
9 7 1853
58 13 65601
57 24 2057
37 9 48161
54 40 55073
48 31 39995
42 54 24801
61 3 68423
48 57 82393
39 32 83778
55 8 95509
18 57 31122
13 3 71761
15 16 32296
33 12 89549
52 61 37791
20 32 73362
16 15 15089
23 40 10067
30 59 86393
1 10 8673
41 16 8574
20 3 28409
36 26 54935
30 26 44965
30 23 32683
44 18 75581
53 51 81433
15 27 97016
21 55 24276
51 33 30033
16 47 12965
24 15 43997
36 52 61491
50 2 13774
24 59 73193
22 60 47339
44 21 93353
55 58 38026
34 31 91801
39 57 9601
49 31 70309
8 16 65121
22 54 5911
41 15 79201
4 39 40721
24 37 17813
38 44 76136
41 51 62971
28 14 17541
59 20 17651
1 4 85225
34 31 39169
3 21 25551
43 44 43001
7 5 37691
14 46 14539
21 13 6941
24 30 17641
24 47 29780
31 2 1287
38 16 82855
51 50 22501
49 34 97681
26 9 57614
45 13 81978
48 24 76753
1 25 4342
42 37 10841
28 21 9411
43 24 62438
34 31 79374
56 30 76258
52 29 27811
18 10 14995
6 42 86093
49 57 34974
19 3 78245
7 26 1593
46 16 3994
60 34 10609
24 38 59136
15 2 44377
26 19 65565
14 20 68641
6 16 7005
6 44 16783
60 44 18537
27 11 56401
8 24 38891
45 49 86441
48 27 73806
15 31 14667
11 54 28849
16 35 56155
1 20 12341
40 27 35106
19 51 58226
45 55 35958
36 33 10705
53 6 11669
2 3 37045
51 26 55461
51 26 59048
20 45 980
50 20 86934
26 8 45665
19 36 61556
26 6 28427
34 32 97001
59 33 47603
25 31 7061
61 8 39571
24 36 65326
49 22 59701
45 32 3953
24 31 60617
2 34 1775
9 20 35943
43 5 58601
4 31 441
4 30 71946
61 10 28879
17 6 50431
37 38 63837
51 47 72897
7 57 20027
42 35 79586
60 36 92433
6 45 70653
8 26 30146
1 37 64693
33 31 15811
42 24 52776
23 7 71210
56 12 37911
23 30 11815
45 9 40461
6 49 90321
48 40 20097
16 47 1008
24 17 43388
8 30 49656
46 34 4063
61 5 73041
37 28 83811
26 27 86801
48 45 48937
56 8 91806
43 29 93534
25 59 76789
41 12 42567
32 38 49421
55 30 34023
8 40 82820
57 28 89391
8 55 28221
46 47 84995
7 26 40243
24 43 97425
44 3 5385
30 11 82117
20 21 42653
60 24 74549
40 43 75923
38 7 59813
55 17 82446
21 4 15548
21 15 38373
1 17 85512
59 17 38049
39 51 9401
25 22 83851
7 52 38695
30 33 7226
52 54 2995
1 37 84985
54 9 39331
53 47 40622
58 56 53409
5 43 34251
7 45 47739
8 32 35851
59 28 99953
55 19 90966
48 38 71274
24 55 12523
29 1 753
30 42 74177
49 53 72991
18 9 70261
3 37 16728
21 1 1393
54 56 11103
16 15 25325
12 32 27863
42 5 66197
39 41 86486
60 35 94931
25 57 1080
17 22 4413
49 47 11241
3 31 12371
27 7 57974
46 39 12811
24 39 37669
43 48 55961
28 56 96647
45 40 21289
27 13 75445
22 40 57027
30 36 98947
26 9 13411
13 27 89366
16 4 85042
10 40 60521
4 10 98452
25 19 93884
5 16 37976
43 14 68323
34 61 68646
47 48 95045
60 19 46511
57 58 21533
46 30 90293
50 11 91993
31 55 24327
47 49 18542
44 20 66401
33 23 13673
44 26 28701
40 46 14713
22 52 14611
47 41 48321
58 48 28527
46 55 68683
41 4 29600
31 19 13681
47 39 80925
25 31 36353
37 46 15166
33 26 68560
55 20 39471
56 30 37957
45 6 61451
4 24 11371
36 12 58952
28 58 5441
52 19 7872
36 48 68745
37 24 90431
45 10 3381
15 32 55210
58 41 36385
42 36 4901
28 34 40385
60 51 39569
47 39 52576
47 20 1871
54 49 93753
57 9 58055
19 35 82406
31 10 61889
29 45 55278
58 45 502
20 39 35451
14 27 52377
44 16 29541
52 20 71473
17 37 30217
5 52 72864
42 55 64501
36 16 32996
42 57 89009
25 33 37427
11 5 58241
31 21 35627
13 6 40911
16 30 24417
24 16 4497
12 38 82058
28 38 73628
33 51 38241
34 3 66285
60 41 54187
22 52 28168
51 17 56161
44 20 67381
53 60 7872
29 10 28101
52 48 72661
59 20 66887
44 2 7113
29 53 78860
14 58 3171
30 13 68193
51 50 18750
17 56 82101
56 6 23244
29 59 5601
23 61 71086
13 10 15899
17 34 38878
17 5 2989
45 8 67701
28 38 42267
23 5 77184
36 5 91961
37 56 777
14 53 68116
30 55 19151
18 43 95565
23 10 81919
26 44 83465
45 57 15845
8 31 40205
12 51 88937
14 30 98001
18 20 407
51 9 97841
40 30 19681
30 37 16517
13 16 39483
11 30 76382
60 53 31249
49 34 34825
25 57 90225
53 16 66701
17 41 1215
11 12 20561
33 43 38513
47 58 19477
9 28 31365
14 43 29501
11 32 62585
58 9 69665
31 25 28657
3 48 87537
28 59 6593
30 35 91161
20 46 71221
36 26 49721
58 23 96609
41 40 84877
1 45 68333
54 8 4233
15 19 24539
47 26 23029
17 37 53544
43 35 71269
37 19 20621
47 37 29308
11 40 76830
33 35 66207
9 24 4589
60 23 83321
29 32 33106
3 58 68086
25 23 51313
11 32 13097
25 10 84575
56 55 78061
48 42 73989
37 8 14841
21 55 51596
19 35 50493
1 51 46885
60 28 96505
2 19 7626
44 10 14905
11 36 89349
27 21 3421
13 5 202
25 53 30131
8 34 7701
8 32 82246
28 2 14621
27 47 55013
3 44 27961
11 49 56869
53 44 47941
46 60 75463
11 7 44713
59 54 96567
58 39 24751
53 19 47441
10 19 836
9 49 5993
3 29 74101
52 48 43021
14 28 60040
59 45 95276
10 20 24921
46 53 50761
28 4 74531
1 24 69297
18 26 31155
20 42 69265
18 48 72732
26 53 91361
57 43 92358
28 39 46
17 7 94222
20 38 59721
6 44 16837
49 3 39461
12 11 10666
3 59 12124
39 27 16095
28 18 1101
31 1 20909
29 34 86561
25 21 51861
7 21 44276
10 16 16847
52 33 93123
21 25 70365
32 51 19461
52 10 81301
36 31 5225
55 54 80193
17 26 22801
9 37 44639
57 55 39451
22 34 18581
53 23 25417
37 12 7407
18 28 24497
29 61 9183
4 52 37519
34 45 28825
57 3 45576
9 52 40136
32 53 90868
14 50 15697
49 10 18946
34 11 1441
4 56 62477
45 41 61569
51 22 1980
37 42 25514
26 3 20232
25 18 52297
47 55 31948
16 21 75781
28 52 62313
54 26 78928
20 9 38849
56 42 64423
20 47 46161
23 14 18945
23 56 66401
36 40 86218
12 30 13777
6 5 31737
9 14 67361
1 11 95000
37 27 89803
21 23 16151
52 54 45023
25 7 82107
14 3 51576
57 9 44678
45 11 59762
14 3 7073
36 11 21165
49 58 76571
34 61 27976
57 9 27969
16 29 21549
44 59 88741
15 8 14086
54 15 36157
12 29 9345
55 29 49333
41 15 61057
9 14 70701
28 56 95953
9 19 79503
50 6 3397
52 59 72645
9 6 34663
41 48 12225
47 35 80785
30 55 72683
18 19 20417
5 1 49476
53 7 60621
53 4 74890
10 40 39794
30 41 56151
59 6 46363
19 16 18563
29 44 43850
15 57 54363
7 53 90899
35 11 12857
30 22 21033
9 17 23919
14 43 82101
61 8 5509
53 22 18425
29 21 32745
53 39 62963
4 51 39582
16 45 98038
47 50 49073
54 8 73631
18 31 95521
9 56 26798
4 25 13371
16 37 91277
45 46 1831
30 50 75833
33 46 91529
13 44 90541
60 53 41975
13 33 14875
2 30 65653
11 58 2875
18 44 81921
51 13 49141
61 23 14841
33 18 24526
45 21 99489
28 13 17159
38 23 83315
9 18 90095
21 57 82564
46 4 1318
14 26 21413
45 30 63793
45 61 32570
56 43 82806
26 44 41348
50 30 80119
41 7 39343
29 50 34931
60 39 82177
4 48 626
3 4 13425
52 27 59706
16 26 47966
16 3 70211
57 5 60229
11 32 86085
8 14 93309
26 44 66881
48 44 67751
51 59 99055
57 36 22665
21 19 83756
41 1 16449
31 54 49712
61 26 39125
1 3 26121
15 1 12897
4 9 89353
1 35 37281
17 3 14671
29 40 17385
13 27 81136
50 7 63219
19 57 85650
5 4 95441
44 20 57636
55 24 40400
9 54 92858
57 49 91162
42 21 97401
42 1 64161
55 26 55309
22 23 58305
24 20 55579
54 52 86855
43 2 71601
11 19 34392
55 13 21369
15 41 45726
1 61 4571
8 29 13499
38 46 94934
47 38 78449
49 25 36169
34 17 28207
61 30 17391
19 54 23281
40 45 29428
13 50 55684
47 42 79791
15 38 36592
26 22 51151
60 11 82898
33 17 51041
56 40 66153
25 26 65308
4 25 7251
8 3 56203
53 37 46788
20 23 35372
23 12 11209
13 18 97549
41 53 35109
3 50 31369
14 20 13559
28 43 68473
55 57 48181
54 57 81295
40 7 72233
9 53 79401
6 56 98921
34 30 83289
27 32 82969
29 41 14467
17 39 64673
31 23 14561
40 2 88493
53 14 28705
22 37 95123
1 26 95934
25 28 59231
16 38 390
50 47 83265
49 13 65397
24 36 2945
40 7 14435
58 22 61825
24 21 80276
7 18 63
14 2 63096
25 23 21351
5 39 49089
44 29 91457
35 9 28601
12 15 43729
44 14 93648
7 27 72649
53 59 87752
47 11 31777
59 18 16481
1 19 98056
45 5 2181
27 37 66606
49 15 36842
53 50 85745
24 25 36326
44 61 68890
29 28 87341
41 13 19017
35 13 87559
13 20 22257
42 16 97421
2 52 21746
56 31 24761
56 16 35089
29 60 35430
50 49 90598
21 58 27169
39 45 75368
50 39 76041
37 45 54561
20 35 14946
34 39 11647
48 13 65808
10 7 5729
44 50 45051
41 50 43181
39 38 35016
6 32 13441
15 11 40314
50 29 84841
39 44 90495
12 30 53438
21 10 55111
43 57 76067
4 12 94381
14 16 58614
46 29 64988
10 26 84401
40 16 38677
34 57 69140
23 26 83719
16 27 96206
31 25 85904
38 10 20609
55 2 65637
38 37 92820
23 37 40511
42 47 45489
51 56 51351
16 8 95339
19 52 50918
30 4 33019
14 54 71255
11 49 54895
49 42 66497
26 25 4753
22 56 27576
4 47 46881
28 47 3913
50 11 223
28 29 32061
35 25 84641
49 40 21339
56 57 20043
39 14 67884
41 23 17901
53 15 55357
60 41 97361
11 54 81949
50 30 50420
13 1 6291
41 2 30121
48 27 96561
53 24 68231
24 45 62751
30 61 82893
20 18 67421
17 1 94737
5 2 50853
42 57 8785
22 29 37315
12 7 15547
22 15 13541
8 36 98721
57 35 82291
24 31 7925
17 58 42715
30 3 67009
30 36 70641
22 50 49083
59 9 63681
36 17 45897
44 42 45541
8 53 18401
49 36 62442
43 6 63935
21 23 42672
38 32 9037
46 7 45359
9 17 80913
36 2 88242
57 1 35250
10 1 86666
41 11 57997
9 26 43545
43 55 8719
17 11 75868
44 14 86297
27 51 71425
43 46 26476
57 19 37319
47 57 78210
25 27 83381
14 25 42258
2 19 87126
19 18 46339
44 9 59430
6 40 72017
37 45 76876
50 6 56645
30 12 847
48 49 85581
25 34 45605
48 50 82625
6 43 41601
17 41 28901
36 6 28760
44 29 96422
48 5 13816
16 49 72770
41 17 63626
8 44 23401
57 14 98605
50 1 24565
9 12 96891
34 22 88222
29 54 24727
38 23 16526
15 16 62833
21 50 39471
18 59 66151
29 41 67861
12 2 52873
23 53 57316
29 1 11529
13 31 37801
54 14 61665
28 12 88309
4 50 2105
3 30 45376
39 41 12257
43 46 41767
17 33 48797
38 5 57511
43 26 87547
6 61 270
33 26 52617
6 9 6392
32 25 99828
25 33 54829
15 57 88859
30 60 29357
25 5 34625
46 59 31445
51 52 1836
39 23 51081
12 25 58138
19 61 89233
48 49 19279
35 24 45053
3 41 57013
25 8 29731
48 33 66177
2 32 55353
26 5 50289
53 57 91268
51 7 66241
16 39 31055
44 20 30881
19 41 45027
28 50 41975
42 22 43217
59 41 80963
40 12 17014
35 33 8429
32 10 81129
53 59 38799
53 44 54309
55 54 37682
20 33 66307
48 25 82013
43 54 47531
7 22 80759
31 48 71609
43 13 89776
5 44 65069
46 55 41391
49 38 74729
49 31 64865
24 42 85945
58 13 2361
5 53 55187
33 39 26231
51 20 49577
46 36 66890
31 29 38913
45 4 56254
9 4 2225
22 10 46986
24 25 78501
1 41 18798
9 26 14969
36 44 86067
3 20 67191
4 43 12718
51 6 45373
54 22 50101
15 33 85680
52 14 70042
5 7 16839
21 15 49727
42 23 68735
57 31 80897
37 36 62139
37 28 76469
51 61 11098
13 59 80389
15 45 6493
30 38 35577
56 57 17341
19 7 13707
42 3 11924
37 27 40893
8 21 97105
51 34 19917
48 53 91815
30 42 73653
38 42 63235
6 53 7335
46 58 87233
22 26 53963
53 12 60225
39 59 86073
41 9 75727
15 32 30945
14 43 78048
1 30 95426
29 15 7624
10 30 53223
39 26 30932
8 57 4161
28 14 50732
26 54 49293
49 38 84009
11 60 53501
17 19 79717
26 12 46721
45 56 41585
25 6 225
53 13 85271
1 18 92537
22 27 43085
4 11 44165
1 47 55061
1 6 26113
20 61 95622
35 17 16401
2 51 35106
56 60 7897
44 48 48393
11 21 53751
46 53 92876
18 61 70753
29 34 61899
16 52 6902
31 37 81693
7 46 48527
46 58 5195
52 19 12361
14 20 42415
10 22 35281
48 15 24441
14 8 45171
49 38 4906
19 14 11922
54 22 26681
9 13 46785
41 36 85571
36 54 15701
46 19 79159
50 39 57981
14 20 71377
5 37 93617
60 8 26581
58 9 66677
4 59 33157
41 6 23509
49 23 66979
9 56 97301
43 18 10234
36 54 32741
37 19 85341
35 29 37401
28 5 86049
35 13 61243
38 53 62494
4 56 88690
2 5 29641
24 29 31037
43 59 13461
46 53 61187
49 60 24397
4 32 76501
8 40 95101
38 15 3781
20 18 41115
8 11 70641
8 60 32617
60 51 42736
9 1 73236
42 2 1138
41 6 30345
13 10 95475
42 20 16511
53 4 43287
36 1 60368
57 36 3823
49 15 61081
29 49 73161
32 13 29001
12 55 25062
27 42 90148
48 60 58001
19 25 26745
20 22 70837
25 59 51729
10 16 82074
45 7 60806
37 17 52162
22 38 21843
13 7 99598
26 6 12245
22 2 88585
27 1 93057
33 59 92705
4 47 69707
30 16 50281
61 2 95015
15 19 40865
4 32 33825
25 34 11690
29 50 91657
58 4 40869
37 26 67741
35 24 14861
5 22 92846
20 2 12826
55 5 98226
16 55 91888
52 6 47681
25 61 77216
3 6 45087
42 18 75741
59 19 16784
58 10 7621
50 18 47231
53 7 31601
3 36 14753
15 20 55018
52 32 16969
8 58 61186
33 39 50985
59 4 25231
54 50 84011
47 59 53537
49 27 63221
50 8 99165
29 49 96075
56 55 23233
46 58 55597
25 32 62956
45 51 30011
20 38 79521
1 54 29119
53 55 99856
58 18 45581
18 35 16601
27 28 16328
44 57 96107
51 8 78761
27 49 61187
11 20 97539
43 23 90441
8 25 96869
52 61 89825
55 24 38426
42 10 50435
36 6 3545
14 38 25601
34 5 18453
14 58 58785
38 35 41593
14 52 24734
14 55 6876
20 31 1697
61 1 40071
1 44 289
25 3 49981
34 38 64475
52 31 1033
25 29 93801
51 31 50390
39 41 53814
43 25 3411
52 20 65553
35 48 66677
10 50 18306
11 5 60305
9 49 75101
61 10 79719
35 4 31628
17 58 9601
26 55 87519
43 31 55061
32 16 52813
26 17 37281
40 16 42956
33 7 79825
32 40 1441
29 40 37281
1 37 31681
14 2 1348
54 28 12619
22 28 80736
53 28 44217
52 60 25175
51 18 91297
17 20 66351
16 22 78229
32 12 15652
7 10 41051
43 42 66089
19 15 36826
9 17 42675
41 5 39569
26 23 73441
60 56 8064
36 47 61565
13 47 1409
39 25 55481
58 61 40876
2 32 93527
6 19 39307
54 34 16500
13 59 39141
54 52 64155
28 21 14517
28 43 19329
4 12 31384
18 16 62765
42 22 21498
9 7 81793
23 45 90091
29 1 46639
24 55 38251
56 47 5499
12 51 31283
30 56 73376
44 48 38453
33 54 10542
16 22 6828
25 8 10877
3 14 81939
44 8 25497
1 10 38757
58 18 42921
54 27 23357
48 24 3776
40 20 1666
60 13 86216
24 1 63137
21 27 33601
1 38 83769
27 19 89001
52 11 52955
20 56 48746
46 16 40969
58 57 6375
2 29 92445
4 20 53185
3 55 58177
5 52 52549
43 57 74657
17 56 13112
17 45 81153
14 5 93371
18 26 29705
59 54 52021
11 57 44721
13 28 29821
54 51 33247
18 31 81535
61 39 25128
8 24 43292
45 32 99025
44 52 35481
4 30 59915
31 8 19884
51 27 92296
38 25 91731
42 52 8249
10 42 56486
5 53 44277
58 49 80276
7 36 97298
52 43 21205
36 23 8240
6 39 89721
12 53 96325
61 59 93712
28 12 97985
35 40 43056
11 38 64876
10 56 41583
33 25 54601
42 54 64489
45 47 25850
61 5 4540
12 13 98401
38 61 64751
30 50 69109
21 8 24401
35 11 3554
17 18 75586
60 36 98116
34 57 46961
25 39 66213
52 19 47421
5 11 59191
44 58 12473
25 15 26545
23 45 10805
3 35 91726
1 61 2059
10 40 86237
15 11 9503
11 7 51268
18 23 55059
13 45 72965
9 6 47997
19 21 54125
19 11 38601
3 51 75409
37 24 96641
50 39 1925
25 59 25729
48 2 14034
24 17 87201
26 19 34001
2 24 72161
26 47 64799
39 21 47101
13 24 86805
50 61 48656
54 32 79211
24 26 92551
13 44 1852
4 35 5999
26 29 49166
45 46 64112
35 52 1981
6 7 87870
2 5 32611
22 56 85236
16 57 6741
25 8 59521
39 38 28751
11 19 42377
40 58 82954
44 15 71346
12 11 7392
45 51 97301
57 39 38457
7 57 32573
47 43 39307
7 33 60401
18 27 58454
2 60 79889
31 8 23491
34 12 9403
14 28 79636
60 1 71196
21 42 88588
49 45 38321
33 29 12405
3 44 54854
9 30 11897
55 24 4776
50 42 4269
17 21 38261
29 5 63887
36 31 54621
43 60 69196
58 31 70281
35 31 93346
43 31 23841
48 46 52945
52 53 35501
3 27 82069
34 46 6557
15 9 82083
43 46 46090
59 35 67164
9 4 87070
16 20 27873
46 32 98302
54 52 3490
40 39 26721
12 16 19461
45 20 46223
7 33 70641
23 15 78799
2 29 91263
27 38 25321
36 40 45321
23 56 43745
14 56 85365
35 33 60611
20 14 79154
19 59 48855
61 27 88133
1 52 50111
14 24 42851
15 34 1207
34 15 34977
3 44 4021
12 46 62553
39 30 45201
33 44 72919
3 1 4075
52 30 84040
9 36 15429
27 56 40859
47 29 66955
37 1 47233
14 1 78836
9 42 70898
52 54 29317
3 48 41747
23 15 86471
41 32 8423
48 37 8681
53 49 60161
10 27 79245
33 28 66387
35 32 97647
39 11 20635
11 41 93821
5 61 51434
19 49 1370
32 42 41276
12 41 69839
17 12 15321
38 47 85032
37 24 56103
13 3 20849
59 19 14486
61 58 67201
20 30 90800
14 24 81191
21 14 2977
22 45 16874
21 11 37301
29 16 2321
42 8 56341
49 40 52481
25 54 14657
18 4 24536
56 59 32863
26 16 63647
9 39 70225
38 26 34801
31 47 86237
48 54 58241
50 3 14353
28 40 41103
60 23 30216
18 2 94435
50 36 92229
47 30 58071
13 1 11651
60 6 77997
58 6 48141
36 60 61071
47 21 13153
46 14 32289
25 38 85278
36 18 5830
7 52 76976
2 43 18513
14 49 53239
57 8 92412
44 6 24875
45 46 2361
6 53 47361
21 42 40451
32 35 45631
37 15 20313
6 37 74704
16 36 15691
9 46 11241
38 37 4988
39 53 58488
46 38 18879
51 54 20283
28 40 69003
47 46 97665
38 54 39910
34 19 33801
9 46 44065
41 61 14129
58 36 34526
51 16 64240
46 49 67952
28 12 35785
47 23 93396
52 12 87641
19 50 88037
21 7 72056
23 27 55036
22 4 32266
51 32 29887
56 16 20107
10 43 72434
43 52 23156
15 44 26981
31 16 45353
24 60 38477
33 41 19081
28 19 63966
8 22 20151
55 32 14209
11 59 74769
52 21 26341
15 9 79633
1 20 60389
10 5 26689
20 29 81864
4 16 63149
5 56 8806
10 17 18716
41 3 90484
11 8 49209
33 44 3037
47 57 47841
8 38 16647
28 41 13957
31 61 71260
27 36 86199
11 12 32979
24 35 97351
2 46 31585
41 21 27617
50 20 73585
2 30 62889
53 57 90133
30 17 19809
19 27 84401
17 56 93301
42 49 92601
2 27 55159
51 40 64992
45 51 92973
22 47 62597
8 23 63465
8 3 60882
52 60 69528
9 42 79299
41 17 97210
4 54 21749
26 43 24138
8 13 97833
18 19 42161
44 29 17853
53 4 75666
61 32 64709
20 14 82703
41 50 41511
44 40 37763
27 57 93310
18 20 2085
23 14 65381
3 60 26901
26 44 9937
47 9 97281
54 27 68135
41 18 1151
51 9 82375
57 44 53541
44 8 97051
36 47 67461
1 19 45631
31 32 60294
40 20 65281
20 55 36253
31 20 45801
60 2 62239
39 30 34018
49 27 99457
37 4 79566
47 17 40421
10 51 69211
4 33 5259
5 56 93609
40 44 17437
7 24 99691
44 9 97481
60 31 40677
27 21 50587
33 2 9669
27 29 58475
33 26 90305
26 4 99141
7 39 30641
26 3 59860
45 55 16633
43 58 96076
45 35 1033
34 10 77161
17 37 18745
53 22 84161
20 7 10965
33 48 60579
17 2 40721
37 20 50857
6 59 9730
34 51 40118
17 33 46853
53 1 40592
32 35 55209
14 50 97995
22 15 59311
58 9 96425
7 13 51578
31 18 23897
46 22 9649
37 32 61110
32 53 54203
10 11 41837
22 56 42428
11 4 95065
58 19 89413
45 55 86203
60 40 73231
54 50 2029
49 51 95162
2 5 70061
11 24 35686
5 47 65665
59 1 40158
42 61 30880
28 11 84463
13 14 14999
52 46 54704
41 2 86371
48 45 43457
33 31 83817
48 15 96641
30 7 91177
2 36 89059
18 5 41221
38 59 59377
14 35 21097
59 61 85611
14 47 98664
5 29 35191
17 50 90279
23 18 84592
12 16 543
29 36 75722
38 55 65370
27 15 17
14 5 2561
42 7 71431
7 55 15912
43 37 8441
35 55 66772
57 28 44497
33 11 1895
47 20 30041
46 12 74124
52 57 62369
21 45 88326
17 12 51521
2 27 13215
7 57 95975
40 43 56157
51 57 66928
10 15 24895
38 15 30996
4 18 20537
38 50 65022
47 60 929
17 6 46273
11 32 5271
44 33 86379
5 28 52155
1 54 56525
55 12 86685
35 47 2570
34 36 72865
26 6 51061
6 24 90461
23 54 12218
58 9 23001
46 51 34425
59 26 55367
39 22 91683
11 49 35377
11 5 17161
52 7 98847
28 40 79598
10 1 67681
31 14 70241
52 46 59911
28 55 68121
31 6 39091
9 38 44597
56 58 80863
29 15 83610
44 30 85657
19 37 21531
23 25 65505
50 48 29133
46 22 3711
11 14 18268
52 14 3105
56 3 64889
48 54 126
42 24 92751
23 52 24031
46 37 71961
14 58 86582
3 43 88361
8 27 37929
45 42 83282
9 60 98944
48 31 7094
8 21 41472
35 32 62426
60 37 6941
51 9 50001
55 33 44241
5 51 99661
24 33 27701
9 16 60991
60 41 29921
34 50 54447
37 8 42126
8 2 28883
9 58 19401
54 17 33102
22 37 72047
1 12 79232
45 61 39851
58 36 26257
19 10 99569
44 52 68481
54 13 39534
20 45 91646
29 20 19575
61 17 72165
56 54 28877
19 51 61171
30 36 86821
49 28 70160
3 5 52033
38 37 30498
1 60 97693
56 1 58130
38 33 24593
22 18 50869
47 27 73943
51 37 33689
43 60 86441
28 16 43826
60 30 20761
31 48 74833
10 3 87069
16 30 87981
51 29 52635
3 42 3676
35 59 68857
23 36 37614
25 38 40367
19 13 10385
56 22 61249
10 30 12696
34 11 88485
20 36 6583
12 16 95082
11 47 75551
33 9 70811
17 21 76109
46 38 6418
49 20 82205
60 18 69473
9 58 2673
3 61 94665
8 21 54233
41 37 40545
22 4 13865
36 53 51072
44 5 72841
45 22 28719
17 19 78221
26 2 81807
27 35 82821
38 34 93821
53 31 86161
54 32 36351
3 33 29447
55 24 63285
37 46 63548
51 49 59463
8 17 39649
14 52 38373
42 3 34121
58 5 47129
6 14 4937
52 14 94776
41 34 23101
20 14 20697
49 21 25577
16 8 13141
23 5 12234
50 14 40231
33 12 62248
26 22 84489
43 15 71091
22 26 78605
3 32 64961
35 31 5640
35 37 4085
56 46 74433
16 17 42955
24 54 43341
42 57 83241
10 24 24751
53 11 43576
45 18 24559
23 59 21611
58 39 90841
34 9 5372
10 34 50976
59 5 30515
59 21 96093
59 20 74738
20 42 86861
40 15 21521
18 57 42593
40 44 997
17 48 2913
43 54 10675
13 55 21891
34 48 27201
6 5 23779
39 47 84531
34 4 97230
27 48 50973
20 35 92217
28 26 98211
4 35 11897
35 52 18084
37 32 6261
23 46 21
20 35 75069
44 45 15707
38 50 24257
34 24 40051
33 18 3101
19 26 75501
61 30 6209
41 15 28234
50 48 89
8 49 76852
31 48 90017
56 58 81423
51 48 33748
7 28 49003
12 7 79521
22 16 95899
12 31 45926
4 40 40347
31 39 1743
25 42 85773
17 29 78809
52 59 69623
6 10 57479
28 20 69801
13 45 97595
31 49 6281
45 58 58725
24 49 46822
15 1 71035
27 10 75482
15 26 8007
43 35 90193
27 44 51212
30 61 94557
5 20 26978
29 59 69205
29 28 25926
9 20 25045
4 7 17427
43 37 50111
36 22 79169
21 25 57437
25 27 60553
36 17 76698
6 45 24913
28 9 91358
31 46 76277
25 12 79261
36 12 23119
3 55 82381
24 60 4678
46 16 84255
26 10 23433
25 23 37895
47 11 72551
11 13 76650
33 37 43005
20 55 66649
57 28 1231
27 17 7221
21 10 16529
52 49 11191
20 25 21480
45 22 64661
21 35 45031
45 56 26251
26 52 99305
27 46 90788
12 57 77300
36 25 34020
39 61 92101
38 22 94453
19 46 44421
36 17 32865
44 46 77081
49 33 91809
49 34 63626
3 18 14601
7 58 3681
9 58 45441
54 14 56521
27 36 57122
32 41 63669
16 33 33536
26 45 72077
46 58 23469
48 10 82909
9 56 19147
38 49 98491
60 55 69011
37 58 1721
27 12 2126
33 39 2244
23 54 12145
7 34 3126
13 49 8109
33 45 72683
25 52 75881
10 19 54241
21 61 35801
34 18 43721
27 22 30891
24 6 35438
7 16 63373
42 38 68126
4 41 86721
36 12 81473
42 9 24867
20 51 85893
23 59 21257
3 22 50294
29 7 94973
3 53 88900
33 11 85141
16 55 33960
6 15 88372
2 29 36536
18 13 78001
36 49 94731
21 16 38126
50 16 717
38 43 23303
54 61 18721
24 2 79001
61 4 79875
13 3 65967
18 23 46897
55 37 38713
31 33 71886
17 8 69797
60 10 98714
30 26 22722
38 29 96925
55 35 29287
9 45 90955
5 25 72744
52 50 33775
7 17 65837
30 46 59795
55 30 64428
57 61 10611
11 59 45338
11 53 53593
58 17 21197
42 7 81708
42 1 11377
7 15 38567
55 24 80519
54 45 16743
37 59 82276
43 9 82641
55 10 40113
20 5 35333
5 57 92673
55 41 24458
22 21 48679
31 37 43089
22 29 10965
10 27 95231
34 56 14024
49 27 38817
32 23 15304
6 47 95368
27 36 59441
6 48 80731
15 43 30529
40 12 24190
38 14 46913
15 46 55261
6 27 58829
37 39 34046
57 21 69881
2 44 96059
25 5 93306
25 20 95884
21 52 51661
58 44 19627
4 7 83917
41 35 41496
23 2 29633
11 2 81801
25 50 13709
7 46 29321
59 45 97606
39 33 82732
3 58 78498
33 46 39335
55 11 83431
28 18 32757
59 39 15976
13 14 89843
31 55 26115
12 40 92305
55 21 17757
5 57 92257
2 17 61459
8 24 951
13 31 76057
20 35 45581
48 47 89001
31 43 85884
61 60 24401
18 56 98231
18 32 66921
56 21 9407
28 47 23079
40 38 14593
2 40 68974
38 48 58639
36 45 19226
25 13 68181
24 19 50170
26 32 41785
12 51 99601
52 53 40048
61 15 55757
39 40 12083
49 34 61776
1 18 36516
60 28 96867
20 41 5829
30 22 80362
54 36 10343
19 58 28733
9 30 29576
17 35 41317
6 54 14529
10 52 43001
17 59 12066
38 51 2601
58 22 18883
19 56 88131
12 31 37725
33 3 40981
39 47 60241
49 13 19849
40 28 67712
42 22 25905
10 11 60254
36 31 31409
60 34 1853
12 10 55596
7 42 65817
6 13 25297
43 56 59341
49 29 89001
49 50 81221
47 39 37417
55 27 57445
9 54 74689
11 40 68041
1 8 80997
29 42 83361
59 10 15576
29 1 66122
3 47 38191
61 28 35082
49 23 97434
47 33 16308
42 34 79502
1 34 61283
60 45 27321
33 22 38726
8 19 37273
30 22 11889
48 41 31115
22 15 8913
31 44 20969
4 12 43607
32 8 62551
18 6 28741
51 5 43481
33 12 2391
10 5 87455
55 4 18841
57 22 72727
48 12 37696
19 33 23989
7 54 68205
55 18 53715
39 33 85793
41 32 82837
48 3 48193
22 35 28673
3 9 1197
26 28 18550
55 47 42447
58 36 43489
17 38 24620
45 10 14957
43 42 67921
57 10 69321
33 57 67460
8 10 58779
50 53 63217
29 8 92987
32 19 93985
41 13 88037
27 7 71369
27 11 81177
47 3 17701
17 61 64001
49 8 3837
9 60 9913
16 8 16096
40 47 2898
28 55 40219
51 14 14998
19 11 11688
32 30 81040
57 9 32915
11 49 94081
8 13 1857
13 41 79313
16 2 75790
27 17 30193
5 8 51071
29 7 55337
53 10 65091
12 34 71262
47 10 55525
22 49 87681
47 12 89885
53 19 78421
22 29 40498
58 13 31479
38 32 95633
25 48 11367
59 45 91201
1 39 62866
55 48 47704
21 32 65601
61 52 5609
25 50 64511
40 60 33603
3 58 80333
35 52 34796
41 30 93329
36 42 10336
4 16 21137
34 60 43619
19 18 80139
18 29 75497
31 44 61185
60 52 33077
10 6 34929
19 17 58251
14 16 68063
15 14 57112
29 37 96771
19 33 17971
22 6 53921
4 52 36751
48 17 41786
55 31 62344
51 53 48297
50 58 84117
21 61 24537
28 2 68167
61 36 33831
17 32 35196
20 14 44703
15 54 19513
40 2 26999
2 38 97033
22 56 26301
44 46 63318
35 39 16836
54 26 64116
60 15 76153
35 46 97535
3 14 29109
14 6 39241
41 14 29241
38 61 41693
3 54 55219
45 11 96551
46 39 27688
21 7 70846
34 43 48646
45 5 80981
58 17 10251
53 4 23537
21 24 47226
14 59 73953
27 31 62880
33 37 34253
18 23 96283
29 32 52911
18 26 76780
13 8 79167
48 32 74007
35 41 11851
38 54 67671
12 8 15416
1 47 86676
10 37 76765
44 28 44283
57 60 28469
32 61 8416
24 36 40593
28 21 69361
32 58 3698
37 4 49931
29 57 3452
58 50 66537
44 4 87709
50 51 29858
40 5 21979
29 24 88837
6 28 84041
33 5 33251
44 36 65811
35 47 63761
4 37 37017
46 40 87736
45 54 68467
26 43 70309
16 61 14939
45 29 59021
57 27 72075
41 3 17261
25 33 60847
27 35 58942
50 28 62112
51 23 20321
49 14 42961
39 20 93913
22 3 89917
59 61 56808
40 61 33176
44 2 40136
13 38 10685
24 13 12995
39 60 26719
45 35 85405
17 35 81765
24 50 80775
48 22 47511
28 25 48962
31 41 62707
25 37 68501
8 60 24075
40 34 94621
20 2 85123
37 30 58801
40 3 32661
4 55 73521
23 34 90807
48 38 40745
25 34 13693
1 20 9208
43 39 74992
8 7 80642
17 56 71945
50 44 73921
10 48 84561
23 6 72577
59 53 81121
51 5 50307
36 55 29925
60 48 93801
27 40 1057
41 20 80555
9 38 93505
52 24 52347
18 20 9751
47 44 14809
27 20 78017
27 38 26566
34 24 14318
41 12 71395
15 54 72639
39 29 56040
28 25 96639
59 46 32693
23 30 44522
59 38 32405
49 6 86849
60 6 8841
6 14 84879
49 29 83255
34 48 95771
49 57 9131
24 35 22164
33 60 48153
32 60 26269
24 48 92596
33 17 6261
53 34 10577
18 27 23578
40 25 2513
1 34 84571
29 41 48111
14 4 14876
11 42 52169
17 8 22841
24 43 78826
57 32 27143
16 17 60433
61 27 15621
14 52 55241
6 23 48975
53 59 39613
38 46 96441
61 14 30531
7 52 44520
50 17 91993
4 46 65851
16 3 78539
32 2 55826
5 13 84850
57 29 52551
56 34 63749
47 54 97971
58 10 86400
12 16 901
45 13 83687
37 21 28826
29 55 61281
13 17 34221
6 10 14557
1 37 19190
52 43 58845
22 10 47801
21 44 33198
5 3 95713
26 57 13021
35 48 60234
60 47 42284
31 36 41057
23 20 92231
31 41 79367
33 26 93581
27 47 32175
19 2 54905
25 28 76778
58 7 16259
38 27 66795
48 18 2465
61 18 60620
3 48 36626
11 44 88045
6 24 2051
3 12 55241
23 12 41507
36 11 8199
23 43 33889
55 31 82501
11 36 787
23 3 75560
61 31 57116
50 1 2689
42 10 87099
49 52 59540
16 33 83433
47 8 73855
53 5 82704
42 37 5698
61 59 53101
37 3 93469
12 5 52911
55 59 68081
3 54 27768
42 38 9856
21 20 95741
46 12 41645
6 12 50521
54 48 78769
20 43 22363
6 50 4733
2 26 89622
6 50 66231
26 58 42671
7 55 1967
37 2 14133
60 24 94458
57 39 16501
38 16 79901
3 12 33956
48 10 32254
4 31 9601
51 33 56151
60 61 94305
38 19 29489
29 60 39801
49 44 66491
47 46 52587
17 20 80891
8 39 576
60 52 16854
50 26 92454
61 38 94001
40 17 18029
43 18 81701
14 8 45430
42 54 96501
47 54 79841
58 21 76119
9 44 29089
54 16 15971
32 8 46121
26 45 84889
35 2 8428
31 42 68941
6 11 91888
32 23 35793
16 61 53029
40 24 45000
51 58 26886
36 40 21041
56 5 53341
47 57 67521
31 12 69388
58 37 78629
36 47 10289
2 51 64300
1 21 32776
25 17 93454
4 19 23649
61 15 45761
20 30 58200
39 53 20801
61 23 87269
26 22 16249
46 11 31485
6 19 11267
33 50 80817
8 13 59796
33 41 14123
25 18 51457
8 39 43860
11 6 21203
23 59 53187
3 55 9405
33 47 31921
61 58 80301
13 26 76977
59 34 78729
25 5 42721
38 53 14441
15 54 73694
32 45 54543
8 38 72245
31 23 47281
39 15 36990
22 41 18931
14 32 15405
25 4 47271
1 25 47126
4 18 86899
2 9 46425
27 55 62915
2 34 74266
43 38 15881
10 58 99523
12 57 20937
58 29 27041
22 1 75453
9 20 44057
50 13 73999
23 15 95031
35 24 76686
31 12 33499
29 48 31665
61 8 35087
55 58 487
45 60 37853
61 43 27933
58 48 33975
8 34 13848
55 43 96561
8 18 11130
15 30 84681
8 2 59381
6 24 52111
8 31 99027
32 46 32276
4 24 11713
25 24 47111
53 44 23418
8 24 63162
43 41 86653
28 31 90313
26 60 60765
8 39 7342
52 33 31458
45 41 83182
43 1 79861
43 36 26177
49 11 46226
48 35 16831
18 49 37881
41 18 38787
4 22 20792
36 42 35629
31 11 9601
42 3 43136
25 29 73056
42 31 705
40 1 60371
28 53 57636
48 2 4521
20 21 11871
31 41 45623
20 16 25213
10 25 45137
31 53 57489
22 9 93768
38 21 13241
14 24 66415
61 5 9206
24 25 1999
49 17 80801
53 38 21883
19 3 91593
5 53 21039
1 19 62061
34 46 6241
22 40 89276
27 20 75777
19 3 7649
34 36 82017
24 31 71035
4 21 9189
10 15 99911
12 35 27894
52 36 12701
15 48 22961
49 33 77847
24 55 69566
13 30 84793
45 59 54484
21 61 98945
45 15 62977
11 55 51073
41 49 2405
17 20 19951
22 18 45581
17 22 34916
57 23 62225
23 19 64584
33 11 25761
20 37 62291
32 3 71345
41 30 68896
13 10 86861
60 49 19329
16 39 70209
33 10 63655
34 46 9302
3 59 70541
37 60 84417
45 5 90206
7 23 39033
25 41 76785
19 15 55234
4 45 6881
34 28 76461
16 58 27588
18 33 98851
36 27 42058
35 14 78649
22 34 20306
18 35 13411
22 39 23685
26 48 29984
29 38 58433
37 19 75588
46 43 29039
22 13 67581
39 7 32065
34 48 61189
51 60 78601
31 54 31569
61 2 72701
42 52 43239
56 54 75325
23 6 19297
27 53 37315
53 18 80847
18 41 93089
44 9 72787
45 34 36067
17 12 93231
11 12 43968
18 30 49716
1 47 44989
7 27 44621
10 22 39053
47 53 78905
46 41 95366
38 6 49164
27 9 18081
48 53 66219
41 18 84066
43 1 79611
22 4 66785
37 46 20313
56 7 45055
40 48 84213
23 53 4728
4 23 25723
43 15 24588
49 10 34005
21 30 8065
59 24 83153
6 48 83317
14 15 54241
30 21 34605
31 38 80013
61 45 99231
45 8 78699
26 42 12833
33 22 97973
1 16 93341
49 47 95077
59 17 31561
1 26 56872
54 5 38010
33 44 11205
9 16 10042
2 44 91752
17 13 78871
38 20 77012
56 13 30381
5 26 39537
2 51 20401
15 43 77381
38 42 33747
55 20 51450
33 13 71356
6 11 8072
39 4 30113
9 56 92903
13 46 92961
17 9 41136
60 14 73041
26 4 77836
46 4 30858
27 34 89197
4 42 7964
7 49 36467
41 51 5233
26 19 35636
14 38 90941
40 53 68006
10 48 65369
6 21 35079
16 8 11309
1 29 77629
33 9 10507
32 43 44039
24 25 74116
14 56 63651
8 38 79977
61 44 1630
17 61 15132
40 47 89601
44 30 33015
25 48 57745
48 28 1745
48 33 77987
33 1 6906
2 40 85020
6 38 75320
5 2 55627
48 41 43281
13 12 81155
33 4 59707
7 24 2501
32 52 75145
20 39 61220
57 16 62520
53 41 94946
19 41 67904
48 30 40251
54 18 60219
39 28 79817
15 53 60937
1 35 91567
10 39 59483
40 19 35159
36 7 74976
39 25 87873
26 41 90834
43 41 10516
16 46 15449
58 39 14217
23 44 53981
15 36 33465
49 23 90418
31 4 45366
8 42 76525
26 46 13796
18 28 13087
54 55 657
21 55 38145
41 47 84746
39 20 7163
40 39 40621
23 50 32181
55 19 98767
29 7 36481
16 30 50462
14 22 46955
20 58 37221
13 12 47476
13 12 56613
19 53 40641
61 48 33167
43 7 59417
53 44 85251
23 60 49876
48 18 653
38 46 786
40 33 18361
4 43 20001
2 14 33473
15 5 8589
27 23 96655
43 4 37881
2 23 72557
10 30 74300
4 61 70369
36 16 80501
27 46 64097
24 58 97929
60 55 47744
47 7 98917
24 40 12899
54 30 67310
28 31 42109
11 54 22913
30 19 96601
38 20 24021
27 30 79003
16 32 14992
4 9 26304
39 41 25509
19 12 52065
23 58 99884
49 39 70341
22 16 21531
7 42 28779
17 54 6078
8 47 47247
6 37 51297
27 44 44416
26 54 81941
2 50 72918
16 30 75696
11 10 81491
55 26 5983
33 16 98842
28 18 32837
41 42 8203
2 23 54188
48 51 62836
20 61 54581
18 57 41041
52 41 8351
36 23 68254
10 47 55026
36 14 75329
4 29 59281
15 27 32087
1 58 88029
13 35 28985
61 60 44349
39 7 851
15 13 62369
60 58 66863
15 32 74951
41 8 2086
24 44 65815
36 56 36886
26 3 57901
2 40 35537
58 14 38426
12 60 40148
56 6 89817
21 19 48966
18 5 89017
54 51 21697
10 18 82321
46 9 33049
42 4 77192
46 47 19489
38 55 47993
58 55 41037
37 56 86051
50 59 73209
52 16 24342
60 58 75917
52 57 62799
17 10 29461
46 51 22670
7 29 86101
23 1 48353
52 45 28960
8 18 98765
41 19 93537
58 56 68306
46 16 82901
15 58 50367
32 30 45542
1 46 68005
57 28 42127
53 24 20601
58 43 29891
20 10 91801
12 11 89339
13 47 51731
59 1 47009
59 35 34099
4 53 61369
40 49 57399
21 39 89059
54 34 28316
60 53 77366
22 15 50937
57 60 37083
15 57 67617
37 36 4152
44 23 70850
1 14 71489
11 31 20503
5 10 2057
12 35 64865
48 11 85281
53 56 64833
8 24 43428
14 26 38001
38 4 97950
26 2 80457
25 28 46941
50 48 67013
23 33 83944
35 5 2401
24 57 33147
12 45 86117
42 34 46751
10 49 25548
9 5 80681
30 32 2573
1 46 44937
48 36 33159
61 40 99052
5 47 94881
3 6 43451
1 41 10209
43 58 55141
58 53 31669
50 29 62067
27 33 66701
34 1 17906
18 12 88212
56 16 77544
44 53 19009
19 9 15201
43 25 3257
41 23 71763
40 53 47336
40 5 86566
47 22 15585
15 50 13723
24 35 94415
32 44 94513
18 42 46171
15 47 47105
53 33 24613
38 21 13280
44 12 86225
39 4 73249
31 53 94089
58 43 79793
20 8 29589
5 12 20563
58 1 31256
58 22 66656
39 21 54176
31 59 91860
44 48 55879
54 19 21779
42 33 67391
29 27 41633
49 36 54177
47 54 75781
19 3 80741
30 27 20351
8 51 42505
28 4 5653
34 59 14701
47 41 10432
53 21 79072
48 56 52993
21 10 12251
47 25 63369
48 22 1679
6 5 69793
56 8 87937
48 57 89201
60 41 7107
41 21 38738
46 37 3110
43 14 81627
31 8 95001
10 20 32753
13 32 18673
28 32 18480
49 56 56957
5 37 52799
42 22 93055
53 16 55115
45 47 75521
26 14 37330
48 60 79866
61 7 74767
46 58 83671
44 52 82193
57 23 24637
14 60 33021
56 19 91583
3 61 63679
60 40 81870
6 55 85377
2 4 50751
11 39 61257
52 19 58781
57 4 96168
34 45 95756
47 39 99301
23 53 94806
50 54 82169
56 47 81719
48 25 50841
19 24 47145
15 6 48816
29 45 79033
31 11 86055
3 61 26391
46 1 54705
23 5 70401
5 36 73763
17 56 99301
60 39 56156
45 12 16729
7 61 55361
33 25 61713
22 52 21005
8 26 40287
38 12 24133
56 61 10570
59 52 43113
38 52 8862
52 18 46753
39 10 22382
14 46 44876
24 58 71093
46 36 28289
22 43 10251
13 60 62637
39 23 76322
30 24 80583
58 39 88884
28 37 31781
34 10 3089
21 48 54529
17 39 57803
49 8 25733
39 38 79951
6 38 7631
52 35 16141
52 32 36598
48 17 37167
30 52 12643
43 33 4578
53 11 86001
21 43 71030
21 24 79261
5 36 40551
6 1 67556
14 7 77521
4 28 17643
33 45 15561
35 41 88036
34 57 40271
40 1 55362
11 23 39093
54 40 63033
38 20 66005
7 10 72265
13 47 93259
25 38 63451
44 31 31841
59 52 29893
20 22 50077
11 2 531
20 51 51997
5 20 57201
45 17 23409
49 39 56761
41 53 49281
39 17 35983
50 20 2189
23 1 88796
29 56 81251
25 31 81398
57 43 42001
20 35 55442
9 20 26851
23 48 75153
1 30 18706
44 37 7676
18 61 65732
2 31 16741
60 10 73193
24 7 88935
5 28 6237
43 11 58769
46 8 15409
25 30 28665
24 40 47233
37 13 69584
3 19 5486
22 39 72821
1 9 9446
27 9 51441
13 34 6681
26 61 10459
51 13 11545
39 24 40001
60 13 34507
31 47 71848
38 21 89627
45 32 30145
26 43 70041
1 41 45201
53 48 32752
57 3 38773
47 15 92393
23 43 17826
12 26 28321
25 5 37899
14 2 38246
40 47 36953
38 48 53727
23 12 19337
17 44 38101
33 54 88225
8 37 60625
31 19 38726
27 26 53479
10 6 30745
28 52 28431
11 7 84513
4 28 41129
46 50 29361
60 7 75102
18 15 75198
40 45 50931
25 51 55982
8 15 86767
38 55 74869
46 2 12769
19 13 11393
55 26 60757
35 7 10101
14 10 79047
49 14 61639
10 3 73729
52 19 21937
19 24 15013
34 24 45933
10 30 30088
9 57 6817
60 52 69205
57 58 47164
5 26 45820
33 57 83755
43 56 30049
22 59 56799
19 27 45825
2 3 96901
2 16 32193
26 41 80865
61 8 2873
14 34 67121
54 28 70899
39 23 32465
54 43 2019
1 36 30496
58 50 55105
51 1 91409
49 14 46321
11 16 78129
13 31 62112
29 55 85713
19 41 15277
28 32 75061
4 37 23065
22 6 83951
22 7 40621
40 59 77089
11 46 93977
55 12 46511
44 42 60079
34 5 78539
32 11 70041
34 60 85691
10 7 56681
19 9 21641
34 58 61235
25 52 43954
8 47 80017
38 31 17121
37 54 57673
46 6 90595
40 56 93722
24 2 61567
36 43 79976
13 61 54178
12 56 16977
12 29 13985
61 22 89541
5 35 29455
31 9 52001
44 24 65554
49 14 36974
45 8 91565
23 45 83809
13 43 88097
2 37 91127
55 9 50338
7 46 43561
58 55 73377
30 35 66036
39 1 67851
55 61 49921
48 49 39137
9 45 9591
29 35 50629
45 49 80487
2 37 85031
5 15 2289
3 25 24865
47 36 26031
13 57 620
37 29 80561
32 41 46201
58 12 12349
48 27 76447
27 36 49361
2 12 82408
49 13 29435
12 9 16281
4 45 34336
33 42 52295
58 49 10897
37 35 60501
26 23 39289
19 59 78198
46 47 71645
48 45 90444
22 23 6295
22 43 1431
56 48 98817
4 25 44275
40 14 62241
29 20 72103
51 53 7845
27 11 48951
55 35 81461
42 3 53227
16 9 45762
17 45 70001
21 11 34086
53 20 84279
23 30 15349
26 16 34981
56 50 78054
57 18 83201
54 8 57113
13 53 6371
43 31 20671
40 1 24661
21 55 88369
47 33 37422
36 1 55458
45 13 25759
59 11 31083
26 55 56251
33 23 83835
44 45 23362
18 23 69275
20 54 57997
20 30 84285
44 39 40893
38 23 75045
48 36 89454
48 6 92046
50 52 45129
45 27 11961
41 43 96113
5 16 86197
56 17 20641
48 56 47430
2 30 19105
39 20 81289
14 56 71868
10 40 27849
37 47 72198
12 56 88001
55 38 94681
59 20 2633
51 38 61237
28 52 6369
28 48 43017
32 50 441
45 58 89076
29 57 21751
4 50 87014
2 16 67317
30 29 74501
23 36 23613
22 9 47736
40 46 16899
38 17 71
13 10 73627
35 28 56904
55 10 96519
4 44 83645
57 26 11385
1 4 33979
6 45 86987
27 56 30271
57 13 51407
35 58 701
38 30 30707
38 7 16653
2 55 84434
31 5 47917
28 54 1357
20 34 73943
9 23 91778
27 11 8159
4 49 38341
25 37 47879
59 1 38625
50 1 66226
60 45 76956
13 16 2861
10 54 19276
5 3 12473
2 41 69881
38 24 56876
52 26 38971
48 52 13001
22 31 89003
27 10 34901
4 48 51121
27 51 91821
26 6 49773
44 34 54417
35 57 62695
29 3 14769
36 33 38021
44 28 3441
32 59 7585
61 24 54965
49 17 71929
29 44 49139
59 18 84237
26 19 97178
16 60 6447
57 55 85367
24 34 47281
6 30 54129
50 21 13216
7 17 80269
19 25 76021
18 46 59425
26 30 59041
12 58 98601
45 4 8835
60 34 98081
27 24 97601
36 57 25106
14 29 46811
24 34 71371
26 48 29751
9 30 81681
60 57 90777
44 19 16846
3 11 77723
4 43 19493
35 42 84877
44 56 14025
4 40 30355
29 26 5107
9 24 69451
48 41 71365
50 29 3748
56 26 32096
20 55 92231
13 18 16509
5 7 28457
2 44 27518
51 53 77326
39 35 63641
43 33 72602
57 13 40265
27 20 93921
41 2 86207
38 58 23142
28 55 78849
42 15 59132
17 25 90997
43 12 46198
59 56 54369
43 47 96896
21 26 16609
26 39 58605
60 56 57235
16 14 57466
43 56 63875
24 26 64276
21 35 63993
1 54 31636
30 34 31719
2 26 7726
18 16 47061
32 41 77993
46 29 93073
36 7 45556
14 43 71107
37 45 58529
59 18 75505
45 44 31933
15 48 31641
3 23 9335
22 32 13000
56 12 95363
28 37 99941
26 22 51625
19 31 32944
25 47 53664
13 15 42678
54 32 67361
37 6 78976
57 10 40654
57 23 68617
59 2 61057
8 10 13667
27 51 98527
35 49 23961
56 12 77396
48 29 39816
19 10 8289
42 41 62769
29 24 38822
45 29 52515
7 18 86161
54 31 96976
26 4 76385
56 50 1399
50 30 55457
13 16 93529
40 10 3001
19 44 26999
21 29 93066
18 37 59237
52 39 81151
40 30 37969
21 35 78265
55 56 10099
20 18 14561
13 45 93257
3 15 56105
7 36 93167
17 33 21676
15 17 82819
36 38 95268
50 41 39606
58 46 7686
32 44 22342
19 23 2791
54 1 78841
41 55 96053
17 40 96136
12 31 64458
10 46 81479
46 60 32427
22 58 90337
60 11 88431
20 28 63091
21 27 87101
24 43 64102
5 6 61696
21 28 97691
45 2 21567
3 17 82701
58 23 76021
32 6 52599
13 34 12141
57 32 79007
29 34 55070
9 8 2399
55 48 75232
28 35 31415
15 32 3473
59 50 37471
7 38 22781
57 18 80441
12 40 53517
46 44 23575
50 37 49228
28 27 35824
19 1 95861
30 54 21565
3 10 83861
59 24 82133
32 61 69761
7 40 32501
43 28 34161
9 26 68735
46 41 16369
48 38 86076
9 47 8925
20 27 41887
2 41 7561
24 60 46982
54 20 14041
21 43 39729
49 59 77785
8 37 35065
36 6 3381
50 57 75715
46 44 84591
46 57 16203
9 41 26155
53 27 67159
17 13 15937
18 37 47093
56 35 55347
8 48 35383
40 41 21866
5 41 50933
25 12 96477
35 28 59115
19 9 5885
45 17 96694
15 57 38913
61 7 60269
21 32 82061
19 45 58701
11 49 65317
15 50 9159
19 10 77561
52 42 18921
20 43 89096
20 56 52530
23 26 48151
33 31 30097
26 2 80553
8 39 6662
49 41 43305
41 59 6505
53 15 88150
37 38 50849
5 28 47709
17 51 64221
36 44 65853
23 28 26893
36 20 7441
19 27 30773
32 12 81557
9 41 8870
26 5 95273
23 36 78689
35 30 8081
22 51 2569
58 49 92353
12 43 53505
24 13 47569
10 35 66386
58 61 35661
56 51 37425
41 50 82401
16 25 48503
16 4 6593
54 10 64776
34 23 84793
34 16 79435
45 46 90143
21 46 62729
22 48 40377
13 1 31297
24 52 69841
43 44 81483
42 38 88431
57 42 83885
55 10 31500
6 32 68696
3 58 14159
10 34 17131
16 38 34977
35 14 24554
36 18 78575
58 53 73361
34 26 1025
1 58 27611
37 31 36654
26 32 58401
9 45 64785
16 52 13189
32 38 49279
26 14 221
35 38 41500
43 30 23831
52 30 45643
32 7 28409
44 34 24521
26 46 82561
42 27 96593
58 55 78299
61 53 81595
10 2 36904
23 44 47103
46 44 54653
40 46 67569
25 21 8932
56 12 78069
56 35 7101
7 14 74443
25 42 17726
14 8 41225
49 10 34161
23 18 36641
28 17 42587
61 52 19705
8 1 61120
9 46 23528
35 17 63913
46 2 77576
45 59 87101
8 10 47691
28 14 27888
19 21 78787
57 61 52590
20 39 97633
40 22 50593
46 38 87055
51 23 54267
34 14 26460
54 7 57897
14 2 35297
30 37 31089
28 32 22817
36 24 90732
59 29 70561
20 25 61822
51 56 36361
34 44 43777
54 60 79499
34 14 10525
10 54 17089
8 51 91017
36 27 96001
40 13 53229
12 58 81747
32 27 81411
2 52 51556
3 52 89957
50 40 52261
13 28 88191
19 52 97377
61 29 65032
1 42 51192
26 9 63331
29 11 64781
38 36 87878
44 10 17818
42 12 22475
8 9 69911
26 29 31811
49 47 16586
11 60 72791
59 49 81783
33 56 53331
60 10 31662
50 13 69697
17 50 88613
14 47 58505
20 23 79451
36 47 1865
37 45 38825
8 52 31789
17 41 92161
12 32 76442
18 50 81723
60 37 72911
9 27 68269
57 7 91274
29 40 42183
18 41 27467
42 59 4101
8 10 70665
58 19 99161
24 4 76021
39 47 44759
33 2 31353
13 55 86225
4 34 23937
42 61 4854
13 42 84731
24 43 81851
22 36 46033
3 4 22422
32 37 66147
58 29 23981
55 12 25487
57 45 89825
25 3 58176
55 41 96129
28 59 92769
45 33 74841
14 11 38366
28 11 62123
36 52 97372
31 9 83458
5 14 93989
61 1 58102
4 47 95139
61 36 86353
22 32 26011
13 53 31319
23 20 48969
54 35 16126
60 36 22790
61 31 75481
44 9 24141
20 39 17566
21 5 73737
53 58 95447
5 55 85323
15 3 73893
25 6 93953
21 6 24250
20 55 60382
31 7 386
21 35 35899
43 2 51059
50 41 721
40 34 2535
7 53 63561
9 13 78553
59 6 89693
14 3 8809
3 16 18451
16 5 73201
14 42 97020
37 34 66979
20 23 8151
18 56 31450
54 56 84495
43 44 70311
27 59 27159
41 25 41003
14 3 85452
58 52 30069
28 51 98346
40 20 70622
28 6 25144
48 12 5489
21 57 70793
21 13 50209
13 58 36831
20 18 55047
57 15 3929
3 46 77086
14 17 29069
25 5 77925
48 37 94121
49 21 35937
10 23 87433
61 27 56613
8 55 64703
59 25 62526
44 15 84397
10 52 96233
2 53 42238
12 34 75681
50 56 92283
14 7 23268
25 59 67841
40 16 24469
28 12 42025
16 1 34604
3 26 93389
11 43 65292
42 49 4076
48 11 23469
47 14 24949
57 17 37849
53 28 26316
23 2 77701
5 3 43083
7 45 76055
13 22 12909
57 29 38053
4 21 63337
40 19 20475
33 59 27001
45 50 6491
48 27 27345
25 38 86353
13 12 27873
4 60 47880
26 19 89511
32 52 62121
15 60 6481
17 55 25576
4 47 97441
5 23 62593
49 37 76703
7 2 58421
59 37 88737
24 13 70161
7 37 33601
53 9 39123
50 52 69481
17 56 71155
56 38 56689
53 13 39105
59 51 78913
59 16 84121
6 55 21425
36 51 12805
43 48 35365
34 31 17615
18 12 76087
32 47 33586
42 9 89276
41 32 1059
30 3 26024
54 58 97391
12 53 77833
42 23 22361
16 57 15273
24 56 52693
60 36 83066
35 11 78424
12 14 45263
12 53 42621
33 28 54785
59 25 68151
17 25 20139
38 12 61432
7 24 84679
42 3 87819
56 17 10761
44 60 84771
24 57 83606
23 35 71349
26 42 74873
7 57 21953
43 56 17329
51 35 258
44 28 57154
20 21 85939
57 20 27452
49 34 11546
15 38 53005
61 18 73851
48 39 61001
26 2 81981
18 4 65041
48 28 30049
26 28 44801
8 49 9707
43 44 25313
10 53 90827
32 14 36001
3 8 20407
17 49 83254
43 17 41241
16 5 41055
29 47 1549
57 36 3716
30 58 76794
10 59 56118
18 27 61057
55 5 94441
2 7 64726
26 42 89560
19 35 46962
3 13 35791
40 15 31265
31 9 54609
12 45 24921
11 14 17065
5 40 47609
39 20 55939
41 33 98145
19 46 77273
11 40 93101
4 55 27292
51 46 40215
52 1 97463
49 1 51569
22 61 134
40 45 90383
56 33 88721
31 24 40523
32 10 52681
46 17 68525
50 61 2854
57 61 30496
33 43 5601
2 54 15591
6 48 61851
47 58 56249
60 2 36510
21 37 32845
12 4 36163
38 5 33121
21 41 22081
60 19 37201
5 45 65806
30 50 92109
47 16 70449
38 6 73029
30 10 17984
11 13 94817
13 45 67126
31 61 29703
28 51 57101
12 9 65941
13 16 96901
33 22 28599
38 8 5348
9 43 94231
22 15 31464
33 36 73074
2 50 9005
60 31 17980
11 61 93556
17 33 78300
12 49 20693
21 31 52543
40 31 20146
61 26 54129
36 20 45463
57 34 27301
31 13 72508
45 30 35244
50 44 5961
58 8 76567
22 29 93491
45 50 12605
4 28 40195
36 51 65637
14 59 85105
52 42 58401
44 21 67695
8 54 5758
60 24 99264
60 53 9265
53 58 2411
60 22 76905
21 5 26405
17 40 42524
20 10 281
15 39 35532
16 28 72945
54 61 53486
17 36 90071
8 19 87701
56 32 86456
17 25 74241
57 31 92986
39 7 75105
4 40 37035
24 44 95001
20 55 37883
56 18 26205
29 19 2126
14 6 10451
20 49 35239
38 60 82318
5 39 26915
25 22 82163
3 7 67429
7 21 94852
19 33 28420
37 28 64784
34 52 14537
44 3 52658
24 19 69473
40 55 95912
53 51 89436
33 9 18550
52 30 19695
36 8 55947
51 32 37673
50 7 42057
16 8 3526
2 60 99452
24 48 14868
61 50 38361
59 54 1085
34 40 90551
48 54 73671
37 47 65167
32 7 53633
12 60 1563
39 40 80757
4 32 98717
21 19 7041
42 24 98725
21 7 59061
47 57 5091
41 2 30212
57 48 85921
8 41 22976
56 12 33377
10 12 32719
47 8 58802
48 7 60431
28 16 21105
42 61 7841
30 53 11525
48 10 37350
56 14 13061
33 26 98261
15 6 6561
27 26 13061
52 26 60221
52 44 62352
58 48 97505
6 44 64923
19 26 97379
39 47 59545
51 36 19057
57 5 88285
27 7 273
22 35 52845
1 10 8348
43 24 62521
3 5 95892
13 27 97064
46 29 57889
5 50 7987
53 10 43627
35 7 32514
48 7 60516
21 33 33950
3 34 14296
49 2 37577
15 38 63054
28 2 13526
10 40 29800
23 2 15681
49 39 93951
35 8 78695
39 28 83655
5 2 66647
17 43 76521
25 8 46914
55 41 61175
18 34 53105
45 21 24507
35 15 15361
17 36 73173
47 18 73456
28 53 89409
56 58 53201
40 37 18505
1 28 94266
5 30 16518
29 10 32179
40 50 99365
47 49 54834
21 31 6052
6 38 32809
24 49 24925
50 14 66092
42 36 84987
50 57 41673
52 5 171
45 41 13021
7 37 3806
40 39 11865
8 56 73853
24 58 99102
38 46 3129
31 48 3250
18 42 249
9 59 26701
55 52 65561
56 37 4097
44 48 42161
47 55 12001
33 46 89665
51 2 98381
40 51 81899
4 17 20301
29 30 16760
23 56 63929
36 8 66371
27 57 61969
2 37 23714
56 10 25949
44 19 82270
42 60 87609
31 18 8305
57 61 68729
50 17 929
59 47 22691
60 35 6081
39 38 72055
45 26 8701
40 4 27808
21 61 86570
27 10 2436
55 24 52081
26 44 66
57 17 7860
51 53 58515
18 14 50927
26 13 6561
6 50 6337
35 6 32621
22 54 17461
37 36 36383
18 56 29517
48 18 6185
61 52 80049
21 33 937
50 35 49558
46 47 56731
16 25 14271
18 21 80981
53 37 73964
7 27 89165
49 5 81101
39 58 74545
13 59 20729
53 60 37825
30 28 32685
5 44 81793
50 58 61806
41 10 85621
18 19 37691
14 25 25026
55 5 17298
18 9 34511
54 58 8413
20 19 4167
30 10 62881
61 10 94081
34 47 96433
49 54 58201
28 9 21205
44 14 31986
49 47 4561
50 20 3653
53 37 85585
42 59 78740
19 2 16620
30 36 31625
59 43 64986
25 57 29515
28 19 38317
33 47 30441
32 25 18833
29 48 32495
28 44 3676
25 47 92027
11 20 93234
60 52 32319
50 5 68481
49 1 42095
35 57 89540
3 24 57051
19 8 98763
35 58 17606
5 50 37217
15 17 33453
36 12 80406
28 40 53101
49 4 77336
59 38 7265
25 14 79527
61 59 92820
40 61 9413
61 57 35056
43 26 39205
3 43 39637
10 11 12535
17 14 42570
26 25 80401
15 26 23757
26 7 1713
25 34 8414
14 50 8471
50 1 79565
12 48 68990
16 8 78141
52 55 17194
6 40 63913
56 4 14173
42 9 95121
52 49 70337
5 42 80874
2 11 45793
25 2 8694
32 53 12254
6 35 64081
57 43 16001
4 42 42971
38 4 18665
60 8 13081
34 40 45153
40 58 79409
40 10 82368
26 1 96353
46 43 69291
19 61 68277
9 31 91926
57 37 6301
9 59 98265
46 60 16569
16 23 16748
14 12 46020
38 41 12151
4 38 21065
14 38 40744
12 49 48193
18 39 8121
14 54 85054
11 58 16967
8 51 39291
52 32 36559
37 15 26701
43 16 9306
44 15 75381
43 22 15201
31 48 52514
47 61 54465
58 6 9629
37 27 6177
58 17 52501
15 2 87420
33 46 87904
49 23 84842
46 57 95731
1 49 41745
22 37 56070
19 50 75401
56 39 57764
5 15 67222
52 53 15013
46 24 38174
30 22 11550
39 45 87231
40 1 85409
21 52 38615
4 31 66143
12 9 32425
50 36 46901
36 33 97049
37 1 51113
44 50 47801
30 15 64247
23 60 26681
28 48 73329
21 29 69181
42 59 95666
10 28 6036
12 10 60481
33 36 72476
26 37 34765
51 60 15231
56 39 34228
52 41 1789
3 1 96939
33 44 65003
23 46 33751
24 33 49713
18 36 84861
25 9 58851
47 49 3456
8 28 70939
43 41 82121
56 57 81729
2 14 98468
53 21 82057
12 41 11193
48 49 28874
29 11 75522
44 55 70264
31 46 53455
54 51 56679
49 25 99054
27 45 61933
10 48 66601
46 58 50477
22 55 2951
52 31 98846
13 11 99579
44 23 88975
53 37 501
10 7 37501
3 45 93857
26 49 44711
19 40 74318
43 53 53673
15 51 24033
11 14 76321
1 58 63481
17 5 67607
28 15 81817
32 8 57532
55 34 7649
9 60 60072
57 8 83774
13 36 56701
22 8 44847
30 56 31833
34 26 82867
4 22 64906
24 47 3176
40 49 84691
58 40 5156
34 11 92129
7 47 21719
42 19 55333
32 44 89126
26 16 27780
9 31 98526
31 34 46266
4 27 23860
17 49 33601
48 57 88892
47 8 8965
26 57 33533
53 6 12261
43 36 93025
24 3 2636
19 20 50998
4 13 74331
49 34 13097
2 35 65164
57 49 22306
61 26 68749
1 47 94856
36 30 68926
7 2 36331
44 8 63080
50 43 4577
36 5 41941
1 24 67801
20 38 54145
48 44 13027
51 19 83309
34 54 73416
20 24 30918
1 24 2037
30 7 63116
34 56 70501
2 44 49899
22 15 77434
58 3 15589
16 51 41597
27 19 73645
26 8 92461
31 43 86031
21 61 95826
49 7 96381
61 46 81876
22 8 31499
53 59 32009
52 32 55367
17 4 69760
52 7 63013
14 59 50926
20 51 19334
36 51 61479
24 23 62719
54 8 51681
11 40 57316
53 59 917
22 1 53073
6 30 33443
51 46 36387
59 48 45747
48 59 4128
51 35 45701
17 56 72001
61 49 73201
2 55 94386
28 49 51602
26 3 38217
37 43 67512
52 51 64021
6 22 90311
8 46 51765
52 51 19265
26 21 59801
60 53 22055
54 9 91180
59 24 47573
36 41 79838
14 35 26187
22 30 31181
33 46 9541
56 13 18177
18 52 77297
49 25 4945
17 2 58937
46 20 26001
20 53 44089
21 26 32375
3 27 29953
51 59 79571
40 35 93981
35 21 84417
57 14 91617
14 5 69061
44 26 49198
17 56 14486
1 52 16407
6 59 25341
25 8 1398
11 7 7511
23 6 80465
22 17 37936
44 1 82274
8 35 21509
12 50 52551
37 57 20534
25 37 13320
23 61 21736
36 33 3435
16 30 27921
14 40 37553
50 3 51901
16 45 16201
55 30 51281
2 55 35037
6 36 8157
34 29 64461
39 59 50507
20 50 5471
33 24 74101
55 54 52601
25 52 9873
26 53 92641
31 51 60550
41 33 47946
28 12 42413
48 44 68161
23 48 28901
5 44 4165
11 41 58366
55 14 29779
52 56 28083
50 30 16569
7 43 81106
42 49 40833
44 21 42991
57 35 90817
51 59 97756
12 21 9876
4 17 2049
1 34 99330
30 57 69057
8 36 48711
61 10 95826
38 47 35019
45 3 61324
18 49 54305
38 32 68525
43 6 23281
40 29 78241
50 9 9389
39 27 52721
48 6 51929
61 28 29101
42 16 70404
43 25 34947
45 21 67185
1 61 24653
2 20 76391
26 16 72249
29 59 671
45 21 41361
50 9 91933
35 53 59401
45 5 61717
24 23 25998
3 1 85621
12 5 80993
53 16 13146
15 42 71306
36 15 4876
19 44 48065
56 52 22695
8 55 77497
56 21 31575
8 5 65876
48 14 56534
14 22 65670
51 15 20005
2 52 37851
40 32 70661
5 34 93409
17 56 99869
61 11 5726
38 53 20775
45 51 94103
35 12 19873
38 43 6697
8 16 51817
22 57 86700
58 43 78481
35 61 60405
8 30 10305
3 26 76850
3 6 39429
55 37 67871
46 4 55618
33 17 72623
9 37 61371
49 35 30439
6 58 66801
38 3 69421
28 37 31417
21 57 30906
26 22 60533
59 39 70666
5 41 68481
2 61 78641
52 28 17518
17 8 33569
50 30 50089
21 19 59679
9 25 9872
59 32 43136
22 15 27888
12 35 50701
47 58 16901
14 54 46117
5 2 46577
36 56 69649
24 18 61893
28 6 71464
8 42 16284
10 29 46561
33 30 60464
55 1 46179
39 38 75767
26 29 84914
56 13 9886
21 33 66229
25 48 12721
6 41 64876
29 17 60606
55 9 70001
4 18 85168
54 16 81323
14 42 11128
57 3 7805
54 60 62933
27 37 51421
43 18 48865
1 29 23969
18 56 6131
58 27 44381
1 34 79763
5 18 48105
9 33 77637
57 9 97896
54 22 6827
49 45 64436
27 10 31446
22 36 98235
23 5 92207
17 48 9965
20 1 4241
59 36 81291
45 46 63839
27 23 49630
4 58 23369
20 21 21783
47 14 58201
5 7 46676
27 54 99572
42 25 57713
4 16 79827
52 55 99539
21 33 83804
12 2 99904
13 38 32251
25 52 26307
23 25 25503
60 3 11891
27 39 76792
44 58 94606
12 56 76071
48 36 5031
12 9 2826
56 2 34417
26 48 98801
30 54 54911
4 28 76881
57 49 32736
9 35 22490
57 46 33521
37 54 20256
8 57 12466
59 39 45529
13 5 58481
39 17 32241
24 18 17906
9 55 21926
40 61 2457
60 29 70121
6 51 5921
26 44 99471
23 9 54658
5 30 33761
43 59 28004
5 19 64143
48 61 13072
34 16 72677
17 30 8030
35 6 967
24 12 22365
19 34 62502
11 48 37033
51 14 18514
18 41 51269
30 11 7505
44 5 36751
25 59 74679
37 30 26357
9 33 89981
51 32 58829
29 23 1141
23 58 46377
47 53 67821
40 60 59529
7 32 71167
39 28 58349
17 21 62066
3 37 31942
29 51 17518
35 15 92296
45 32 55207
4 31 6785
36 2 94769
14 7 45649
6 45 69073
40 14 85071
54 35 48771
8 14 77504
13 18 32945
25 33 45263
46 53 83957
49 32 4793
46 11 42421
4 6 96489
1 37 52175
56 30 98611
51 17 27425
6 24 72496
33 51 29551
3 54 72551
23 44 73189
45 42 49101
45 52 43338
23 40 11521
8 14 15941
35 44 15851
42 31 46225
31 19 2619
48 43 71363
40 29 88651
32 25 6001
1 31 24189
43 21 32565
8 22 29563
57 41 90757
12 31 80388
6 46 57181
27 61 12265
8 45 78115
34 40 48215
40 51 25387
27 54 58399
36 54 97027
41 37 40941
54 59 46045
16 11 9925
1 23 86107
15 22 13179
32 2 58176
51 35 65315
20 15 35229
44 35 32641
29 48 11319
42 12 93024
42 25 11899
23 32 4874
29 25 8169
57 47 34191
13 35 87395
7 28 32286
12 22 92241
6 43 29690
37 9 83172
48 30 43219
38 56 35711
36 34 55545
8 25 99645
24 41 64589
59 5 19251
61 20 49278
24 17 45949
8 38 78851
53 20 95752
3 22 91597
44 4 76856
6 56 20588
29 7 6475
10 12 91056
47 48 17616
40 43 15124
53 32 1814
23 24 43406
38 9 46941
58 45 47055
36 57 44505
19 14 7260
43 5 70651
58 25 24711
9 44 48564
33 42 95341
54 17 55769
16 53 25761
13 37 20021
32 11 41161
3 37 27261
1 36 85897
57 38 44218
34 47 54451
53 20 82795
20 32 63234
48 27 69237
32 31 36815
61 13 5738
30 25 39448
57 10 64841
37 7 5254
2 22 26649
51 46 83886
9 39 27196
59 50 97026
57 39 95630
56 49 84674
20 21 51281
6 9 35472
8 45 90011
54 38 50017
47 45 10945
33 51 47961
52 13 27634
3 34 26979
23 47 14465
60 51 26445
34 26 1491
32 2 25106
27 13 62483
57 15 51497
21 35 46461
30 6 91236
32 41 69902
24 13 33241
28 14 11301
35 11 95415
61 5 75966
46 37 70276
8 20 44469
46 56 56961
7 46 40631
30 1 77825
49 37 86998
54 61 2553
49 7 80946
14 22 77071
24 6 15601
10 57 809
47 44 68319
24 55 76353
20 49 57873
19 33 35459
29 25 3443
25 32 84949
26 16 52097
28 16 83585
17 45 83182
37 4 35107
33 61 9116
15 41 33891
36 22 61441
17 58 56531
10 43 261
34 55 42311
61 27 17229
29 4 29233
47 6 52245
40 43 83169
30 22 16189
3 59 60063
8 37 93111
56 17 51401
29 39 51073
38 46 40321
56 57 12351
12 58 52737
32 56 63378
32 44 69409
49 48 97101
13 1 82680
29 12 21809
37 60 67329
4 8 50599
11 13 82984
38 31 1121
38 48 29530
28 33 58141
9 27 43385
5 53 83641
50 42 59125
42 60 79057
13 4 66366
8 39 14692
33 49 52921
11 19 66363
59 30 72528
29 33 74682
21 11 93801
27 45 96441
1 13 99146
45 43 72090
50 26 80161
39 52 6611
56 57 59799
30 53 59993
12 61 26241
44 55 69544
57 18 23251
12 35 69669
39 31 25481
1 9 79229
54 1 519
19 6 99871
11 45 8947
41 5 90535
27 28 49931
36 32 41037
27 42 80367
5 12 43841
9 37 54801
2 22 46127
24 19 98209
18 5 22161
30 19 80124
15 3 99316
32 35 25631
1 10 57601
25 15 99399
10 9 35171
58 60 85069
60 29 37797
37 32 59337
43 52 56801
45 59 28587
3 12 64861
3 8 37302
21 35 51524
28 34 43454
58 49 96045
39 36 39777
59 37 26735
32 48 63461
56 33 21767
4 5 1361
12 36 91089
23 17 22991
13 28 24447
51 14 19681
14 43 54139
14 61 94305
59 13 32541
61 29 24461
54 35 50371
46 42 9938
12 16 22685
41 21 90187
53 42 60417
12 50 73281
4 54 91947
2 57 98876
48 6 72489
16 57 1691
8 6 33590
48 56 42603
51 49 43481
11 9 49483
36 51 47161
28 59 12497
50 51 65773
21 35 60161
49 39 20589
25 8 53405
16 32 53251
45 41 99095
60 22 61769
16 17 50506
47 29 55770
38 42 27297
24 5 40065
35 25 73041
30 22 19485
46 53 69876
55 51 5427
56 58 4145
5 6 81339
55 47 12926
5 15 46876
53 26 28989
8 57 53554
31 56 16740
58 37 49011
61 36 32501
46 32 29799
27 7 99911
45 8 23511
52 19 17361
11 6 30789
12 11 68171
38 2 2288
31 37 68149
23 43 9501
36 25 39036
43 3 10481
11 26 7994
48 16 43126
11 43 79190
15 24 18425
57 14 79344
12 49 10921
41 44 31781
34 57 50501
44 40 17929
13 32 39841
58 37 39329
5 10 82021
10 20 55233
32 2 39006
1 48 18651
41 52 1911
57 52 59926
19 14 15565
39 40 58777
21 7 75437
27 26 972
44 41 63393
22 36 64146
12 3 9
