35 431
17 11 22187
30 25 34335
2 29 41409
6 26 49067
15 2 9681
13 31 39325
19 27 10145
17 20 88449
1 29 2604
14 19 34313
4 27 11561
21 28 76412
21 14 74841
8 10 11569
25 26 57257
20 11 17761
9 12 36865
24 16 56229
25 15 62683
27 16 75001
13 34 32385
29 18 76100
27 25 21409
10 11 94257
21 25 43887
22 33 86376
10 35 84631
29 9 42772
17 27 63971
28 2 91829
29 16 46367
8 22 34401
15 6 1143
27 15 38903
30 32 16251
6 27 10906
7 1 54145
3 20 73019
19 32 46048
8 7 72801
13 22 79333
27 8 63454
1 23 75936
7 12 94843
16 27 2195
15 32 70661
13 33 15851
21 29 42264
26 21 67751
32 25 1299
33 10 39800
19 23 4442
19 31 62795
30 21 68785
27 31 6067
32 3 40113
9 16 27091
8 7 9889
4 2 60587
18 15 16085
31 28 4826
32 33 84867
31 14 38793
23 34 51659
4 15 54587
3 22 76165
23 29 40762
33 32 7151
26 1 33777
16 32 72942
2 33 77833
8 18 81953
16 25 86742
26 32 8900
1 35 90006
31 14 90761
13 29 14590
17 10 97752
9 23 67183
10 28 41077
5 34 20533
8 21 74833
4 22 2065
14 1 67436
7 2 58401
35 2 59121
19 15 98841
32 24 30501
30 35 3233
8 11 88795
20 11 55751
28 2 65963
24 22 54467
25 3 29601
8 23 37041
2 1 23579
28 16 89049
17 12 66126
7 24 29766
32 4 86467
24 23 79713
25 21 70804
11 18 98657
15 10 99572
9 14 4629
23 16 99001
33 2 18119
1 2 83322
9 20 97834
30 13 78901
33 6 69449
14 30 31501
30 14 73025
21 34 10981
11 7 61619
25 18 44155
10 3 63081
11 21 7866
31 9 42161
30 1 69423
30 13 13497
14 25 58999
7 9 8825
34 27 96941
32 1 16969
31 28 55386
28 11 23004
4 6 30333
29 4 9241
10 27 80021
28 16 76605
24 20 51337
4 23 37903
23 6 2162
7 3 51126
1 12 96569
14 1 72393
32 21 14529
12 21 10135
21 12 47977
29 24 64141
29 32 1217
15 1 90492
29 1 47697
15 2 39645
25 30 74301
3 35 99575
21 8 35075
11 21 17529
31 29 96541
16 31 84207
25 34 75131
17 6 83376
35 11 32861
18 21 15551
26 4 45141
13 5 19885
32 23 95705
33 28 45885
11 14 36005
20 23 57910
21 28 2897
20 27 90791
6 35 4469
31 12 61121
29 27 60813
28 5 92127
30 3 58158
22 23 89025
2 28 21385
31 15 98117
15 3 49846
5 12 62564
3 30 14295
25 31 31558
23 22 18190
13 8 19041
29 2 9651
22 35 73041
11 29 49282
10 26 31497
8 26 68541
10 20 60401
13 18 17489
33 27 28190
20 5 89246
3 16 93723
34 22 87625
25 32 53092
32 33 40049
33 4 10561
6 16 42246
28 24 93168
12 25 87471
18 19 67557
22 28 98592
15 8 40677
18 24 61340
29 2 74549
15 27 49481
12 34 52556
4 22 21236
4 25 82501
34 13 67092
5 18 31507
13 25 38497
31 30 70081
4 19 83852
31 5 37481
12 34 78880
20 4 28374
35 8 24575
30 28 91276
29 10 37339
31 6 2211
11 13 4587
30 1 95837
23 32 60584
10 21 89851
16 19 85790
19 20 16233
24 27 42408
4 25 96176
27 34 43441
1 26 29001
25 29 12561
26 27 729
28 6 22055
8 7 69977
27 4 83607
8 7 38497
13 26 11186
35 18 76577
15 18 36951
28 23 44870
24 8 69283
3 20 44565
3 11 48977
1 7 14225
20 28 40234
8 19 17121
13 26 5051
8 10 77296
3 26 41370
4 17 24473
4 22 37941
27 20 73594
8 27 70914
21 12 80110
17 14 28029
4 35 1529
31 7 87025
28 10 66817
25 30 6369
11 6 23251
7 9 52697
16 18 12821
22 18 16965
34 5 51253
23 6 85693
15 27 92048
28 16 2527
5 2 23177
22 12 69511
17 33 90729
2 35 65076
33 25 61236
3 16 26976
3 26 83193
5 23 98071
12 11 64129
23 4 82441
26 34 10245
7 18 17721
23 8 13249
15 23 42805
7 26 86223
23 32 70850
31 11 10317
19 8 50113
14 18 34033
21 7 61951
20 25 56233
4 35 72790
2 15 15063
27 10 6266
7 29 76336
17 29 47845
23 1 1985
7 30 16859
14 27 28361
31 28 58741
15 28 12502
33 21 95474
35 4 33211
19 29 87251
16 6 91887
9 21 58469
27 15 10081
3 14 3477
20 1 1085
21 31 47857
33 31 35370
12 2 2473
26 32 19121
8 34 51240
15 20 15579
30 31 11110
11 24 77404
9 22 33439
22 11 76352
35 34 76321
35 6 85737
34 12 18769
17 7 59817
14 15 76281
8 20 22993
32 17 292
31 14 43315
19 2 58686
9 12 88214
11 25 5080
13 8 55931
24 25 86881
25 11 50108
9 10 69301
20 5 79755
25 19 15521
26 8 29271
34 24 756
20 29 67153
6 26 70193
24 17 2749
25 26 69881
20 13 93725
10 35 86239
4 22 84880
8 5 69639
5 3 20363
16 33 53395
25 12 78782
5 7 22627
20 28 47666
26 9 43051
23 21 37578
35 26 15016
3 5 54406
16 23 43911
22 8 74145
24 34 51819
7 28 21797
21 5 87271
27 26 84381
17 32 91261
15 9 685
12 21 36588
9 2 72535
30 2 33901
4 33 51883
10 31 36153
6 10 48481
9 7 19659
16 7 38509
26 12 26169
13 10 28241
2 28 58377
16 35 73089
19 18 6995
6 24 59272
9 31 61258
28 34 37404
16 25 46977
18 32 29281
27 26 27649
33 18 97671
16 21 19887
9 16 22465
12 7 59611
10 17 86416
9 7 3598
29 24 75485
6 18 39501
7 31 89021
2 20 5921
22 29 8689
23 24 28161
20 35 47330
35 33 27180
31 21 84147
24 34 48017
13 10 71197
5 15 78363
22 21 14753
22 14 78761
5 33 28513
30 16 5093
9 32 96875
30 21 16393
13 1 28957
6 32 34289
20 12 99787
7 10 84236
3 13 38517
17 9 37581
20 26 47033
14 19 46331
6 33 66349
35 3 16655
32 10 79137
24 10 99931
11 20 46401
35 20 56869
2 26 94817
29 11 97801
31 18 20954
18 17 26941
7 15 91311
26 7 30313
4 9 79618
3 11 27871
3 5 28679
28 33 31147
34 7 96001
3 1 72361
28 4 18029
31 5 63547
31 20 75323
18 2 59265
19 16 31077
27 15 46081
1 12 36681
