32 386
21 25 95311
17 10 39491
32 25 47069
23 17 13992
13 3 25811
27 19 95961
32 17 5799
9 10 50449
15 32 20609
1 23 60583
4 17 29701
23 29 51127
28 12 12142
20 4 46537
10 24 93371
19 23 57386
20 4 5180
5 7 41821
21 2 60063
14 6 57991
26 6 52414
6 12 6345
5 12 42357
24 22 45936
13 15 28056
6 2 98813
28 18 89266
3 20 62217
15 27 64302
23 20 64026
25 19 59171
31 13 24497
1 8 56351
11 16 41873
32 11 18801
30 15 91602
4 18 66839
17 2 12781
15 23 38151
17 6 29281
24 23 28885
28 25 17441
9 20 95966
8 31 31681
31 19 27832
28 32 66977
14 30 35720
20 7 80425
27 4 30401
1 5 14831
31 20 7333
7 12 28143
11 6 92066
30 20 47701
30 18 63665
18 26 22501
16 23 83652
3 28 19223
11 21 87645
5 30 82485
13 19 81821
1 8 20029
8 26 27700
18 5 54113
2 24 22318
9 6 36210
21 30 91110
10 29 66137
15 2 44850
12 3 53903
19 30 90371
29 18 678
22 15 96283
28 11 11751
3 23 89039
29 17 11397
24 27 17741
8 12 3661
7 6 9511
26 8 4629
22 4 55504
2 19 35737
31 8 44193
6 3 30473
16 7 98952
28 13 6437
12 26 6162
17 15 501
9 31 17878
6 7 2269
16 25 67425
13 25 32501
32 12 8034
16 13 91174
11 2 85321
11 15 36220
23 9 6625
31 18 61636
27 28 89847
15 19 69707
13 20 33561
11 6 35269
9 8 42041
1 15 69269
18 27 23647
23 21 96181
6 5 44345
26 10 69854
21 14 31823
5 26 67916
9 19 57589
19 28 17794
9 10 21803
11 8 83009
31 23 33761
15 3 11912
22 9 1095
13 3 35267
10 30 57415
26 5 47377
8 6 4181
4 3 63525
4 11 5750
8 9 72489
2 27 38977
21 5 84859
30 7 41583
17 13 32021
18 22 12549
25 15 4139
5 30 82757
17 2 55923
10 3 7163
23 32 18601
22 9 78209
8 15 67257
16 25 13220
20 28 23359
11 8 20691
20 4 66243
29 18 71427
18 3 88186
27 11 2885
6 18 9613
8 12 76545
30 12 63442
25 20 53601
25 16 47824
25 4 99241
11 2 42389
5 1 53401
29 10 79863
17 21 47999
10 20 89176
2 14 82164
3 15 80543
18 29 24651
12 14 88971
15 24 93281
28 10 97811
28 25 60503
1 29 57716
14 30 27353
25 9 66465
16 7 51928
26 15 87923
32 26 26567
11 24 91517
15 2 26321
9 16 88301
5 12 11841
4 6 14274
27 9 48601
31 13 62819
32 14 25336
19 30 87545
21 23 99625
12 19 78421
16 32 95070
11 14 57690
28 10 91636
2 16 67902
23 28 6749
27 2 40621
19 32 90569
17 16 97001
22 2 85566
22 9 58029
27 20 37575
12 32 20446
14 13 6881
11 14 73913
19 5 87375
1 14 6196
32 26 13734
13 31 18995
30 14 31934
3 6 92751
12 7 25409
12 9 33203
28 14 62771
3 21 94529
21 16 82619
25 24 9961
15 32 93569
17 8 28830
26 19 76217
5 27 40944
23 3 90986
31 12 54836
29 12 72380
1 29 60961
21 18 61021
30 15 1750
30 25 16727
30 12 89075
11 12 90756
30 29 48325
32 23 92179
13 20 74454
25 12 2801
16 4 80408
31 4 58101
32 17 12861
7 15 741
7 23 8781
6 7 12191
1 22 52469
17 13 5615
14 20 50371
17 11 88267
30 26 20947
2 10 45946
25 22 53947
19 28 59829
23 25 54721
9 20 36461
8 25 93774
27 9 86857
14 15 90124
23 22 45027
30 26 95676
28 29 7601
3 27 69569
30 31 28744
26 23 72771
23 25 27729
15 28 66669
31 13 83463
10 16 65961
12 5 53771
26 24 73837
12 24 25495
25 10 70605
1 30 73631
17 2 22253
3 21 55001
4 31 20927
26 32 42331
5 6 99674
4 2 79111
28 29 71971
21 7 79781
6 17 6015
18 28 53151
18 17 15381
21 18 47773
5 17 51842
12 31 83731
23 7 82921
26 29 43861
20 17 69049
20 9 81003
28 14 75796
6 5 98401
4 32 34193
11 22 4681
19 17 80876
24 6 71301
5 11 78109
18 4 98421
11 30 30559
20 31 2072
9 29 34281
10 15 24604
23 1 80161
24 12 73815
1 5 79866
20 21 72216
7 9 47881
7 10 95221
29 15 32441
16 18 19618
11 1 46741
1 22 69044
14 9 8331
32 4 29406
22 23 72321
7 13 2457
7 30 80943
5 7 55329
24 23 85506
27 12 17737
22 29 67385
32 25 79821
2 16 52338
29 15 62339
15 18 16493
18 22 12824
5 13 78919
15 21 42664
1 11 24961
27 28 87417
18 28 60754
16 26 2481
29 20 50966
29 7 41887
26 10 94354
4 27 83691
21 26 66263
25 21 23869
14 3 49711
9 21 2299
26 10 11241
16 2 94461
32 21 11085
2 5 27513
28 17 46077
3 12 56478
31 13 78631
15 8 78310
13 29 17702
19 15 90753
30 24 96286
17 27 10986
29 26 40894
32 9 94281
12 3 56561
10 27 46848
30 22 9136
13 23 7852
28 26 48841
26 5 6041
1 28 78171
25 21 90701
30 11 92476
2 22 51097
22 27 39740
6 32 47109
2 3 14775
4 11 88389
15 31 12465
20 22 58335
27 15 98239
32 2 18471
28 21 41833
6 20 23269
25 27 95895
24 22 60449
15 11 2513
27 22 72571
13 21 62241
11 5 72385
24 13 40895
22 25 44343
8 10 1045
28 12 11576
9 8 83919
22 27 56986
27 7 57205
12 8 96005
19 10 91065
29 25 18141
26 22 18806
6 30 85936
11 15 7665
14 11 97292
9 19 51087
20 19 48289
3 26 20134
16 13 72959
26 29 6115
13 22 84817
4 24 2397
13 11 71921
12 15 11383
