93 2407
42 91 11669
17 22 12068
78 93 3921
39 86 4213
55 45 80054
62 58 13905
60 20 77886
55 39 58373
52 23 88001
48 3 87207
4 18 561
46 72 83745
51 72 90699
40 57 3521
88 22 2333
91 22 85501
47 24 61179
87 89 93625
31 15 99707
63 40 19320
5 23 54011
56 28 18817
37 36 13969
84 38 38561
28 41 89336
82 75 54538
77 58 40991
40 35 74049
40 30 71121
34 89 51651
89 21 97503
70 64 30033
24 22 12091
26 53 21851
30 26 99161
30 22 97117
3 69 5322
67 23 81881
54 88 68003
33 52 16674
67 63 20706
52 32 97097
28 45 88661
18 49 52601
21 34 73652
24 64 90337
69 67 68085
6 76 87996
63 64 9721
84 82 26211
74 54 3367
25 5 68349
82 86 30805
59 57 83509
74 28 84451
58 57 84141
38 61 62661
57 6 61161
43 60 47177
28 57 197
54 6 30541
3 9 8113
21 51 37461
42 36 11603
7 39 82236
41 46 12270
1 77 58391
67 1 22040
74 84 55645
24 19 16061
87 37 1937
44 89 56249
67 39 5041
49 70 45927
41 86 3065
82 46 32950
89 69 28049
59 15 93363
44 18 73951
88 5 87129
15 30 85865
6 18 75297
61 74 73669
40 31 57201
80 22 12439
24 37 50275
43 31 6143
91 89 21425
10 44 59744
81 69 71877
69 89 65306
93 49 36653
21 5 8925
22 68 6901
91 59 81616
24 3 57811
73 1 98665
28 70 5134
12 23 61713
1 49 67999
8 42 67851
46 73 59296
75 22 4846
27 77 46130
6 31 16591
21 8 39143
51 71 69177
6 55 92881
47 2 97589
76 89 38901
33 56 78813
73 30 17637
50 15 65917
93 66 15304
14 57 42951
89 9 94723
82 89 99625
76 74 23521
70 10 56767
38 82 64673
46 8 1437
65 18 13512
28 53 50474
59 40 55425
29 92 38319
12 13 94918
47 93 12961
59 12 71987
72 74 25530
92 78 72671
88 64 44014
81 87 56335
56 65 60291
56 6 48957
2 49 77007
41 52 93665
7 82 48379
46 23 87730
15 84 98333
30 84 30119
46 18 41863
30 47 85952
83 36 33161
43 7 87171
75 50 52782
35 34 47262
74 44 6825
12 41 11851
32 54 38375
11 9 10167
34 55 63949
60 56 25825
51 10 79093
10 12 24476
19 75 64261
36 84 71123
59 69 12717
76 39 76618
82 85 90623
87 93 39886
37 2 81921
82 73 11611
81 72 94831
24 62 82575
69 67 24225
87 2 39297
34 29 85684
29 10 28554
89 83 94412
18 50 75695
17 34 70560
81 4 97352
48 92 13091
92 41 51081
26 19 35743
8 37 8369
64 41 3321
24 21 21976
61 5 82993
65 62 66251
62 79 6713
78 14 77343
53 10 88746
85 91 29157
81 51 66330
24 91 15234
33 75 19001
54 43 55409
7 70 89061
2 89 53755
36 3 36709
12 88 27909
31 81 67921
38 86 88892
47 63 50379
3 92 71029
13 54 21421
71 27 41077
2 12 51731
70 92 86671
3 81 67501
56 13 94711
77 21 74717
53 73 64497
40 5 76113
26 20 60478
60 93 52973
75 43 43685
44 78 46376
39 63 76765
22 73 25607
66 63 44037
63 33 10739
15 40 43741
24 8 29201
61 64 5921
63 78 22305
69 82 83977
15 78 5741
93 44 17331
15 9 60681
60 25 67369
34 86 72725
93 59 47426
11 69 13161
17 7 40427
18 1 87393
92 86 89663
60 68 92057
93 4 8985
93 80 34751
52 81 56758
79 54 88395
92 52 93656
41 68 2854
21 13 12377
38 79 80295
14 33 32237
33 36 92264
8 88 77645
37 75 31541
74 22 66575
20 51 605
26 74 46115
83 15 93642
5 73 28741
74 13 53651
29 7 93896
75 37 72057
79 34 74043
57 44 83427
69 54 69324
7 17 35191
62 19 24805
82 18 95737
60 39 83710
26 71 40901
75 72 38288
59 33 98419
80 43 42031
10 23 8091
26 43 10545
31 43 74625
49 8 3201
24 40 76416
90 28 55501
69 76 68276
85 39 24971
90 11 81577
20 65 82921
8 88 64326
4 17 53947
88 42 70791
30 71 4329
89 88 90959
78 32 39688
46 37 99671
74 35 97377
80 47 13156
93 74 36891
73 60 13529
48 54 13710
40 30 72143
23 43 60830
64 13 32401
32 55 89221
87 40 90413
48 57 59709
64 60 55805
53 46 64641
16 28 27951
12 58 43051
6 51 4378
19 64 26353
5 15 79350
36 61 661
11 80 18721
14 81 33425
41 62 35817
93 56 77161
37 70 96241
51 24 75001
42 18 6671
62 18 49391
89 37 53909
45 53 24935
16 2 56641
33 11 88607
91 5 67633
15 72 98072
46 50 22009
45 33 33996
3 66 16176
88 57 19185
60 13 1831
17 64 65240
26 24 27809
20 82 22111
67 24 85401
18 16 14565
68 40 10761
49 40 62017
52 38 60893
4 5 97876
4 87 95505
18 52 12619
27 20 18480
58 26 23985
43 11 66641
42 6 18329
21 79 72644
1 7 4391
93 62 1725
70 55 66817
5 58 34331
39 10 84087
90 93 62196
14 34 16526
67 14 91921
93 71 60685
82 30 89882
35 82 47855
53 89 59639
40 86 17784
60 87 47008
50 28 89931
3 56 96721
8 87 15401
10 67 61647
9 45 46996
34 30 38856
92 69 62769
22 69 4853
4 1 93751
85 44 23116
22 49 65196
70 32 4041
39 24 89356
61 14 16980
58 9 64151
19 81 45651
24 38 84342
68 93 1601
80 58 28017
88 90 16545
37 17 95367
32 78 19305
67 89 77457
59 69 49706
1 20 9631
53 69 77210
56 40 24957
12 93 56232
81 36 91921
62 69 34690
75 41 7132
92 69 45998
21 57 9836
79 48 15329
86 28 54480
68 45 48321
24 13 17241
83 47 24403
86 12 1493
67 25 80129
7 26 14452
60 47 3167
14 36 54061
56 41 37097
11 45 57611
55 73 94176
93 9 33185
28 89 13601
47 1 43008
67 11 61505
69 92 21571
48 46 46371
78 28 88823
5 45 57885
40 47 13361
22 10 69981
37 67 66636
81 43 19660
5 78 1201
29 58 10197
33 85 96386
53 19 34484
12 1 87911
61 93 35061
4 15 53259
50 54 95457
53 80 18441
44 5 98079
39 42 43200
69 43 47909
81 71 54660
9 79 79041
29 48 83404
18 46 92608
62 5 74925
19 34 16865
28 18 10681
83 10 52223
24 64 6571
66 83 9161
83 43 37895
29 19 37041
80 24 13671
92 69 61630
11 49 10719
92 87 79216
38 45 91447
34 58 30973
31 45 62303
66 30 51141
49 11 95657
66 62 93929
15 2 18151
35 67 725
88 6 81345
25 48 68901
62 16 3884
82 72 43607
20 66 10976
55 88 26898
54 31 74953
65 51 43297
33 36 21833
90 62 99601
12 58 80266
33 75 72885
91 27 97257
44 31 93769
62 25 47777
91 13 90981
88 87 10081
33 49 71360
72 33 89713
67 51 45653
28 51 82329
23 12 85536
54 15 13227
80 32 99921
91 11 25557
80 7 65489
81 92 84465
51 62 75985
88 30 94426
1 60 37105
49 56 86265
11 61 58014
10 12 13034
76 24 1529
30 11 68124
2 88 61505
93 60 42093
40 4 98265
80 7 78251
84 70 65976
29 82 83759
20 17 69365
19 9 74948
55 16 66713
68 13 43791
53 93 12419
61 80 21493
21 29 28387
18 63 81689
79 26 96261
5 90 69011
81 24 44371
6 41 74068
86 32 34621
56 47 8681
28 76 1487
64 39 27777
32 9 40308
41 44 33706
60 54 28282
89 9 24588
83 34 9131
14 18 75751
77 52 89711
71 34 19760
45 92 77076
90 88 82759
20 91 35176
2 62 56185
64 77 30801
34 8 1188
66 88 67023
4 32 5013
86 75 29455
50 34 65087
4 44 5561
83 61 47121
65 89 58667
93 29 27926
92 50 64947
46 18 15103
12 45 59683
8 93 6434
45 44 86613
48 41 97575
16 92 62919
55 1 98941
72 68 35781
43 74 41161
21 73 49176
31 56 74677
31 14 69149
80 42 72271
32 77 62401
56 50 39961
81 66 34836
36 91 4861
86 55 7326
59 85 15329
52 16 83961
33 58 28281
88 52 47137
26 6 7831
11 81 60161
88 68 86329
42 89 97896
81 55 87583
53 66 13049
8 37 72953
43 76 26285
69 3 99502
81 54 20446
61 52 73721
77 2 67906
71 90 31261
5 8 48543
33 32 74777
6 88 88817
55 93 64161
77 50 59841
22 72 79878
61 84 78161
47 16 781
36 92 87501
87 45 37042
51 18 64312
58 30 69829
31 32 60362
19 74 8151
28 68 25089
14 45 62376
23 34 67179
43 2 33822
69 15 51127
46 18 44374
74 61 61465
29 83 151
8 19 24616
86 28 30760
67 13 93750
71 55 6847
17 66 29533
31 83 31936
87 64 35342
73 9 52899
65 64 92264
53 13 84379
47 19 91124
46 27 53795
76 51 173
12 62 54842
34 56 85457
48 81 793
92 4 49604
2 43 75549
13 5 74983
18 88 10007
10 35 27281
44 42 9445
29 34 55397
82 65 10447
27 74 59001
2 4 2821
36 86 56421
79 23 61826
50 40 76771
66 79 94581
5 49 31633
80 73 34588
5 63 11232
25 72 61023
8 71 47021
83 62 65979
92 20 51185
89 31 34455
81 64 13736
47 35 41423
38 71 86829
16 8 4162
88 83 17379
21 57 72072
76 68 49380
59 91 99441
20 50 31931
52 62 87426
61 26 50401
19 68 66601
46 38 77577
8 72 81631
83 38 31353
50 17 20163
4 88 79269
71 16 88551
22 85 52704
77 6 8075
43 26 3826
5 44 1934
26 16 33749
43 91 90385
49 23 35041
50 35 46952
13 45 46591
76 74 34002
38 80 81001
69 33 81881
20 70 17041
51 3 84417
25 22 87426
30 5 19821
48 86 77343
1 83 2618
38 35 51121
68 63 72618
71 61 38797
26 28 4752
75 16 1741
84 28 876
3 1 26691
52 28 87003
66 45 57392
29 31 17483
79 50 54643
44 6 61406
68 77 73141
48 58 6041
25 87 58336
6 29 33258
74 50 73111
85 19 74657
29 50 50659
7 59 31377
24 91 12592
64 74 53681
32 35 75777
40 13 81921
75 73 4921
81 53 10751
91 89 77508
28 71 39517
27 11 80791
22 33 88348
29 83 13831
49 37 51314
93 75 92710
15 42 28069
1 73 18437
27 88 60363
60 2 10795
11 49 92137
93 90 2278
47 78 51309
52 23 30888
20 78 75967
21 61 94052
32 31 6704
27 16 6309
21 90 14631
17 70 55193
56 86 17545
51 35 73577
7 87 58128
41 55 49091
83 6 27409
71 33 63878
47 16 26773
50 58 57609
75 74 40938
19 26 82159
13 27 54513
17 44 62421
18 48 38649
58 59 24269
12 70 52218
72 26 49441
58 35 28036
7 1 48737
91 24 57825
29 73 1033
30 20 34145
11 66 79903
72 73 4581
84 63 75624
4 68 53365
69 53 66984
34 90 45610
64 31 24465
20 43 67409
78 24 88899
88 14 78838
30 44 81303
53 71 46131
43 29 98294
52 68 56196
50 52 37748
58 63 93377
64 52 95941
31 21 53927
68 83 69021
85 14 58213
46 15 25057
30 27 83516
8 81 35860
47 14 50271
26 55 16557
41 43 9089
19 77 62407
24 33 48789
11 5 87821
90 18 69009
84 90 15337
60 21 34651
53 84 67371
33 18 62901
92 31 95702
89 52 42582
55 14 78945
84 82 25697
32 40 69752
47 34 82926
56 13 65265
30 1 57937
93 46 46829
59 18 79718
50 27 97151
92 52 40801
7 8 30901
68 48 61401
85 20 12895
75 22 84239
1 69 55683
11 74 10509
86 57 61242
12 28 64759
15 30 88641
82 46 43357
82 41 34767
35 20 79479
27 70 70845
37 14 84505
11 18 31975
84 64 2363
41 4 68347
26 7 50817
21 92 72021
78 4 63941
20 33 89549
14 65 88649
86 25 54910
90 87 55231
85 93 52913
86 32 49241
20 46 66225
58 70 34816
7 16 21931
1 81 50146
65 82 57087
23 54 61589
9 34 37421
47 66 19361
29 5 92289
82 62 17514
31 91 48229
3 93 14899
60 79 10063
7 39 84338
34 75 51761
2 78 3441
73 86 9387
9 11 48696
51 30 95440
82 73 10759
13 16 56401
72 57 77281
54 74 97667
17 39 79041
7 73 8289
70 65 88053
23 85 69997
24 48 37109
65 26 85511
30 50 27665
42 54 71096
65 66 6011
15 46 16727
1 31 88315
1 54 97249
21 46 87445
39 6 48391
7 28 93507
82 55 53508
25 62 47021
81 3 12361
6 82 55649
65 28 28441
47 58 24676
78 55 22172
36 86 72961
27 3 35375
30 46 31679
48 46 23541
10 81 25614
57 15 16162
44 73 70399
36 4 83617
24 67 47567
83 50 16824
84 9 9311
86 76 80645
92 42 91553
86 40 58820
84 47 33786
30 6 16423
9 33 90301
45 89 43691
8 88 35355
73 5 87313
86 39 65857
61 43 28911
50 23 96071
36 11 13409
86 70 46341
90 81 97756
61 49 27829
88 3 96451
75 80 9579
60 11 18186
75 77 7721
19 8 83425
13 12 38041
13 37 43561
5 57 60967
72 71 80891
49 14 90969
90 2 88321
45 1 54117
85 38 92865
77 37 75273
57 66 61607
3 57 86893
13 2 88326
31 92 29425
42 91 91248
2 76 38776
41 54 9673
4 35 33837
18 79 58576
6 21 91281
40 8 64016
43 5 55809
80 53 24559
51 29 86293
89 87 75839
83 52 84041
19 59 16670
25 15 14821
83 61 87901
81 26 94159
37 78 21803
83 75 52541
9 25 61769
45 36 29268
10 31 36091
45 65 82393
85 90 31176
44 88 86593
44 91 89964
46 88 51766
66 17 42001
21 26 47745
85 37 50205
79 44 95557
8 60 79169
52 90 1687
3 31 7705
51 30 29452
72 37 77123
27 26 83621
74 34 88823
50 37 34177
15 79 99581
71 80 96425
76 92 5304
51 79 74049
76 12 54543
72 9 86713
73 26 36563
67 66 61860
70 47 59905
66 76 10631
40 23 11261
64 36 13598
81 4 87530
14 65 73057
5 89 68623
53 23 59495
59 64 53181
6 26 21509
63 13 92193
43 10 87300
13 58 13733
56 35 7092
62 33 9397
91 49 88943
41 26 74521
73 36 70193
78 83 18059
72 47 15762
93 73 26297
87 69 9736
44 25 36480
13 90 92901
91 87 30168
23 21 12656
5 15 65591
45 2 89776
32 58 58977
92 1 92627
84 22 55617
87 4 60209
50 14 13536
9 74 7876
30 70 80743
45 37 98406
21 32 30888
59 67 98503
16 91 68381
86 12 99605
27 50 90481
4 77 4819
41 86 35919
23 60 96966
65 4 84046
66 63 48137
33 55 73921
53 16 82696
41 26 58571
8 40 87025
59 83 97841
46 29 71147
39 9 57754
39 27 39383
44 10 67876
21 26 71749
63 72 63001
73 45 19197
58 2 21561
82 62 75047
31 62 43233
70 86 43161
81 60 55476
87 19 81245
74 85 69984
51 71 92644
82 33 91093
80 39 48501
30 77 73496
30 48 5781
44 14 96981
22 9 63201
20 22 52211
55 38 96069
36 13 19613
37 78 46457
60 56 3497
84 40 39341
85 80 58623
17 24 47584
29 89 3018
57 34 69345
7 59 44251
81 2 9679
45 17 35272
13 60 37919
90 41 50381
17 83 85471
48 69 26666
21 62 87820
12 46 99516
85 5 42241
17 10 89201
73 4 56576
62 51 73561
56 46 50713
32 67 77981
16 39 77489
73 19 47431
66 92 87289
1 61 95641
16 46 9064
48 56 13761
93 81 38042
2 33 84455
20 33 10017
86 75 44504
82 6 8301
74 37 16801
26 46 22043
57 73 22271
46 71 75276
27 11 70874
64 53 67182
33 79 72881
4 79 6453
19 68 39611
40 9 66171
18 65 13969
51 19 49686
41 60 6281
25 13 38751
40 6 21476
46 48 2061
39 19 7939
29 35 68492
68 44 57961
58 81 43473
81 35 42541
26 41 59744
65 56 30361
81 52 40059
12 74 37506
27 32 72630
14 1 43891
19 68 90841
84 17 63689
10 45 2097
18 11 78785
46 41 24240
52 91 8289
4 93 84560
22 32 13549
11 36 42149
60 11 52495
42 21 67936
72 4 59305
67 85 36329
71 32 50792
26 58 82906
90 29 19873
49 9 65914
38 61 13517
62 26 69747
79 57 37111
17 5 77725
26 59 4488
5 48 69684
77 83 61459
26 6 24599
1 75 33788
15 86 23313
28 51 57909
86 50 55686
18 5 93728
9 18 95037
44 19 8029
85 44 37589
41 29 44897
31 1 91480
84 35 33523
59 37 8598
38 57 87188
45 82 90845
68 16 36166
87 45 50757
19 71 53615
25 69 84336
21 5 83261
32 22 39501
64 41 17459
59 8 82097
27 47 64865
84 18 14921
59 80 7049
34 25 11681
4 68 22321
10 62 35181
28 76 40481
58 56 74060
61 35 31079
35 5 14161
57 10 41533
69 3 57645
88 27 77701
91 26 441
3 16 44977
84 51 86736
50 13 6800
84 73 65767
14 47 87465
48 13 25066
38 45 52416
4 24 93041
78 65 29901
53 92 9841
75 82 88345
7 5 16121
14 77 10785
72 92 22750
68 78 49721
65 75 35947
79 41 84960
8 90 35956
79 21 87331
44 82 66585
28 29 67235
61 86 44709
65 61 13251
3 35 96161
33 48 20206
88 47 92136
53 82 27868
31 82 67254
49 35 3257
30 89 78273
92 39 61921
46 41 41320
82 22 62497
25 84 52121
65 5 79262
59 93 85051
54 17 201
84 4 78351
39 68 71415
79 67 50369
37 2 62483
51 13 35926
45 37 67217
91 72 97841
1 68 89009
52 43 74701
30 90 69557
82 28 19532
40 9 57615
57 41 9423
34 67 78481
29 74 92708
87 45 18953
45 9 90061
82 32 41049
38 16 75761
91 14 42077
91 66 65971
25 59 56129
88 17 49269
60 2 5893
45 16 92821
12 49 20495
51 2 49787
23 63 48426
47 73 62193
90 49 67073
50 42 52061
20 71 17434
43 19 40603
57 93 69670
13 42 80116
88 92 62311
65 49 21636
73 58 56457
69 63 19107
61 83 19745
56 29 76949
2 34 93947
63 37 86703
89 47 58608
12 1 2861
78 54 83041
20 88 26881
7 8 40959
72 27 43939
55 3 72411
61 8 42285
31 74 51609
30 36 62636
71 83 72633
91 30 44527
73 13 96273
49 21 54448
67 19 398
88 66 76609
92 86 69076
50 3 98256
36 16 9005
36 44 73625
27 62 55649
43 75 69091
62 22 74784
67 72 33222
93 33 8217
60 90 54177
68 14 18743
13 36 60811
25 69 83141
43 38 59242
48 27 5801
49 39 64538
89 39 66271
54 82 49841
89 37 49856
26 64 12859
82 52 18145
12 1 85145
49 90 15401
24 8 53129
89 52 55422
25 5 66313
8 24 43441
50 59 2497
46 45 94157
67 53 91329
43 33 54249
10 15 98629
28 3 10357
91 43 1953
29 21 64507
89 40 39601
91 61 84991
17 63 99347
90 64 16221
63 4 71583
8 81 29383
91 61 26881
3 85 3806
59 26 65263
35 2 91046
43 84 35680
16 62 18561
81 67 64001
89 56 41688
85 47 24251
41 39 44163
59 63 831
22 31 79201
17 70 45727
3 8 13681
88 80 1
68 80 41685
7 50 29239
25 60 58071
69 9 60905
90 75 72449
31 70 17107
66 24 16973
46 68 30561
4 11 32049
41 85 94535
41 57 82991
66 90 62081
74 14 92357
20 63 11185
82 89 75745
74 86 46583
7 90 5071
30 38 41126
2 15 77005
61 1 50041
47 15 91297
47 59 95940
2 6 38561
14 90 54221
45 73 11251
38 8 64936
58 23 2484
35 25 19221
62 76 35741
50 65 22651
77 90 80345
48 8 14674
76 73 17601
65 34 88227
32 91 67961
33 70 69777
5 81 97389
59 55 13926
15 76 43736
50 7 36101
6 57 78202
50 85 88729
74 24 98555
36 71 52821
59 21 98828
49 27 10497
37 57 34163
80 70 60951
14 37 38046
89 39 70967
70 13 96599
60 54 77806
48 22 44267
52 12 27770
69 9 39190
14 78 73971
6 39 81912
1 12 43701
82 42 10001
89 11 76129
33 9 11419
42 3 513
24 50 63432
38 9 49725
70 7 44543
38 63 50341
30 16 90040
77 86 10307
59 8 34703
86 87 23206
77 91 86326
1 83 11686
24 53 17680
50 28 5601
5 40 88776
74 78 26773
30 92 1706
4 3 10578
21 85 5337
89 18 36467
77 85 55768
44 47 31715
84 73 18892
36 63 4656
25 65 24257
52 49 2829
66 63 77153
90 62 27681
30 75 85614
23 59 7535
13 54 5171
17 57 78992
52 53 68567
63 67 42252
39 53 56414
68 15 81461
44 32 81185
84 45 20077
57 88 99011
49 51 87290
12 88 83691
70 90 8673
3 14 95902
10 71 10561
66 83 80705
86 63 64297
34 78 78491
68 48 23342
67 7 78035
38 43 25746
51 56 91501
29 86 75195
46 80 92269
78 31 37700
91 28 77497
90 88 99661
73 65 5091
24 36 86121
36 73 86088
46 31 81841
56 88 98431
35 4 89021
35 90 50284
29 71 68193
11 15 37601
72 10 51211
58 47 7937
88 75 82566
78 47 6461
41 48 95077
12 46 43989
29 33 12036
80 12 58761
27 36 27657
66 50 61571
15 90 3497
33 49 18701
39 28 56151
81 12 26949
35 53 84208
46 55 19836
58 45 3517
38 92 81397
75 20 13301
23 37 82853
51 42 12105
42 38 51748
17 74 76926
10 45 45777
79 81 767
5 75 62631
77 67 83369
63 86 12927
71 91 20177
26 91 39847
8 90 38645
25 87 99021
15 23 93161
55 40 88591
74 64 39938
59 78 23475
17 22 87186
43 53 67861
68 63 51876
74 45 80481
76 69 33529
26 83 69810
5 68 21631
86 50 14669
40 65 63435
75 53 5863
28 38 15862
83 25 16697
91 92 69929
46 17 65281
13 62 22097
14 20 37121
79 12 64233
55 77 9828
32 29 38776
87 54 86031
74 56 44737
40 38 86571
55 59 96849
74 52 51718
40 25 96923
57 3 97857
67 17 86599
15 44 70082
41 42 80621
80 10 40043
88 67 83989
17 67 3039
79 49 3597
20 91 68261
1 6 40363
58 18 99113
43 7 13115
29 93 90036
11 93 76529
10 90 29955
76 82 60481
50 87 67933
71 4 7833
54 67 66387
64 60 35701
52 25 41905
30 77 16201
85 67 46901
53 29 63187
52 11 8664
11 20 86417
62 90 60501
46 20 90471
78 51 5695
74 79 33254
12 18 98698
17 30 97631
61 58 28086
14 92 27969
27 13 65101
52 12 28030
8 7 40778
86 64 88789
68 60 46801
61 46 37569
44 71 50806
71 22 56721
43 35 15883
42 78 57098
62 80 28639
11 65 9356
69 39 50659
75 62 78817
4 9 71821
61 58 69683
80 81 8905
41 55 95771
23 76 55195
24 87 22507
71 65 60774
92 3 31721
84 92 4441
72 92 62201
16 88 32177
2 69 31146
31 7 87550
16 27 41266
14 12 9566
25 36 4539
9 28 86145
33 63 84929
55 66 75051
6 76 21476
80 5 72104
51 62 14038
55 42 95101
4 73 63016
13 18 86329
22 39 56671
2 69 1881
28 73 92401
90 11 97694
68 10 84927
92 61 11593
32 84 15371
56 72 42981
72 75 28793
13 73 23057
59 71 12387
17 44 48418
55 22 39233
86 54 43521
59 93 88187
43 45 62571
18 61 34753
76 43 31170
43 86 52719
11 31 18795
75 82 3298
19 84 32127
61 28 51301
28 70 89700
90 2 96506
75 22 84249
39 92 38993
19 13 74967
40 10 62223
64 47 63533
37 31 21852
49 52 12821
70 22 28256
35 33 91732
93 53 53173
39 73 28217
12 83 23801
70 29 16251
15 49 39891
60 4 1006
24 91 4598
28 49 95767
31 27 19001
49 30 11841
88 53 3077
88 12 42600
57 31 41941
6 74 73723
82 81 1741
23 25 77541
90 70 36865
17 83 50723
24 6 27067
60 78 94049
10 74 16711
30 84 94001
60 48 71811
62 81 81150
35 12 50656
19 44 44883
12 90 67972
71 80 26657
89 26 22337
46 53 20381
56 76 98073
53 75 55474
9 27 56261
54 17 33951
26 47 12993
4 61 49318
54 44 30351
16 72 51569
80 57 65289
41 91 61089
61 37 2033
76 85 950
43 79 98202
8 56 39573
58 30 5923
11 63 89635
13 9 69409
90 70 35051
57 20 77876
55 66 75281
71 14 40101
59 40 8391
17 41 62561
54 22 75601
50 38 45526
93 2 11457
78 16 35220
9 72 61921
57 82 85889
90 70 69433
58 6 12414
64 79 72469
17 59 22091
23 6 80905
22 62 44601
64 4 92421
20 59 58379
32 70 55377
5 67 24913
45 81 88165
83 4 88446
4 5 51122
86 62 80659
7 56 58088
2 53 75488
10 30 93908
14 51 33201
24 47 33862
1 79 26663
49 62 99381
17 53 77759
87 63 46931
77 86 87847
63 25 66777
57 45 46886
90 78 61031
47 53 95323
85 73 49611
4 71 72985
78 1 86273
61 43 35635
12 3 12681
58 45 68361
39 52 30700
71 37 11647
18 64 92705
85 44 42049
56 55 87606
91 12 99436
24 35 10297
43 90 77855
9 88 15901
35 60 24481
26 27 39556
3 33 32433
68 62 15036
12 92 94371
79 93 29121
64 16 41887
48 54 64418
9 75 97737
43 71 40433
77 17 6051
35 43 20217
59 52 71004
3 25 4369
28 10 19473
79 63 30353
50 75 38606
69 60 1501
87 53 52742
7 19 63830
17 83 5109
58 78 36481
44 87 36691
25 8 98751
76 4 43911
37 35 92508
72 83 15175
62 6 86712
30 69 81605
70 1 15349
88 89 12901
30 61 38761
82 37 56653
11 71 17311
62 35 44545
34 18 70306
8 69 42448
88 2 8443
24 58 46299
80 78 44345
51 19 29613
67 63 37681
35 33 66636
66 59 23595
65 11 25591
43 76 89361
74 67 37831
73 28 3728
5 69 18849
26 24 61827
55 58 56302
55 59 31251
17 78 80096
44 85 4667
93 67 84358
71 25 64261
61 68 22638
76 67 19395
23 37 30275
28 39 11245
57 30 69676
34 70 28291
6 79 55151
43 50 50840
3 76 41121
1 15 11579
85 66 72665
57 12 23691
78 6 80379
36 29 66511
22 12 55401
69 92 89265
22 89 29921
66 10 19877
50 47 22671
41 4 33841
41 14 18501
30 36 83574
39 17 33001
58 29 18971
93 8 34261
25 54 4703
64 72 40313
83 26 92015
57 32 62731
73 79 87383
21 89 23511
89 61 25487
65 70 46735
52 67 55585
90 10 95827
25 4 9651
86 62 85565
52 42 10323
27 3 49091
45 29 42609
72 74 5721
26 44 61745
64 4 59355
65 64 92599
62 43 85401
56 2 71961
52 58 5443
66 36 65092
88 6 72465
31 55 76723
43 73 91856
45 67 40014
34 37 23329
7 22 56655
92 51 83529
37 70 43226
29 64 37502
41 59 25263
88 48 5769
41 39 85049
31 4 90451
57 80 36459
52 30 47201
41 44 70400
31 41 95679
48 90 60385
9 31 37921
23 52 35810
46 66 25185
37 14 97731
26 34 94951
87 93 95362
73 64 66921
60 36 67451
55 35 73166
6 67 34903
15 83 22145
40 47 48867
43 75 25307
43 62 44823
73 79 1577
72 20 18259
41 64 80645
52 53 24861
24 45 16937
21 12 84056
42 61 13825
75 53 38787
45 52 76307
60 48 5988
29 92 85104
26 60 33825
75 58 41103
75 93 73481
57 90 83637
53 57 59505
63 44 35635
22 82 71120
84 87 95253
56 52 81486
70 72 75870
37 55 710
90 4 33305
20 47 26871
18 49 22051
61 63 46146
24 19 22064
4 10 70841
43 3 88283
5 78 3851
82 18 8221
35 39 55631
82 59 78408
52 3 57541
7 35 55973
65 80 32111
53 73 69207
90 13 19147
70 63 7441
19 92 91931
23 64 32561
8 60 19649
39 66 96509
71 80 89617
42 37 53737
85 4 21585
30 69 65349
34 64 78777
12 49 65461
83 53 70249
33 40 76356
1 28 82708
13 20 12904
10 81 96095
28 82 33482
93 39 62217
40 58 86351
45 69 90629
26 34 83936
65 75 43458
62 81 3204
93 73 37291
10 59 20320
13 83 53231
31 11 7401
20 48 31692
91 65 51541
53 48 23793
6 88 63761
17 35 20341
78 74 81289
59 90 37026
37 70 70847
25 8 41051
17 49 79485
23 32 55780
7 67 98305
9 7 66481
58 74 53021
47 58 1997
17 55 47988
32 10 16326
65 57 73394
48 1 69527
9 4 15521
4 7 66553
81 68 22212
29 31 52761
25 30 54831
93 1 99763
27 4 85678
2 4 70807
20 8 10843
13 39 92801
37 28 5937
9 31 84033
54 57 84443
26 67 75949
70 76 93841
19 11 96033
47 31 56249
35 53 80313
91 78 94433
71 36 62653
4 71 59361
8 58 56248
84 56 49569
8 93 16834
71 23 7866
84 78 36133
74 32 69161
4 61 82729
86 3 70466
13 85 12433
52 4 46377
45 59 68811
37 22 87705
36 28 45457
28 70 91201
49 46 64235
16 29 11777
68 84 99867
50 67 58245
36 72 87886
83 33 71574
61 78 13093
33 63 99561
58 2 8669
38 76 46462
56 69 52089
32 22 63201
30 24 44337
3 88 44529
8 16 85017
73 60 32991
59 79 31209
27 36 905
33 62 48961
47 41 72801
91 71 16513
27 63 3351
18 10 19383
42 18 21118
60 37 4801
73 46 62637
74 70 98449
19 48 93697
23 71 56408
15 46 16814
1 89 56561
20 74 65513
91 78 14410
83 23 5046
80 49 73688
29 25 54501
76 82 22897
13 1 79989
39 13 89933
57 26 77586
37 81 69093
25 36 92394
3 62 66774
4 74 85053
86 16 56571
6 41 78855
46 53 15359
81 36 86665
55 28 92013
56 59 30377
89 90 98121
56 51 79744
58 50 16357
11 91 94108
13 90 84383
19 79 1857
33 68 92237
53 93 42211
13 4 32749
23 51 68633
48 29 51001
15 45 55692
8 74 4421
80 34 12498
3 56 3813
20 44 68376
85 58 28364
51 46 56682
32 91 3826
37 36 30767
57 7 20877
71 89 87455
13 74 19797
54 31 1129
41 55 81301
39 2 87019
34 76 12532
66 15 91321
45 20 17646
14 23 94301
1 90 41689
5 78 57974
72 58 73015
75 72 72425
3 56 45397
62 17 67873
27 76 66211
30 46 59176
81 89 34776
34 82 44313
38 19 89404
29 93 6829
28 50 36690
46 17 8589
47 24 97531
19 90 34368
69 37 15561
54 31 98361
71 26 85208
50 54 70896
60 91 80331
10 47 7739
71 67 801
70 50 91111
79 66 69541
74 29 14689
65 24 33751
74 6 41681
63 40 25511
9 41 41761
81 17 89376
88 66 71865
54 11 56993
9 63 65715
58 36 43381
36 87 231
23 80 4537
37 59 62305
14 72 54551
39 90 41245
80 29 24406
56 76 85901
11 93 82606
60 1 16549
93 1 1643
26 59 11001
41 8 35913
17 71 1829
9 43 18984
40 13 17046
55 54 48681
81 66 15284
41 14 61997
5 64 69093
37 78 66101
81 18 29409
20 51 67531
33 34 32556
29 42 25561
40 72 80996
22 88 65885
92 28 19161
21 83 64788
16 28 79591
93 62 39526
81 44 48546
5 62 1483
28 22 3438
26 84 67466
7 60 18561
57 86 86409
10 71 48845
66 35 3753
40 74 75779
10 47 26394
81 41 21673
24 33 25711
59 15 35206
39 35 59846
36 56 42443
14 68 20084
51 86 22633
86 27 54685
17 34 64554
31 88 50716
4 18 92541
3 9 137
89 84 86715
4 11 25989
76 82 2468
23 29 46321
36 85 53554
46 7 22641
5 11 34701
41 47 9998
26 81 54401
10 86 6901
24 84 60737
77 62 66464
76 85 18751
46 62 75537
93 6 79432
9 39 18373
87 78 5726
54 45 94444
88 43 5371
12 13 95793
92 40 41912
29 49 13461
73 60 97779
86 42 67001
3 2 79129
27 77 69966
67 39 36821
51 60 67845
68 27 82185
22 79 57101
20 70 78901
38 2 61524
89 57 70397
6 62 70721
82 17 24033
77 59 25387
6 10 44545
19 85 14673
34 79 57757
11 31 52944
89 1 44055
9 79 90811
19 50 351
55 5 21349
68 70 78763
64 72 936
2 66 913
36 63 83423
51 26 80161
69 33 68125
43 84 98973
90 87 20929
12 74 48289
88 62 2487
29 69 69595
70 81 7973
62 11 32721
52 58 66157
71 2 54051
85 14 88585
32 37 62581
45 55 76033
30 62 35197
27 46 10889
21 16 35509
86 22 23637
55 22 86937
84 64 18697
74 5 88751
52 37 6609
52 76 24002
20 26 86429
46 70 24812
7 86 98655
7 20 78121
86 93 22705
55 80 64914
66 63 26778
12 18 64314
24 39 84567
68 42 18651
71 82 61777
65 87 67792
13 3 79881
46 54 69217
52 80 81312
52 37 24461
64 86 37986
21 17 24319
53 7 34546
26 30 14686
82 79 39113
28 85 93550
91 77 35941
31 33 63164
56 54 71376
57 43 71983
54 60 83241
1 58 54799
92 91 1151
45 85 2657
90 60 84137
86 62 83587
16 77 21604
7 50 56582
17 70 20074
15 51 12186
68 72 29441
88 34 21473
9 53 42279
24 3 83663
79 12 21701
55 7 82734
91 93 85801
48 42 93478
91 48 10245
46 72 29889
70 80 84753
45 84 55617
18 89 70475
48 50 74120
41 90 10465
65 19 55561
55 30 36685
46 28 63751
3 18 54593
21 78 39436
52 2 19989
66 81 49229
72 9 74497
51 5 80961
58 7 1781
15 3 29598
55 67 69881
12 81 55588
27 12 59464
67 78 21159
67 84 68029
23 47 89191
92 46 65317
35 67 28751
53 5 54992
52 65 89335
80 50 2194
9 14 93049
50 9 85429
61 71 27871
7 39 7183
5 35 67549
90 25 70385
52 29 47769
89 64 96593
42 76 63368
28 43 51751
91 56 95725
79 75 37549
41 2 18437
60 55 60285
77 89 92569
37 39 70189
62 76 9534
89 90 79351
41 11 40009
35 42 66465
43 27 22097
87 65 90490
9 25 98613
21 10 24769
35 74 61745
54 4 67961
86 39 66969
89 57 6044
68 41 11617
35 71 79397
9 73 79625
61 19 88449
45 31 67101
77 22 60217
32 17 30795
67 58 9581
16 37 32181
34 68 4409
51 3 2682
3 64 39289
60 61 28150
77 52 97897
86 9 5346
87 68 45281
40 2 14654
9 34 16655
83 16 56469
88 58 69461
45 58 89470
50 80 39403
57 44 95759
9 50 43500
74 18 81010
28 83 2297
82 93 5781
72 53 85509
26 7 44845
11 71 87737
93 24 79171
81 17 6154
55 2 4751
52 93 17527
89 58 23483
70 51 88347
35 13 24077
84 1 90600
2 35 67003
38 24 60137
12 29 11019
58 48 77141
22 9 4251
61 36 6993
39 54 42745
65 81 24543
91 66 74061
67 76 54069
38 76 40051
39 10 41341
16 13 55169
37 3 12940
40 13 80810
22 33 88820
77 72 34741
30 6 26328
11 85 35085
4 78 81808
23 8 58305
9 25 49111
68 17 97995
32 90 38875
51 67 5421
22 30 16321
24 29 46697
73 29 37553
56 51 25017
33 28 15361
34 37 22355
38 34 46961
43 33 78377
64 36 57102
19 29 69781
10 51 87850
67 17 65351
29 49 41447
2 7 34613
27 58 32033
22 72 47776
36 18 15421
62 22 84489
60 6 14870
42 81 53007
26 8 60741
71 49 6377
69 65 78095
50 2 92921
20 13 98231
33 61 91347
19 78 51481
28 16 99802
37 89 84858
29 59 47719
28 87 42571
67 75 94953
24 10 82145
61 75 67565
41 90 22707
43 55 48405
30 85 73721
36 27 61931
37 17 74591
39 71 13619
31 84 98301
81 68 71057
12 27 87210
52 18 97201
69 1 95546
26 72 5795
77 58 3803
43 86 7693
42 10 94321
13 77 79566
17 66 3378
11 17 78343
43 27 16203
38 76 79217
17 52 45145
61 17 94939
10 20 59281
13 72 56609
78 57 24001
81 37 4421
91 85 74233
32 53 63715
55 17 49036
41 90 98776
69 64 57682
19 22 60801
60 6 64225
77 11 45333
37 28 39929
53 38 1825
42 2 62556
11 77 93085
74 23 48871
52 93 68087
52 7 98713
83 46 10726
48 18 40536
36 51 86255
79 87 8443
76 40 70241
37 26 67205
