149 6763
11 18 21645
57 16 13851
133 19 9519
33 141 60901
85 106 32510
143 43 74081
64 95 35621
59 70 75141
29 109 66351
106 86 53649
127 148 18570
18 36 67953
68 44 37211
128 17 84621
135 50 9941
55 53 58191
68 30 96345
5 16 35597
96 58 78528
36 61 63462
17 41 99340
90 25 9471
142 80 53941
65 50 7919
135 13 47313
49 133 93446
112 96 56001
86 130 24769
40 21 27243
102 72 39359
128 92 21901
6 1 12881
17 120 93177
113 4 23184
15 51 53068
18 40 17949
41 44 99305
39 7 25
18 144 3477
148 108 5739
6 102 41997
35 50 17382
115 101 38333
84 7 44776
104 140 20146
87 114 95006
105 124 46828
89 142 57217
130 127 2273
101 92 71726
79 128 27558
110 46 71993
61 27 37196
73 49 99201
131 32 20258
48 124 73261
49 63 91201
78 84 81697
46 118 86089
139 31 94569
124 13 47391
13 52 50846
45 22 64783
49 55 58241
53 46 79997
104 113 8719
73 68 8995
113 130 85751
89 70 22357
133 46 1201
12 77 91301
128 97 91691
67 61 3473
47 90 23980
111 93 21617
50 24 64178
120 15 57234
115 87 26811
106 143 89476
100 47 55365
35 39 82129
148 44 31786
47 137 78201
20 112 52076
4 87 86906
139 57 85547
125 11 60810
115 33 40912
144 71 12099
92 27 35657
85 143 36643
118 53 73712
143 57 23165
14 105 49469
107 42 50983
113 131 63213
30 78 25072
84 15 20927
73 12 21852
80 66 85993
139 145 1624
33 103 4919
136 7 9701
62 103 75344
108 96 21971
71 13 99757
33 67 64185
141 52 52849
62 66 30430
107 32 44065
56 75 47303
2 17 77929
139 2 99601
76 139 46203
66 62 78941
126 73 48091
52 8 32849
47 119 69445
52 107 70641
16 38 15705
56 122 53636
147 44 52013
18 139 98941
97 123 35601
42 113 44353
26 39 11916
81 94 75550
111 17 35676
8 128 94317
122 100 46440
82 123 27835
132 83 10329
101 54 32777
119 149 88903
145 26 60863
22 111 69073
65 4 50769
28 76 64079
94 136 79393
108 53 12247
115 114 10398
143 42 74359
18 9 47237
31 3 49799
44 147 66189
89 24 32545
50 142 5812
67 17 29651
141 59 41561
12 67 45781
113 115 57417
125 78 7310
118 39 52800
13 105 2117
36 47 31996
139 68 45740
7 129 55985
115 98 85125
20 132 49864
105 124 42102
56 43 267
125 29 6846
27 69 82548
44 134 92685
58 80 76835
136 103 34001
105 100 55431
71 62 20061
7 56 76085
109 86 81411
49 107 29605
13 115 62907
62 84 69515
5 86 98401
71 62 38570
74 104 41101
142 102 90161
108 91 70296
65 23 65150
42 68 95711
18 29 69074
115 144 58719
101 12 93276
56 104 87725
127 56 47040
44 4 96920
68 131 92141
6 135 6331
132 53 29121
41 76 21109
1 110 95649
8 94 81121
97 33 65006
24 43 32649
97 103 29959
26 43 68690
57 147 81261
15 97 11219
79 35 1953
122 66 86051
132 28 5265
97 124 14567
136 69 70236
90 63 37387
112 110 47881
23 108 889
105 25 49101
70 124 53493
33 136 79409
51 10 36023
39 117 43001
113 4 46274
53 38 23456
103 9 11877
56 38 13633
19 91 19473
118 132 70528
10 146 78776
28 35 69065
71 127 23037
16 6 31099
32 92 94161
89 131 26389
31 49 27489
42 94 91007
25 112 40932
85 16 10260
142 48 34511
32 78 87615
122 74 27431
145 69 51112
100 52 47169
62 51 44401
61 24 55981
98 126 85824
81 124 26641
26 126 11557
140 67 50077
62 15 39255
79 25 16121
74 47 34325
123 14 77601
13 79 36961
56 98 92308
8 21 32716
42 54 55476
43 147 6227
90 127 23913
37 80 77383
128 41 5961
132 11 81831
98 144 66769
30 73 24881
143 91 36505
39 12 79121
110 66 83512
97 138 53751
45 21 76341
42 85 80311
5 101 76159
29 108 59521
78 130 34539
58 20 11611
43 6 90209
7 63 39677
55 15 97809
24 96 22274
83 111 78091
36 82 69873
114 68 9225
5 133 29755
15 56 14607
49 83 13931
105 83 86433
76 2 58224
82 139 86117
113 101 7047
1 75 25253
1 143 5817
20 14 94545
80 133 83576
18 81 57804
145 25 30769
1 137 43557
83 65 50439
146 43 69749
77 118 78503
136 121 99721
36 149 60809
4 35 32959
35 79 37852
138 14 21416
133 58 80457
75 83 4542
33 117 83277
49 15 18485
49 10 29473
12 68 84663
103 68 47031
134 135 71093
52 97 83284
13 56 63806
126 13 53841
90 7 6441
7 53 54801
43 1 4137
132 137 34206
116 92 34922
119 64 72331
61 53 15001
122 131 7521
43 13 25095
20 126 12391
36 86 7983
121 19 21099
138 58 33197
96 91 37242
95 28 75263
119 142 62521
45 14 6751
79 64 36059
107 100 57979
128 137 21115
5 38 2097
92 26 22241
46 29 72206
133 50 62976
85 14 30373
123 115 60277
116 147 93553
10 149 36763
122 121 52233
42 136 96337
65 90 16265
66 2 11841
30 56 30337
28 23 94368
97 14 27137
59 56 37807
95 19 38609
115 70 94218
35 52 7201
50 63 28151
65 132 88637
112 138 69341
1 108 42969
137 29 52259
142 98 42721
72 4 68516
81 24 6375
48 144 16511
125 2 17749
124 37 50914
99 28 65452
117 122 65321
138 109 52399
58 72 85162
126 36 41903
28 143 8851
51 12 91689
23 124 91826
139 136 80097
70 91 55231
29 88 59500
121 118 4001
26 135 76031
18 140 52429
28 51 32961
103 106 56801
48 149 76269
134 143 48897
114 62 89198
103 21 90159
138 140 21886
149 111 70763
4 58 19258
134 73 21963
61 127 72801
118 24 83125
131 77 44112
28 5 2309
46 4 75861
118 49 83557
124 75 69169
3 41 99171
87 70 36945
32 107 47446
18 22 6130
89 54 50619
124 39 8827
141 123 78586
64 54 92536
64 3 59469
92 72 66294
143 121 65663
30 95 83248
72 125 60190
21 64 23669
60 134 78197
52 58 6743
27 84 25076
105 131 69798
72 18 19301
58 61 76225
92 141 65744
46 20 10286
9 23 9021
66 87 555
139 41 12416
119 29 81739
106 1 90624
44 68 39086
13 51 40457
125 14 29417
94 4 46744
52 92 16036
3 129 75183
131 139 67459
143 108 58406
75 44 15631
84 92 13351
142 123 79516
18 147 56321
117 135 76211
125 57 55209
64 17 10604
124 24 91511
133 138 31885
111 22 8122
35 118 74957
67 110 42659
121 34 87174
46 144 85756
65 108 53300
70 74 79921
57 67 61313
148 126 49916
38 125 75478
80 46 50406
70 103 17091
76 109 26272
18 114 90698
27 45 31809
113 116 95666
37 114 73922
137 149 52525
42 149 40645
15 11 27743
50 115 28389
47 5 65436
66 15 68559
13 110 9946
119 130 30794
99 146 34737
112 49 88369
65 40 91376
106 133 21921
12 36 7151
12 23 57021
111 5 67226
78 138 15681
38 98 72126
90 94 86541
98 128 12817
7 133 62905
129 18 56203
51 103 23217
74 41 13883
58 111 53775
134 57 84401
114 5 80487
14 63 80019
18 57 54001
73 13 49075
135 139 99761
95 142 719
142 119 7796
6 98 40861
73 86 2171
117 38 93732
18 126 37393
24 88 2341
128 121 72626
103 57 17097
5 79 39489
97 138 97501
94 29 57801
134 120 24476
84 102 19731
58 124 77187
60 12 14319
73 113 9947
131 53 84101
127 24 68601
18 103 21690
148 9 42913
62 37 39166
47 130 64281
58 93 14881
70 28 88006
10 63 53427
70 76 42466
63 94 8401
25 26 42601
133 96 44711
19 117 53821
3 147 49250
24 95 44709
79 115 94001
71 145 33074
60 103 17249
112 139 3199
104 114 6071
97 63 15989
101 87 57811
113 138 13017
102 62 77165
32 36 7803
30 43 34131
66 29 91106
123 87 15517
125 82 77331
50 123 5697
94 120 51675
35 28 31397
75 4 27680
67 84 2587
62 77 82752
124 129 79231
29 108 44745
20 1 67751
88 131 74231
44 94 98964
67 142 73251
7 121 32201
20 82 47881
46 29 96361
90 64 35093
120 12 72741
114 78 50475
47 78 50185
94 65 83761
60 6 1438
67 95 25516
86 31 11851
39 25 42033
64 17 1006
120 19 90575
14 32 78841
126 99 25251
1 23 76823
89 21 3993
10 17 24097
109 5 16801
26 2 48597
80 127 18544
2 1 62761
78 146 42705
19 142 70573
42 2 89718
106 50 99703
144 48 88439
143 70 59791
55 143 71898
83 18 64401
33 54 2390
14 19 21911
62 60 93461
130 141 1001
46 124 39643
133 2 37437
132 33 55629
107 97 34506
132 116 75623
127 28 37441
57 34 52787
24 124 1066
70 72 13889
61 31 99331
29 78 49041
123 75 339
13 148 26031
64 77 77473
130 36 80761
93 15 38931
82 16 70909
68 53 16031
106 90 57576
104 86 16641
69 102 74363
78 85 71849
4 23 60361
94 61 7938
6 46 29501
49 108 19201
24 17 82674
54 72 78866
28 70 24869
3 43 86537
68 51 29990
149 49 8162
106 84 46701
84 50 93057
131 63 89041
37 121 35104
120 98 62377
32 136 9141
125 45 91228
131 72 1045
112 27 10681
23 48 17626
52 133 12035
45 7 79497
28 108 14551
136 35 31281
93 53 88489
135 19 34777
127 61 92131
95 71 26906
78 110 4657
107 84 86705
97 116 14080
4 7 83303
25 81 68381
126 101 93932
131 76 87369
90 60 72141
83 19 24647
6 58 88995
123 125 49473
18 14 83489
104 146 14209
5 27 77246
21 41 98521
43 138 48641
51 134 23958
47 114 18645
117 130 86731
4 127 21153
73 83 5931
32 98 55889
75 112 54249
17 51 48751
118 136 74881
128 88 97271
116 101 67793
126 118 98645
31 3 44481
51 143 33401
130 90 33781
14 15 42005
59 143 59857
71 95 65731
107 1 74770
25 14 95959
21 7 14676
127 133 78121
132 73 59963
49 56 6976
138 90 72721
12 88 31961
91 44 13475
2 12 11918
84 25 12556
80 24 7670
34 128 18166
77 36 76054
82 39 5332
50 28 38321
22 12 98653
87 108 69731
78 102 46324
89 18 4796
18 14 81221
101 120 26267
131 42 62625
11 95 80912
25 85 44166
100 145 1571
33 148 95529
75 39 10283
38 61 27121
30 127 46621
127 141 50154
59 70 3053
134 2 26246
47 75 36165
34 40 80206
22 120 76626
69 146 33037
132 17 45310
104 35 78304
148 125 4367
140 72 56417
148 7 72581
87 65 52769
139 129 43026
30 120 53296
104 24 17585
15 30 68173
120 98 82635
65 127 80353
64 34 63659
82 56 91159
64 79 78432
11 102 42802
56 77 82535
20 103 58717
30 17 4557
114 146 64311
140 60 94548
3 146 99276
108 104 67466
33 73 82051
86 78 83713
38 48 20109
146 132 35917
100 78 88456
140 123 24081
2 133 49193
22 1 5779
23 105 73737
107 61 17193
34 117 7919
16 96 7361
43 8 37833
89 105 69666
3 71 88209
83 19 67363
94 126 97515
45 47 12045
40 73 92851
21 2 97751
20 149 29481
1 12 15266
149 48 68596
21 97 87147
127 51 95537
63 26 44957
134 113 10452
134 77 58023
17 96 6229
139 120 81309
5 98 57691
63 142 49497
62 72 41123
77 122 99169
16 126 36473
94 61 36909
87 30 49241
73 115 63999
140 81 30625
40 25 59841
55 37 68401
31 145 7041
16 131 70209
136 125 99501
8 110 27113
18 90 32225
71 21 87443
148 80 18601
135 106 10879
103 51 81194
97 98 56605
101 139 55593
84 14 80791
92 125 1
32 21 27461
114 119 81843
77 51 30203
104 36 27041
64 91 82206
93 30 11421
30 132 88985
118 97 78122
13 103 45445
23 20 980
72 45 32915
116 33 80405
116 117 87195
144 114 22273
63 19 40396
42 10 93712
138 6 82093
61 62 23701
134 65 82308
93 30 91663
113 2 55039
94 28 96793
27 80 50991
47 143 97417
84 127 91352
63 20 86069
62 140 40216
78 83 99265
40 141 85443
131 54 68817
99 112 64508
12 89 58246
67 94 37068
142 119 94211
132 125 86651
41 20 8209
101 71 60699
28 52 62043
84 107 58275
22 99 44020
136 24 46833
137 113 7945
115 8 87081
123 102 32008
43 119 78396
16 68 1
107 147 16366
93 44 97796
138 128 65155
23 88 33902
55 66 46253
44 138 17482
86 20 41543
23 32 1356
143 93 31527
103 109 3681
109 102 64449
114 135 14952
60 119 18155
75 142 16925
85 31 21230
13 32 43975
124 79 44875
33 116 20011
21 83 8511
27 28 96616
147 25 90380
140 91 30417
126 4 81006
30 125 10251
141 71 37737
2 80 14051
13 22 60176
43 122 95465
68 16 46337
53 128 52429
141 28 78985
2 69 52759
66 13 18481
65 147 14105
104 44 10557
103 47 30474
31 33 48589
62 29 7468
139 134 40086
143 115 49612
36 14 91324
40 118 81251
120 23 97093
92 73 85401
5 79 97046
117 14 77985
14 49 10476
135 63 40641
59 35 40779
100 31 6057
51 147 47361
125 141 7055
52 88 59000
114 8 73701
44 105 59671
27 148 99277
36 133 52273
7 28 94658
50 13 82109
94 146 2524
74 62 6714
76 140 23962
20 8 20941
103 106 74839
116 37 16001
31 50 7741
143 66 7161
92 104 99180
149 17 69751
63 50 25892
77 73 63967
91 120 45583
39 14 81766
1 23 84849
102 39 46447
6 96 12283
50 119 36441
143 125 69459
116 20 7801
79 71 70513
118 87 49628
71 136 52625
46 96 42721
125 123 26733
63 107 4273
7 149 85469
9 116 25037
89 8 95329
85 76 31627
116 88 64126
20 94 69724
37 46 55465
31 65 99485
147 73 71028
146 45 10721
149 75 78262
136 52 88816
114 88 68556
48 135 1347
64 92 86066
106 29 14328
44 149 69408
34 63 53905
63 50 53961
64 26 42177
89 85 83977
41 4 45591
136 31 88057
30 132 11065
116 112 18852
16 97 64033
27 127 24999
12 2 81001
123 107 84864
138 70 74469
92 67 50257
59 68 6359
107 10 20231
12 59 90689
119 43 73185
47 85 7665
43 48 42401
56 86 7600
103 63 43677
50 111 9647
101 27 25974
144 143 37247
40 130 84521
139 110 85051
69 63 33177
56 79 56801
145 45 28501
86 72 25409
94 18 5319
34 57 22385
145 70 24237
137 13 97097
129 14 86066
120 56 83975
43 140 14703
125 8 30225
12 102 99631
68 98 51946
87 15 82059
136 9 15312
112 3 34762
4 24 51276
26 18 35494
43 145 74881
97 115 27435
24 47 49989
110 12 9648
47 6 95194
113 84 16351
44 87 29349
75 74 99689
73 121 18465
34 65 31941
35 140 31171
97 33 52377
73 94 15965
19 60 91800
141 134 45286
82 136 8769
7 81 62517
5 39 72289
81 46 51705
46 114 47261
60 62 56417
103 22 16755
73 62 28751
93 4 99521
31 47 37124
26 121 20125
44 128 40201
111 87 1443
101 86 46185
17 48 36372
134 86 32780
61 148 48373
47 61 68989
28 61 60851
24 119 9615
44 75 53455
30 55 17329
105 27 79220
68 65 53059
12 72 51788
126 147 5633
3 60 92228
18 52 32281
100 62 18569
41 135 98742
21 5 84985
123 9 61053
3 17 89402
120 6 40517
144 122 79141
54 51 7793
10 114 49727
84 22 98111
40 125 28489
146 79 33697
3 87 705
103 75 42863
112 119 42843
118 129 68726
4 22 30196
19 138 37747
88 91 78398
51 68 57601
54 21 90032
18 12 43386
39 20 26065
41 68 17126
42 120 9013
71 147 79881
95 27 46985
97 93 98801
80 25 78069
40 73 22624
137 79 22321
62 124 13968
44 6 94361
40 139 35073
102 26 82609
13 89 62159
65 131 60801
77 33 83697
103 120 30881
12 69 84121
84 141 97348
117 21 79766
29 43 82961
24 115 28563
82 30 3385
131 104 1900
89 41 45080
46 115 74317
22 67 40477
80 1 60945
131 130 79451
124 62 54867
68 30 4513
88 29 87861
21 70 721
135 130 24490
59 67 50117
72 101 23356
6 34 90552
40 121 46731
24 77 9937
17 138 41766
51 97 82609
99 5 85789
10 108 26997
134 50 80858
49 86 10533
19 148 22789
38 125 22646
90 116 97633
69 121 276
138 36 22033
37 129 97541
75 139 84627
108 14 38072
89 130 16091
77 113 48651
42 112 60899
21 13 15796
72 35 7607
83 32 57336
51 38 68273
71 91 37737
124 41 6151
20 110 37001
12 92 42017
59 48 54305
65 138 94434
127 46 12353
112 6 8660
51 1 77927
107 119 49615
97 148 11741
134 146 68601
105 41 40961
28 116 32682
40 39 81191
101 131 7746
72 136 73481
75 23 6401
139 106 70917
64 60 19438
117 77 67501
79 61 74903
88 35 63714
23 42 55491
53 148 27402
76 96 33996
68 130 65481
52 53 28988
129 109 24005
105 8 75716
106 21 19499
135 67 98377
107 97 18121
124 88 91253
129 80 70882
4 141 39821
66 29 88624
52 18 57971
16 138 86201
105 116 91107
141 27 29143
82 37 79641
32 58 90517
9 65 58877
63 11 99121
58 94 18667
78 42 62871
133 38 18917
74 115 79056
67 84 7147
138 17 99233
65 129 66501
9 110 71004
33 80 70928
142 115 91829
38 120 84054
74 87 85649
81 86 18995
124 39 64369
64 7 28955
30 144 19009
57 132 70131
22 142 58220
109 55 61451
27 89 31143
20 15 82675
14 33 84959
141 131 10401
91 115 61646
18 38 32390
105 4 47389
106 85 43109
41 63 92473
12 108 26081
48 50 74952
142 134 97876
136 143 31961
133 36 50631
20 62 43531
20 11 10305
140 147 33153
78 17 58119
79 114 36029
7 104 25788
118 148 65833
58 77 80213
132 26 34625
12 41 17096
98 105 61909
3 84 30169
138 72 40705
5 99 42292
70 82 49886
147 45 42609
12 28 49997
27 91 24553
30 16 52806
58 69 43921
43 77 30711
29 17 18253
73 131 53573
22 136 10545
13 59 66526
53 18 21579
124 84 34531
129 5 91205
87 93 18561
14 8 8670
100 54 67756
141 62 19154
81 68 83111
113 15 51980
21 10 41543
31 44 41724
42 56 59257
117 111 28245
60 17 62891
87 137 61173
113 12 73934
34 57 20641
25 139 27804
60 26 52446
42 59 51220
91 123 52775
51 9 73097
136 18 74849
18 97 52521
115 118 54241
30 4 75431
122 71 43148
109 18 5077
42 49 88156
61 28 51363
135 133 62935
83 87 11723
126 29 21473
3 17 3327
32 125 66077
31 120 65849
137 102 14169
2 122 61020
44 5 44397
29 143 40261
91 138 57571
132 137 39244
95 98 98849
2 82 85889
44 103 85057
32 59 60117
3 30 34177
8 110 57561
90 4 92575
14 10 30493
53 96 95321
75 45 1140
9 39 27253
83 146 8557
98 6 66947
141 114 62440
111 127 49000
148 96 38867
7 101 67396
74 22 56103
129 30 70305
107 128 11291
97 57 24761
126 47 17187
39 122 78731
104 128 39751
123 100 18210
118 59 84513
110 132 73895
98 14 73408
115 128 52061
145 62 41861
113 149 26406
131 95 42112
8 24 17543
35 131 30719
133 59 15729
100 101 70215
9 38 90136
11 5 39371
45 87 20567
97 6 39416
90 126 81730
36 93 62103
8 109 45637
71 80 22543
21 149 37821
19 22 3279
14 64 20781
45 126 20119
92 145 40201
76 61 14002
41 126 47111
31 67 96081
123 50 73599
96 40 42455
146 54 57785
93 101 12098
108 127 12107
32 118 18352
131 52 3497
30 132 2374
50 96 97301
66 12 1201
148 28 16126
123 26 74484
135 113 31326
121 63 18401
103 10 3190
63 74 88536
60 140 67051
84 6 31701
101 51 16753
59 100 6317
49 107 29
26 96 65916
132 47 32569
10 78 59769
141 22 97997
113 80 11473
123 51 66717
32 86 71727
132 82 74155
89 98 88751
7 93 13959
92 49 45896
68 49 97265
111 109 25673
98 85 61407
82 3 23473
66 8 96998
82 110 43262
5 38 66327
16 3 2341
79 3 68964
6 107 29217
123 13 79716
6 17 12705
85 1 89893
28 130 95971
17 30 44482
143 75 47554
65 121 13345
18 67 16069
46 146 40733
118 103 12881
20 134 56753
121 134 63451
147 88 34759
108 100 85991
91 55 2341
29 106 6560
53 50 31890
21 98 78149
24 20 2651
29 109 72513
103 54 98851
75 44 90577
149 135 57489
89 61 34593
108 130 48946
118 103 20108
52 149 33129
59 125 63169
92 17 65945
129 9 72463
110 92 38509
29 142 26357
99 55 85083
149 39 86116
99 102 43946
129 125 21966
84 95 53853
88 52 76561
90 112 74681
15 118 71499
67 38 27265
48 124 44297
48 37 45121
90 34 97356
101 48 65645
126 83 72177
76 19 85677
143 67 4795
3 14 25231
69 120 99841
7 76 21901
122 13 235
80 87 28231
39 2 14768
124 116 1153
93 134 72931
99 27 44053
134 29 63165
148 59 17949
4 116 69901
7 113 17201
128 110 15838
60 46 25689
53 70 44235
125 105 39989
27 40 38941
72 64 46173
44 26 17459
69 144 7798
129 114 47057
3 137 58021
101 111 13870
46 111 43739
64 37 35476
145 25 82979
70 13 38798
147 134 40438
14 43 47713
71 28 64399
59 41 40937
112 89 67034
139 45 11153
123 99 39629
12 29 43701
56 6 43453
85 97 89433
29 10 36518
122 13 68054
42 62 6311
99 118 21649
143 39 48436
122 128 18369
74 104 28625
147 84 12766
5 143 97424
140 126 31539
134 117 31985
72 142 69873
122 61 33152
46 128 64313
29 60 64140
6 24 91285
23 66 88081
49 31 52636
56 12 98692
124 113 94809
43 85 58276
114 108 58783
81 65 56373
112 62 7921
16 129 35260
123 84 93549
58 115 84032
39 23 54766
108 146 35451
121 104 72860
46 30 77983
64 37 16071
121 64 51903
91 38 3021
37 125 5576
133 146 88351
82 133 86150
40 25 43601
48 102 38792
130 38 69520
87 29 40121
55 69 90673
106 69 669
30 132 71533
131 35 62251
78 23 45425
144 148 81763
43 21 59957
15 8 15482
145 48 89761
114 85 29307
148 50 65134
21 144 88831
11 112 32401
136 134 65173
2 43 49217
67 2 91746
118 104 65377
105 144 36981
63 127 76191
132 122 17072
12 128 92402
57 20 16245
4 29 11441
1 103 97090
90 67 5978
65 43 76662
10 100 33601
59 77 40529
145 28 33997
98 63 24421
87 139 60225
77 104 44903
71 34 28765
2 17 66229
139 140 62241
12 63 25909
76 52 1496
97 28 17177
52 118 19568
44 78 76731
131 99 47121
6 129 15915
41 104 50405
119 19 88676
119 147 69476
85 117 35936
38 82 2301
117 61 12625
107 42 11979
48 137 5337
128 140 96685
122 116 1241
68 51 53905
11 75 18033
110 30 31861
143 103 1653
22 38 93651
24 60 6426
107 62 52285
115 101 29185
52 114 51521
147 72 30051
75 58 62369
30 50 90030
124 121 79571
42 57 59122
32 123 88656
90 99 88001
103 42 83641
110 107 30271
111 121 79637
14 57 35297
104 23 28062
87 117 1946
45 93 90823
106 112 42143
55 5 99499
147 145 81801
139 134 52321
92 109 1013
3 9 61857
85 55 4001
6 45 63725
131 95 88786
29 122 24341
128 16 89697
140 145 63592
54 133 21855
108 63 80574
133 138 81068
20 13 32179
30 21 28096
97 72 3701
115 100 73473
2 38 52877
10 106 52718
114 144 12401
124 127 93877
63 27 29676
8 85 84441
96 81 55924
92 35 85079
129 149 90086
139 72 6686
90 34 64856
131 120 14911
43 100 40145
69 65 34732
28 94 83401
73 6 71447
63 146 27057
58 77 20347
29 104 8164
124 142 98909
61 59 14941
87 14 75345
129 5 35733
20 67 39021
26 23 1979
83 33 28784
101 93 77499
18 63 21103
129 35 69103
16 76 278
80 14 66735
63 85 52538
107 36 84783
93 77 78594
105 42 19176
33 61 54158
14 117 12619
130 135 54029
94 132 43647
101 58 75873
35 135 34627
37 53 86401
38 117 11149
48 111 8121
127 95 83356
63 6 69395
102 69 76605
94 107 21015
50 73 23557
80 105 25821
98 143 28535
101 37 5241
64 16 95101
55 99 56393
122 100 69325
57 61 10913
108 79 80247
148 30 6792
88 90 15586
23 104 58797
42 96 57420
127 85 84681
51 52 81473
48 147 76769
125 9 28587
36 54 18067
33 88 37825
126 81 63031
78 41 65200
60 32 67094
32 147 23597
61 136 78045
36 49 99617
83 115 92509
147 51 93321
47 38 63001
44 21 88074
140 2 4476
63 28 33495
120 111 28569
134 35 54445
74 121 24279
111 51 45601
74 23 73965
60 9 42501
88 32 56593
81 59 21679
147 72 97501
32 97 27853
2 80 5917
117 144 75695
82 62 33948
137 131 58801
5 149 25181
84 113 36801
6 73 94935
149 51 26697
52 14 84267
96 60 65013
27 10 27951
37 54 83909
25 63 57897
110 75 11985
42 80 94081
50 132 80610
32 75 46633
32 98 81451
60 10 2341
21 123 28074
78 43 14731
100 85 64011
61 101 32039
96 112 68637
106 80 31197
6 115 7585
101 34 64303
139 131 90711
113 63 89569
68 130 18961
64 85 3409
3 45 70081
34 135 70081
103 68 15539
93 32 70363
22 120 24349
138 75 24308
80 23 35353
143 120 97533
72 119 15281
69 38 4761
60 82 4496
81 82 67621
95 89 72997
91 146 48076
105 17 43189
102 136 91374
132 44 62801
110 12 7876
77 70 97309
135 124 48191
127 82 88036
93 47 78100
148 28 78233
137 50 48967
16 114 77937
90 85 19257
141 123 19001
94 19 55251
61 55 96737
36 124 42929
8 117 83527
28 22 68203
77 19 59929
134 14 91501
130 111 34975
138 125 99438
53 133 19006
7 90 68494
125 31 66925
72 101 82081
136 9 71073
2 103 86464
147 94 20850
85 132 94161
36 127 80366
11 110 91369
77 73 85421
16 103 51133
54 28 52736
84 41 87837
22 68 6593
58 30 50661
108 118 80729
100 5 71752
122 119 38861
109 43 48986
75 145 85401
92 103 39341
120 16 58679
134 100 67521
29 11 33377
82 42 27852
111 131 51717
86 6 81925
24 124 45095
83 104 5213
100 75 52821
141 139 47677
11 2 53411
124 34 36937
108 76 6781
2 100 91993
76 137 86732
43 139 45571
108 57 31834
74 71 82441
52 113 39643
12 46 89681
89 57 99355
128 90 81241
43 54 42679
144 104 69863
101 32 63323
35 135 28676
56 64 3345
14 143 884
70 149 37451
60 40 7507
67 15 22807
16 74 48196
17 66 88489
133 62 95437
113 116 88506
18 58 14739
131 110 90664
23 132 4105
61 19 84730
105 63 57846
76 72 44955
136 21 80959
100 119 12383
107 125 54529
115 133 41001
14 88 16281
131 1 92050
143 100 35569
43 72 12465
131 46 64721
74 141 7946
11 57 56331
66 70 98376
85 57 32969
8 65 47501
81 18 45921
68 72 97869
114 101 97257
16 149 300
51 118 9300
80 91 45974
37 14 98933
47 126 67369
101 102 70917
55 74 29125
11 16 1387
93 19 33404
46 127 11962
4 31 61718
36 64 66280
107 95 80829
93 4 34785
118 40 28579
69 43 55661
104 131 26321
21 42 10864
59 129 73105
8 15 82369
60 5 99185
45 112 87109
126 90 86119
17 117 44265
21 32 40579
59 97 14265
71 61 74331
73 88 1
4 7 34549
109 35 8689
145 140 48471
92 13 32353
66 34 94606
113 33 17820
51 35 9621
111 36 11824
85 127 35061
100 5 94255
147 130 14871
115 57 10493
27 135 26599
94 52 72571
78 118 94193
57 46 21721
69 13 26369
125 20 23793
16 93 12121
136 2 77328
66 144 77664
81 36 2862
2 51 99905
65 126 53617
68 94 52165
111 107 43991
7 62 86017
102 131 90037
98 15 54625
86 120 75999
15 143 19768
25 145 1437
110 147 5577
132 110 58887
96 51 75191
5 142 24574
102 133 87207
142 3 32128
47 91 4251
55 79 98393
99 110 6557
67 9 58907
45 46 16097
79 9 44395
118 98 5225
78 99 9401
128 48 93661
146 28 94691
127 51 1577
116 20 8361
109 134 63257
54 114 70631
52 39 81
6 124 64121
97 83 60065
87 76 680
122 38 68715
24 88 30043
145 149 40969
75 60 42113
143 80 34566
110 94 35761
11 38 94528
74 133 83575
78 34 65497
132 40 59017
95 124 59269
67 82 69568
41 119 80076
3 63 50608
65 79 99649
145 46 90031
91 81 22813
134 73 18751
101 107 11684
138 28 63147
62 47 77919
76 105 48361
37 82 47073
142 77 41777
46 94 7065
61 112 29450
147 149 87585
149 28 51501
145 13 50561
12 131 70661
34 69 26642
130 20 65477
112 143 88985
57 6 46365
20 112 66917
22 80 9954
132 50 22371
80 13 4982
135 69 45855
12 72 11249
29 71 39207
112 81 18789
17 149 29511
11 38 92444
120 37 304
87 21 70789
142 27 4841
77 39 48341
15 11 62046
114 148 53217
16 5 91826
101 12 25053
111 122 9399
43 114 35123
18 146 30195
108 38 26695
6 105 68601
50 32 12975
105 44 95521
139 93 77524
34 104 92385
19 83 80595
103 143 45881
63 7 90076
25 5 76293
70 96 70717
138 128 83881
63 74 72160
144 88 50233
4 18 48041
53 62 48396
124 17 67073
147 83 51017
128 98 98425
9 128 84177
143 10 36164
12 139 33739
6 125 31213
9 24 97360
88 109 62368
61 123 86865
27 105 3273
107 12 5347
122 98 31791
30 32 82751
130 114 95495
27 5 1493
68 27 93621
68 16 449
135 142 26161
144 54 43269
87 41 69558
33 86 87391
53 35 4017
77 142 81681
134 89 72001
146 84 34701
94 59 66817
62 65 50763
43 15 79087
57 20 92973
2 25 50161
31 45 40060
68 121 25130
113 52 9513
51 147 37361
109 126 74692
41 2 67801
50 8 23873
56 54 89353
99 117 8993
41 109 86594
24 61 3303
62 76 95582
21 130 84919
41 108 14515
36 23 98753
87 103 799
130 74 20185
109 21 74226
10 75 63699
101 102 34129
33 136 30504
58 135 257
55 23 94369
22 96 53137
22 136 23852
100 73 5177
65 45 74881
39 15 24798
134 29 29530
28 8 12181
83 108 98890
135 119 88691
139 149 87026
34 52 89469
114 76 45181
102 15 19441
88 89 63210
58 93 62564
149 55 76842
146 66 67425
47 116 32400
1 5 22881
139 61 19001
115 7 75776
134 29 39051
60 135 96693
44 72 74763
7 140 2830
110 12 72155
137 98 96625
29 74 55201
143 23 49985
128 98 16201
117 6 92961
25 51 3697
148 64 97975
132 94 57681
25 73 63118
19 125 59096
113 49 74785
148 103 26817
72 143 11137
10 142 88366
26 111 42087
146 7 75645
99 50 17451
98 95 97956
43 109 70333
14 133 18049
133 112 95789
49 121 2401
57 125 12673
34 26 94111
21 100 70341
122 145 95821
57 91 73609
119 143 88106
115 117 23675
75 62 79126
23 49 91491
54 89 88061
51 136 59645
36 138 43825
49 22 16711
31 69 40544
5 97 75750
29 38 54940
53 110 27725
147 31 85590
57 138 24433
101 145 91906
148 105 64779
101 100 34561
26 85 9611
31 98 97231
119 36 63785
18 81 69870
105 61 91726
92 79 83125
104 56 7116
20 138 70796
53 29 17153
110 7 10633
60 103 35995
54 124 57709
18 115 46789
140 16 84481
5 135 16326
110 88 2061
13 132 50209
76 113 96522
74 7 7453
100 59 92044
139 51 24521
148 108 92253
12 38 58814
14 128 93126
57 123 63219
35 126 35361
137 4 9251
59 49 67067
103 35 61303
62 66 19665
65 142 34453
32 95 10041
54 38 29346
74 40 28651
116 21 56755
17 75 9911
59 96 7721
23 46 14401
105 99 15457
84 138 32741
131 19 43873
126 141 72394
100 5 99065
139 129 35779
56 71 8609
93 1 13701
36 117 10256
110 71 15355
122 46 77818
57 94 77786
45 140 46840
40 149 48228
67 68 14179
91 44 64437
87 79 634
132 136 1337
101 126 45826
6 7 20925
126 83 22301
84 65 5948
55 106 33159
92 10 22539
80 118 50142
20 99 14915
64 34 25378
66 90 3873
149 10 13919
34 140 53057
32 95 44144
107 83 89341
90 76 11196
83 139 49153
144 13 98296
96 76 28377
32 121 17357
58 54 49276
38 61 24959
91 121 95109
34 35 35637
44 119 39097
114 100 91137
141 83 45643
66 138 15551
35 12 82771
85 41 39497
43 101 16426
13 49 16509
41 97 43249
123 149 71049
15 88 33923
138 98 1433
49 43 74721
139 39 31137
23 113 24548
10 99 36170
136 71 42481
71 40 76524
27 28 6101
56 126 94851
92 145 99392
54 26 37953
18 103 92191
105 32 26577
118 44 60166
74 30 13896
127 110 5401
120 64 90391
75 29 43191
36 8 13989
55 115 7961
98 96 40001
141 15 78129
131 93 33281
120 103 79901
104 143 37863
118 110 15301
39 61 63059
73 63 86931
146 118 36980
121 95 56073
25 5 42525
69 43 51323
135 36 61241
59 55 99854
99 125 69981
51 110 89256
38 141 14396
15 54 51824
19 6 12713
65 90 86519
77 79 41992
146 72 99726
146 107 31866
55 114 18350
44 109 86996
14 5 89493
136 4 74471
90 78 34947
10 50 97073
32 107 41483
7 74 58155
18 55 56469
56 57 16149
39 134 41744
43 19 56031
74 7 55797
84 116 68983
78 38 30771
26 39 87425
119 70 5321
24 135 79518
74 27 91473
13 77 42234
112 127 40777
47 137 90300
143 13 10400
107 95 42884
78 73 31933
18 23 92105
103 41 9727
89 73 41889
128 121 50401
109 22 83275
70 138 3125
125 63 37217
132 136 67361
129 100 13661
115 18 7933
76 84 68145
63 45 73761
140 65 97666
24 83 12272
38 37 57069
146 148 49629
98 116 51173
58 138 77229
47 40 17175
57 1 74721
128 33 44451
104 95 27847
78 67 2665
135 68 85241
135 17 19658
11 38 68512
52 148 18895
75 80 72617
68 12 48951
32 122 6016
98 25 99188
35 111 60161
70 55 1316
95 93 41911
29 105 64586
149 57 53545
43 84 57423
59 67 24729
148 54 78099
114 43 2836
80 4 64196
46 57 98563
129 63 39769
59 141 90777
26 41 86229
145 133 57706
20 16 59781
111 47 47231
81 73 50139
98 110 31604
107 9 24037
90 48 56454
42 46 94071
34 30 94529
29 11 28915
121 19 94241
68 4 96569
88 124 65372
92 51 30445
147 107 48645
52 20 17765
135 90 55036
92 144 98639
136 84 86525
85 111 99451
80 110 50001
89 120 42353
32 139 53759
34 82 94181
9 3 7665
29 57 50157
78 95 95109
76 105 53956
24 45 32901
19 131 98505
39 4 26403
38 109 67731
130 21 10329
33 88 54667
40 7 49922
52 116 29059
73 22 57113
36 20 78077
109 76 59443
44 52 92241
48 100 91202
27 8 84591
35 78 43856
72 100 55348
6 8 20838
3 91 63457
29 10 5825
45 28 93701
76 38 19480
8 121 15281
9 83 4369
111 6 10641
104 52 37412
29 63 60603
3 23 28359
120 105 42521
141 31 23295
10 6 49157
76 83 30428
44 66 71973
84 92 62993
123 98 91291
93 24 90114
102 85 12255
64 144 11269
9 72 38409
123 120 62183
84 37 70979
43 142 58276
27 17 3390
8 26 8993
24 126 37530
55 94 32953
142 3 52469
91 64 79486
96 95 53791
123 73 85767
3 64 70791
86 65 50009
119 136 31505
51 39 2915
51 63 82798
143 73 43323
98 126 26657
77 28 79858
88 53 83622
115 110 23313
88 117 16946
68 123 85141
135 5 41105
26 123 57133
44 125 10317
10 7 89493
40 56 8261
135 7 49941
129 67 86141
4 25 3979
139 61 67097
138 40 40729
102 84 62869
89 109 42855
149 108 82251
23 12 90745
66 96 69309
116 132 71216
143 114 97993
68 67 68929
17 101 16461
73 129 70301
9 100 8921
72 53 96681
40 21 60601
143 76 73320
139 52 44705
20 135 86622
72 136 60417
93 135 22025
14 45 2751
10 56 62095
139 67 45900
8 90 52875
26 12 63690
140 8 93836
140 109 36810
24 37 4123
147 101 32649
58 66 37735
45 8 32645
148 48 80307
58 2 55698
15 21 21395
143 70 34809
110 33 72412
33 88 32443
60 127 87591
73 49 30062
3 149 85833
97 137 387
20 52 95341
82 81 32961
54 126 91414
90 120 87740
64 88 18151
30 57 42726
113 87 81815
56 45 18346
13 97 29178
132 137 46133
40 23 67541
23 134 98316
27 101 21087
60 56 99873
33 5 6969
47 134 96065
50 2 20553
106 104 38367
23 142 45726
53 51 37181
100 144 80227
49 19 65539
142 37 58402
130 12 88660
92 27 27597
146 109 38031
40 21 96547
34 75 18076
45 25 13601
129 85 49905
73 107 98337
62 16 72788
10 112 43092
31 111 50726
135 23 41748
142 93 64181
138 126 67408
1 70 29097
20 31 95779
143 11 85761
15 62 63712
28 78 74001
137 99 4763
21 116 76841
94 62 51641
38 24 80361
65 2 62040
118 28 23387
106 47 84164
143 63 7793
90 133 30319
136 2 38966
17 46 93580
78 50 29024
23 75 7468
103 35 13541
148 2 76931
23 127 83033
75 23 83913
71 13 74241
33 109 93651
136 30 31443
99 113 25860
105 8 80069
104 63 83046
99 29 25571
79 77 79236
106 125 137
27 108 6417
17 136 13216
84 5 67423
33 44 36593
104 109 69747
121 60 78860
19 13 97209
102 110 43651
127 42 19074
10 105 11802
140 15 14097
9 76 34401
74 110 44201
37 96 65127
135 96 37799
142 58 68302
21 37 37098
21 54 21682
21 123 31105
67 30 22221
99 35 14671
134 98 94637
149 134 32707
63 10 62841
87 45 20490
8 108 64301
139 129 18646
145 69 1759
69 144 6417
50 60 86728
116 89 9575
27 12 67434
129 149 6515
139 93 19809
79 118 89153
80 102 91689
57 55 60341
38 46 99317
33 11 82759
10 71 30665
42 132 80736
38 78 26696
53 5 15713
74 108 89233
21 131 95620
126 144 65473
68 126 76492
1 29 38402
41 45 41501
113 129 40431
60 130 58401
68 89 71579
22 105 72977
105 124 29332
12 18 91141
54 22 76565
125 63 3189
127 147 68571
129 78 7922
100 7 29546
131 13 11617
95 18 23433
8 6 47605
135 9 12424
50 54 81686
142 17 65101
62 8 55306
54 128 92441
66 3 48545
140 124 4260
100 65 873
125 82 91025
41 149 74909
23 44 48453
13 69 76778
72 58 29111
22 65 59613
59 31 45161
109 59 96899
81 7 59466
130 49 48081
119 79 3151
36 54 24586
35 22 4305
107 6 64002
137 6 85670
31 80 87941
136 143 42633
73 139 78851
86 85 4977
103 92 43648
28 77 1877
45 82 95840
135 3 68629
101 74 82817
49 73 45297
140 62 40070
90 20 49032
93 106 52893
23 68 75833
57 68 1065
40 121 2601
141 123 42657
42 100 17409
64 47 74527
51 125 90561
68 6 60501
93 33 97407
132 15 34828
25 145 97937
19 117 14021
127 100 24334
68 129 53965
99 14 77033
22 5 79327
26 95 20843
144 137 32169
142 130 96883
141 109 17461
67 31 22811
147 56 13136
118 34 18951
7 109 48405
145 63 84507
37 131 11862
107 115 88481
29 115 69266
112 149 83953
43 141 23697
44 66 4655
94 37 46350
55 52 79209
108 31 80261
111 123 24351
56 121 45956
141 95 54819
3 66 32341
23 112 56271
13 86 16147
33 137 64193
117 96 3829
96 137 92026
18 124 6145
82 114 48993
55 112 55121
116 36 25237
100 69 67051
107 91 33987
27 144 39967
57 23 69137
79 75 29613
64 80 96554
125 82 8631
36 87 18453
71 83 83801
148 140 58281
74 19 64490
14 67 69869
119 45 35021
97 83 67177
65 80 37418
136 85 50641
57 13 28306
124 7 14374
118 82 79554
76 31 47745
42 10 14116
84 12 71721
12 118 93623
33 108 4945
121 31 72541
53 89 84636
38 120 8611
28 26 36481
2 145 77338
8 78 64683
95 83 78075
6 67 13195
49 118 90179
142 3 62745
93 73 73251
34 109 53049
136 18 90116
33 55 97415
114 137 87008
25 94 82180
32 50 65693
96 113 33856
101 50 47636
112 16 63169
81 140 55855
80 50 31905
129 24 25226
97 69 48851
7 99 49266
109 98 82381
122 99 28721
98 101 44477
86 147 5477
82 80 4789
63 8 86141
103 105 86691
144 122 13409
72 46 14351
96 70 52751
92 148 11845
4 142 16793
86 129 59217
135 85 66869
70 132 69251
95 92 80321
1 93 31251
57 49 95663
45 51 11072
56 108 84949
63 40 58269
1 45 19481
62 40 80621
17 112 72308
87 37 22995
65 149 90887
11 7 75563
59 129 54433
1 52 78235
132 112 43791
106 4 5158
145 100 35020
22 134 4158
82 136 35691
93 15 33606
50 116 3572
145 99 52913
11 68 9121
72 19 5681
6 135 58324
113 13 42720
7 67 81681
121 82 39942
97 122 47953
26 115 59292
85 96 76861
63 89 8222
100 80 63737
6 33 43533
79 126 88973
16 35 91311
52 28 21001
106 139 70315
66 68 16126
113 29 57697
41 133 51854
121 66 91346
124 25 48951
46 124 43375
98 140 49760
50 49 18561
79 11 67125
128 85 92289
145 136 87313
56 5 84690
50 78 19451
69 8 17725
53 22 72173
126 2 35057
110 63 94541
70 29 13393
16 71 4305
72 123 54161
118 115 85418
10 51 83365
64 83 93501
114 2 94203
66 34 58485
122 97 48056
73 68 39401
20 132 64601
51 81 66936
16 145 70375
38 142 35181
109 16 51991
82 19 30971
84 17 81581
9 66 47657
99 138 64689
40 87 54513
110 38 29737
113 141 63607
118 141 5837
17 128 65833
82 109 17357
70 139 92753
149 83 21053
84 46 22351
96 35 24187
11 129 51553
87 36 69881
97 103 94936
17 90 14639
89 57 79156
25 39 17461
52 11 69149
124 2 39442
108 16 11051
115 41 69925
10 9 85313
3 100 31329
79 149 69739
105 66 47489
33 37 64761
99 39 85325
93 141 64766
111 69 54360
107 5 781
33 86 67657
147 13 60961
107 67 20411
34 121 83093
135 129 1757
19 61 73313
3 142 81721
17 101 36417
48 31 69152
147 74 21069
39 46 3750
84 125 72446
104 54 91370
138 69 19781
78 129 26827
56 9 49773
142 148 17121
116 23 72501
20 149 64241
7 26 68671
84 27 61649
8 1 39337
113 20 69446
127 119 13556
62 42 95797
33 138 93258
48 83 77585
108 89 44644
48 121 47105
131 106 1645
38 100 44712
53 113 16897
39 68 96960
61 67 63024
34 90 63046
14 98 41749
41 56 51640
32 27 86853
43 140 92585
1 50 36961
70 107 87585
120 32 17225
111 131 88001
144 138 66721
148 10 88005
52 118 76161
36 120 10183
44 16 35431
42 149 76693
39 96 19836
133 116 28507
65 108 37916
95 109 49153
115 2 40066
147 65 42367
27 36 7559
79 43 18045
14 140 91347
38 124 17368
37 38 45577
68 49 43981
58 1 21465
111 60 2276
139 4 32147
20 57 70633
126 56 67822
115 33 94440
53 117 98887
31 74 34646
67 129 57091
25 110 58098
28 74 11761
79 133 4352
76 128 74359
117 3 70393
149 21 43905
149 147 58308
116 69 50668
23 83 32971
133 72 64502
108 60 90577
71 58 9981
127 54 64917
136 44 6843
76 30 49817
48 123 61527
5 114 62089
81 145 65861
100 46 4401
74 95 15309
11 2 22874
41 3 85157
66 68 69919
86 80 31121
96 48 14416
138 72 56017
22 147 82817
97 58 87537
126 121 10487
59 125 93091
13 140 42545
40 25 2256
147 128 32143
20 108 90401
143 66 48352
70 6 88278
132 61 39936
35 44 52716
24 134 95173
97 37 87821
89 131 67091
97 149 89083
72 126 37033
115 10 46188
75 37 40585
142 105 54623
94 35 1675
43 9 3289
47 129 52081
61 106 36451
66 22 70043
129 119 19175
17 115 11159
16 59 71497
145 134 52601
53 29 64656
109 142 37519
124 146 8434
39 41 36973
105 31 56710
105 70 90321
80 62 47201
15 115 76721
38 8 79808
24 124 94251
20 12 14001
16 79 99858
67 105 25601
9 143 60046
129 78 90305
60 101 16309
21 66 26801
130 46 59063
27 16 37130
89 80 74553
29 41 85767
142 88 89377
58 103 14669
130 59 88001
37 63 81333
25 17 31293
23 40 12239
95 6 31485
129 115 10795
46 39 40781
143 43 56885
149 119 13251
45 102 10491
110 148 34301
95 11 18942
29 95 21140
126 12 72721
111 72 20601
125 71 68924
71 55 33484
69 11 21249
135 70 5219
88 77 13555
129 140 52288
146 99 11964
141 129 8851
95 74 20273
82 78 50841
20 1 38321
18 9 70977
29 111 40275
80 49 61252
73 18 25791
46 91 9371
47 20 26729
112 91 98144
37 14 79927
34 137 80169
49 92 36729
49 6 69271
113 116 51431
41 30 84357
60 62 45491
3 148 1753
135 69 90444
77 52 9793
142 133 18021
133 36 19190
114 3 39177
125 81 45953
68 148 98070
99 85 69801
128 76 97111
102 55 99927
93 58 16031
40 6 47319
133 131 79507
57 99 35451
117 65 11241
55 71 86626
10 34 76112
107 135 22459
146 71 65107
119 32 95001
98 54 32290
74 86 53871
129 40 21836
31 59 32762
110 72 19411
8 114 53150
52 101 88247
32 87 14251
30 68 30823
60 127 25594
66 135 35996
71 16 77162
109 42 10209
56 99 29893
46 36 67001
104 118 18593
131 116 93706
82 32 85357
139 65 59905
27 33 2677
5 18 40516
133 26 69438
103 47 46525
98 66 46037
79 15 34077
101 25 15861
125 21 46873
56 34 32076
41 105 36610
31 86 27451
137 149 53501
145 120 44292
39 126 64857
148 147 34721
50 119 74107
99 55 57731
30 73 64600
8 58 56540
101 35 8266
133 40 47021
103 58 76781
25 6 97078
92 72 55521
142 134 545
6 108 50216
118 99 14541
149 111 67681
20 133 39265
102 16 18056
27 46 29373
82 101 63501
80 141 13798
71 84 56401
13 82 78445
49 26 59538
71 125 63841
68 1 68929
45 141 1029
37 36 45141
13 58 16983
50 41 91993
136 120 71777
80 18 87472
73 131 72429
109 22 28001
29 107 94287
27 67 86792
96 31 46699
9 95 32025
115 67 61025
113 136 71980
96 63 3471
8 48 83726
45 115 49795
110 148 11889
62 71 28843
36 14 98123
83 5 87441
83 46 44000
65 89 40999
45 70 29200
127 52 85096
3 52 18398
65 89 88990
99 21 69010
136 65 34135
37 137 3441
2 38 11877
111 109 19181
60 56 27272
116 121 62029
87 77 52229
58 37 44543
20 44 7899
107 5 74860
70 142 33940
86 40 96363
2 125 60897
87 91 50721
121 88 62689
80 99 23913
146 77 90805
42 139 92901
70 21 17489
66 65 40325
5 72 33873
38 10 87420
27 42 98705
17 65 45591
55 122 17779
72 99 62726
106 137 57994
44 66 13709
33 24 97246
33 30 16303
63 121 74531
140 125 29509
133 145 1470
47 67 29617
105 78 25901
59 26 24697
111 60 56856
7 4 31929
77 16 34996
6 93 78159
49 60 78886
24 7 32709
147 149 73363
80 67 75266
9 103 79156
126 53 39847
106 26 95731
121 91 13227
117 100 4609
118 31 95267
89 31 86311
110 18 14426
16 60 99721
17 123 90987
126 133 32889
134 98 77030
144 133 66337
40 108 32409
1 123 67461
84 118 68386
15 111 25453
74 29 61361
1 131 26531
83 20 16405
110 50 16731
18 145 82798
139 96 94115
108 1 82810
111 119 98906
37 120 31163
82 120 81586
49 76 5025
62 12 35451
28 79 71836
90 145 7463
82 148 42951
139 93 18497
139 143 40753
62 148 40201
1 28 37361
108 149 99099
113 72 92317
77 58 54124
74 2 99831
10 14 71351
74 5 89896
133 134 83337
147 27 28385
107 120 77821
64 14 35901
86 10 32571
88 48 68457
142 121 20649
41 139 25596
65 94 55413
122 113 91469
122 47 19473
28 50 55866
18 7 53424
21 131 38541
114 65 8751
122 113 63823
15 40 68011
86 107 57162
128 4 64945
46 26 63441
124 79 60277
138 59 64077
138 66 73728
43 42 48822
39 117 32737
99 130 42303
12 34 67997
104 53 26529
96 52 77886
5 128 59255
53 39 246
14 44 60619
87 145 4875
115 132 86020
2 52 83059
48 71 80820
149 23 26790
113 104 80571
36 148 89701
1 30 38609
33 86 62389
31 66 68379
88 82 21777
116 22 40764
114 97 9083
29 66 65127
53 130 18361
41 98 25288
99 26 66393
52 122 43189
27 119 87493
142 100 93300
11 64 14358
47 80 33416
86 114 48787
52 139 11097
100 23 61865
17 60 74697
60 20 49501
144 67 18237
58 112 24065
123 32 80693
41 92 21209
25 35 22243
87 128 79485
121 53 62501
57 23 32651
81 83 2078
103 137 99520
95 84 20303
49 12 48005
30 102 20268
126 70 6737
18 124 81611
76 110 9375
86 15 22277
43 5 42224
17 76 5873
133 29 28801
85 30 64903
4 93 49711
102 41 48408
73 119 49601
113 28 11547
141 11 13521
39 47 18684
71 91 85601
19 125 55169
123 77 16289
8 42 57087
12 90 15029
27 42 31601
41 123 1921
66 129 8128
37 103 37409
20 36 79626
74 59 80985
30 138 83876
44 15 92313
10 142 2365
79 85 40556
113 105 62283
20 148 55981
110 21 97765
5 88 76789
5 77 36145
129 120 30209
2 142 24209
82 109 59073
108 5 7053
39 146 32577
61 1 45169
2 105 22401
135 148 19611
63 23 42516
55 105 69145
68 86 51726
64 106 66505
26 148 85989
145 78 86359
40 139 67986
75 56 65099
58 65 69591
76 102 89407
138 73 69048
35 97 70775
113 43 41502
111 117 34481
35 73 79459
137 58 76397
36 109 72641
81 149 90421
138 78 18001
124 98 89527
59 134 28645
34 3 22846
51 78 11456
80 101 16321
10 17 93981
78 149 71311
109 100 44613
63 16 38435
112 117 74291
76 64 72414
33 113 7842
30 65 10437
50 87 21273
24 129 89347
82 113 55480
120 116 55191
117 130 87656
127 34 46321
29 30 13975
51 84 24626
130 82 12169
27 118 62057
4 113 22101
10 93 29775
134 24 43918
62 81 60938
1 13 92765
99 20 10992
80 123 49033
43 1 33422
11 61 51879
53 138 1425
132 3 3623
90 30 49732
83 115 68302
94 83 55761
35 138 10582
43 23 95096
63 123 32101
118 21 55811
43 147 32420
123 92 66681
26 28 20256
26 62 17116
9 60 94821
68 74 9681
144 99 97066
134 82 67099
6 33 63619
88 48 94774
67 123 27705
77 105 85909
53 55 41832
41 110 76741
113 84 28153
3 18 6849
89 17 83445
124 133 87150
12 148 25438
93 139 9073
140 123 79633
141 124 45559
78 3 48853
21 97 16408
8 53 39332
58 88 30261
21 135 76563
73 61 89313
82 123 6346
17 120 68677
122 146 90192
48 74 36065
77 125 99777
7 149 88411
127 93 26221
145 1 82
134 43 91595
44 33 81407
139 37 91521
121 60 69122
36 70 76313
11 78 3072
10 114 31009
5 100 52945
1 144 50493
65 56 6591
18 93 7753
67 38 86626
26 141 75356
138 53 72179
138 2 54241
9 23 15211
66 82 25011
112 83 50785
25 93 64108
48 111 31697
49 95 31892
97 126 871
119 127 32878
127 16 39986
147 50 56937
141 114 12090
52 113 87251
129 71 71377
39 26 47029
69 124 27579
102 124 35276
95 145 18365
120 133 81613
124 9 5121
34 58 57203
140 138 92021
137 119 45261
13 64 32673
106 9 42299
124 41 74101
91 45 5417
144 47 78576
98 88 21841
112 46 10641
80 90 69119
101 40 28979
83 131 63981
63 24 72272
27 123 18486
14 32 53245
134 88 7025
137 145 4501
111 128 76729
83 13 12801
31 13 9802
99 116 68766
147 62 79809
43 50 84001
110 47 51219
74 126 47662
81 42 65343
95 69 76760
3 110 29097
48 22 56971
109 144 22926
9 47 19363
41 92 27381
105 132 88149
72 114 133
15 114 513
110 85 45901
49 15 95093
73 18 30129
48 39 6317
110 21 78425
53 7 88262
14 145 83907
80 39 40641
73 29 6164
7 81 12949
96 83 53320
53 89 85601
10 78 75536
66 127 52736
116 75 92556
108 17 39771
118 33 4053
64 2 43251
18 119 99429
103 47 99885
75 40 2561
82 15 53456
123 121 66932
28 68 66086
67 3 69700
76 4 34576
11 22 57201
64 66 2691
65 106 92
76 3 54657
47 16 10016
83 23 50613
99 124 34064
140 136 84431
16 134 22125
131 138 24414
141 146 92583
87 145 35961
59 95 84776
130 144 11733
24 123 73702
76 8 57623
32 34 57736
137 50 98076
28 31 91607
33 42 8201
123 59 79081
91 93 10180
136 3 23451
82 84 70066
104 8 82039
77 48 49990
137 58 49642
90 137 80941
76 62 88303
74 88 2429
39 56 26761
106 56 42076
34 38 21825
49 61 52811
34 40 11794
128 139 89611
147 72 95797
126 57 82469
125 90 96263
11 56 99698
141 81 72065
14 139 59643
85 106 65426
140 149 39418
125 35 36318
35 25 34631
1 56 16465
10 66 1361
45 96 21490
34 9 43021
91 25 67999
111 128 32954
66 39 22003
76 38 81012
2 28 20003
67 15 26483
28 136 58493
35 148 56444
87 31 99136
135 21 16409
12 147 62335
1 87 3876
131 74 82916
49 127 12945
100 128 27968
31 100 89089
26 10 95729
37 43 29250
119 103 73905
73 14 96659
118 76 21121
48 35 67201
60 91 66273
64 1 52751
17 15 88277
126 95 37821
134 76 29746
148 88 53281
58 67 47585
44 45 92811
67 58 431
111 84 60073
117 38 6686
78 38 77121
129 100 13101
131 107 21131
101 49 42785
81 45 99129
149 16 18875
43 18 26056
139 74 65561
7 63 91014
137 2 82626
15 148 98961
136 148 45853
118 44 44161
119 103 88069
78 17 93831
80 120 26413
139 136 51191
48 34 80626
119 135 75597
142 46 32626
139 2 70501
5 126 52817
49 115 43492
4 115 65383
117 94 39921
132 28 25347
78 116 69761
121 124 79328
79 57 79679
146 28 15711
139 71 22878
33 149 21726
120 33 47641
109 53 76801
38 96 71856
16 20 77219
50 135 33128
90 43 48019
10 51 97023
48 4 24963
65 54 60869
64 34 71665
47 101 12091
94 95 39148
75 21 49966
12 73 43067
109 29 53253
125 12 64839
73 49 27496
129 148 8916
56 93 78777
101 93 91169
72 80 40571
12 132 32751
26 3 42261
109 72 87312
28 99 76493
55 136 8643
65 78 46641
119 31 35222
52 41 6424
56 127 14290
35 76 24664
41 37 96053
36 52 47233
65 7 62870
2 123 18577
147 56 90173
34 76 91753
70 28 91016
15 41 125
28 49 90929
73 95 42101
26 54 51340
5 17 37648
93 18 6357
133 43 35097
1 121 6413
31 119 83909
77 100 29061
50 53 70925
146 81 8101
67 142 16019
60 20 64487
57 71 1215
13 71 12321
63 68 78321
101 128 75425
68 60 41515
98 52 58241
6 68 53840
81 27 98345
1 121 56861
15 129 53245
5 56 61601
56 81 18529
15 70 82669
44 59 56339
103 121 23233
74 99 45107
108 141 56572
1 56 8621
113 119 12001
7 26 88469
93 10 55267
68 147 1795
92 27 26874
27 9 93852
78 51 54033
144 71 83351
60 81 86337
2 29 42687
121 101 3651
11 92 40049
93 53 72779
108 92 59994
146 74 26145
68 50 68073
79 96 66905
31 98 4052
14 89 81241
46 32 30412
117 43 43729
108 80 49981
24 87 89701
96 8 39272
130 105 15777
8 97 55264
129 14 24551
129 7 24490
75 60 30466
49 115 50786
24 108 35959
102 111 70411
64 57 70839
38 50 68993
38 25 3257
125 149 24545
91 74 4191
120 32 97
99 143 86825
53 20 26197
129 23 58093
100 49 30686
72 130 64054
79 118 6915
43 119 18276
125 115 75553
126 42 18417
111 7 34713
142 55 83225
139 75 2616
66 137 15841
107 38 47161
18 97 69447
104 131 33332
147 39 58001
34 9 2329
5 31 50305
110 51 54249
7 8 20605
81 123 94497
10 44 80401
111 46 67451
143 90 8529
121 117 34205
95 123 99061
37 51 99969
131 116 66655
95 143 68471
70 105 97864
129 42 80276
131 135 89841
97 66 90809
132 37 1781
14 127 45961
115 105 89285
113 141 5711
132 123 6501
62 17 51276
47 74 16509
28 49 42167
22 39 10207
17 11 20357
147 143 64705
41 5 6486
77 50 28206
122 145 79150
21 89 92585
87 92 12721
9 89 70487
105 22 86315
8 140 44586
120 32 33691
125 19 40382
40 144 96601
102 48 5761
143 34 28993
127 123 37929
81 144 59933
136 83 65467
62 78 37787
73 75 60101
142 130 52977
89 125 96991
37 6 9461
149 82 11723
95 56 9997
14 125 7929
57 98 84903
131 9 27097
111 76 4673
131 132 23191
63 138 86948
61 5 56897
54 23 21469
22 81 17521
82 41 76449
63 8 55906
102 78 32873
143 39 73711
127 43 85777
50 63 95543
93 112 29451
32 63 80675
7 16 64603
17 79 83305
39 65 53933
101 83 78721
89 120 22452
53 3 71545
74 122 6857
127 15 99665
71 63 90036
44 103 32151
62 101 41972
22 54 84361
93 111 31143
87 101 84737
99 89 87911
117 140 30011
97 87 68667
85 46 63563
50 83 55981
144 8 36439
103 71 38641
53 46 57178
140 39 59750
52 41 34265
127 108 59705
20 52 16029
85 20 21921
140 126 55576
113 134 99550
57 95 28321
105 3 7761
18 50 24360
112 148 97145
63 44 58961
34 73 33517
65 146 21989
6 37 23078
116 19 84321
93 112 30761
4 24 39299
45 46 83971
25 123 62869
93 70 45301
15 44 80374
38 31 58961
13 65 60051
113 41 48557
63 115 80257
4 66 69416
84 41 99577
81 142 30650
147 123 67717
92 96 56059
42 133 32504
68 39 44697
23 134 1665
86 3 11261
39 141 29241
149 73 57968
74 27 41477
69 14 99601
75 94 76953
92 71 20805
15 40 86981
33 114 81953
23 8 67057
91 98 17885
57 27 40689
113 19 23785
61 126 36590
54 32 97325
141 74 721
56 136 36341
85 90 66310
24 129 74940
120 35 58091
80 13 55024
146 78 53733
30 141 51623
63 136 48705
149 133 37478
37 87 79581
132 59 3185
53 105 56201
78 22 73505
108 61 33811
26 124 42465
124 1 72361
54 135 47713
29 94 70293
71 44 43246
144 140 41407
100 78 1184
36 53 60289
83 133 88207
96 133 96775
3 148 92305
125 77 62665
127 117 20335
125 149 40324
24 26 49357
116 133 84185
10 21 28476
3 90 91257
24 144 88598
6 124 50761
47 81 65149
111 140 94809
141 3 73413
106 75 58351
88 70 755
30 31 19037
6 112 36711
147 131 59651
119 84 1269
96 80 69057
132 108 42223
9 85 96103
105 77 26099
129 52 39033
65 4 99953
45 5 46153
42 47 45969
138 105 32281
82 136 17037
6 42 82388
29 131 77456
39 132 68844
93 48 8257
127 59 36073
44 62 18161
70 2 43065
119 18 71488
29 122 24941
26 9 61953
99 60 69773
146 6 8249
142 7 14121
101 42 94028
52 147 48204
119 111 59141
98 11 6401
42 54 95253
27 23 25084
68 86 88529
49 140 92643
107 24 95450
18 147 67872
27 142 60969
111 149 98349
58 12 3953
113 100 29921
55 4 68697
5 117 64015
139 23 6573
106 36 99989
120 138 15301
122 30 28617
30 10 77569
52 74 28161
85 49 70503
69 59 21026
68 146 11724
9 104 17701
39 63 64506
30 111 94873
68 61 67660
59 141 66865
103 7 11873
77 103 32537
3 21 5859
97 148 79269
41 6 83119
95 72 30801
114 89 44019
122 17 94749
95 61 6843
148 129 14941
53 96 24905
108 94 67695
36 75 9617
89 31 36561
139 86 12171
82 97 45971
140 101 29751
129 77 25556
134 32 6411
101 43 63809
52 135 27289
128 72 26713
5 142 45262
100 36 59361
79 2 28350
107 38 65001
66 85 68521
53 59 50289
43 60 12753
75 120 42219
85 54 28806
106 38 42289
116 70 79487
66 69 87588
28 21 11677
134 50 39249
36 66 25664
68 18 60567
76 149 17521
57 148 22073
23 57 304
102 50 35513
12 63 32890
148 93 39484
136 90 29693
118 109 77457
68 92 47545
58 51 49221
77 13 17974
111 56 74173
97 96 94137
126 129 76341
123 73 28921
28 44 70331
10 31 20405
28 25 24721
96 114 81343
115 68 56227
11 16 39085
120 59 92400
101 139 61050
111 140 59761
73 105 84877
101 2 7887
108 43 38873
50 88 85549
3 88 31517
51 110 31267
68 128 44050
100 82 44345
3 133 94214
1 47 49512
94 46 95683
90 87 11607
94 144 83330
57 23 60967
105 141 13026
114 132 62505
72 76 34233
112 61 85937
60 94 47905
123 47 18141
28 110 33953
11 130 1648
13 124 90001
11 126 70209
2 7 73735
125 63 39626
79 92 37823
128 47 55002
114 60 73183
27 17 3403
137 134 65564
23 122 44961
7 2 53357
102 47 1466
142 129 85252
145 22 33899
60 59 76041
94 121 86457
107 85 27303
123 61 19761
97 91 86400
134 27 87841
116 75 98881
78 32 37725
116 138 73286
129 107 19514
59 140 82705
38 118 51429
3 20 36577
74 100 57623
119 103 83041
71 105 58985
116 20 87019
86 95 23322
35 42 71294
27 29 93139
123 85 35477
15 73 84301
131 75 1057
31 132 99257
113 2 77131
132 41 15975
135 47 25699
56 110 53768
141 125 99155
50 26 61961
62 130 76525
51 98 90947
80 61 54917
62 132 2441
70 17 18679
62 65 14759
145 118 14301
75 20 77337
29 75 35786
130 133 60909
149 15 7310
134 6 34269
65 39 49573
126 143 48723
95 8 39077
23 112 23580
33 5 22752
41 56 95963
120 96 43741
107 130 24833
69 54 5158
128 14 79557
146 40 74
28 12 42061
20 17 27551
33 114 15686
90 88 65157
54 74 91041
136 142 71201
134 56 25462
85 124 56572
2 31 9793
104 1 70412
5 92 20241
109 54 55637
148 122 58775
20 40 78001
116 47 10859
55 14 14201
42 6 91502
23 10 8265
21 33 54251
115 11 26675
140 123 53983
37 80 30581
119 32 33173
96 14 45017
15 56 23193
29 63 75462
71 137 26785
101 136 83361
131 19 94001
66 140 48771
88 32 24873
142 4 29441
119 123 76336
110 9 23401
60 105 74306
103 141 59217
12 74 6961
56 51 58257
148 61 1927
60 120 45315
36 9 7125
13 143 89893
67 117 52229
93 136 40034
134 26 58089
35 106 89835
74 117 54701
49 26 78062
104 57 93353
26 122 22763
111 141 89287
73 84 80429
54 105 51988
41 90 93247
101 24 88137
77 121 64550
105 25 6295
146 60 39577
98 138 39299
116 102 1609
90 41 33780
69 92 3513
120 34 85793
21 64 13278
22 78 21301
5 17 66871
13 68 20973
64 85 61621
48 135 46413
133 50 66231
34 74 89135
114 37 92335
60 76 84457
26 63 5468
3 137 7895
67 104 31857
88 109 97956
7 9 52501
121 79 29569
23 112 32619
29 3 65307
103 77 13410
14 121 40425
83 47 4725
93 69 17053
6 138 45832
136 81 4793
109 5 74561
77 137 12250
27 110 77949
35 46 40879
112 78 19473
50 129 11154
5 25 97676
136 120 4278
15 18 57281
127 118 584
81 132 7274
104 80 63673
31 41 94467
107 90 56963
98 82 59003
3 59 3259
30 8 86210
142 29 57613
46 1 25233
22 101 13006
114 80 79271
53 8 32001
26 13 61678
58 20 51461
74 84 15969
24 89 41707
20 128 9633
104 63 37269
77 144 86997
27 99 79907
120 63 4228
123 5 63061
101 48 42680
135 27 33661
11 5 72564
93 86 76021
125 24 8961
56 92 48041
76 17 41501
72 104 51990
10 136 80097
31 40 59300
118 22 37855
119 126 65081
86 118 14989
95 7 68876
52 99 59551
5 118 73251
52 124 39933
140 85 3860
51 99 45553
7 149 97076
123 137 1692
143 73 24801
72 63 24225
87 28 38351
6 110 38376
142 69 56604
132 66 44508
103 27 1596
73 2 49533
27 95 22831
149 45 5794
126 60 42461
48 123 1591
38 23 61694
36 72 44345
87 60 17661
52 34 73243
60 36 49921
117 74 53712
89 56 65649
100 111 29211
6 87 37709
109 134 22817
141 91 13954
67 5 61147
36 56 61345
128 12 87906
123 17 51921
145 6 90105
73 94 49185
1 92 52963
91 122 81859
55 145 31105
126 129 85049
88 149 11546
144 63 65383
33 22 54591
74 13 22701
23 93 78026
83 101 81473
1 45 18073
76 38 76865
116 15 32897
105 140 66803
35 48 16681
12 93 19321
75 104 57819
47 112 89600
80 62 14561
24 47 42001
46 5 24525
25 36 87195
116 115 56141
121 122 3193
148 55 53896
105 93 32257
93 41 56426
139 68 60569
134 54 49668
143 125 46417
28 81 36449
73 144 87892
85 45 75576
139 109 80843
54 136 82995
40 136 59697
31 90 15507
8 138 73401
46 82 91515
54 53 50141
136 106 24141
88 18 86372
4 23 91555
48 6 70262
84 2 42670
73 97 59784
2 81 33905
10 31 78273
147 133 32773
98 2 78581
60 121 86747
32 129 77989
81 122 23281
26 35 50677
135 33 76413
82 80 37789
138 13 35757
48 72 66401
102 61 12249
92 65 66366
24 22 18801
137 78 48573
92 18 19901
31 28 80101
77 32 55917
73 44 61089
51 69 63513
112 61 3129
100 125 95827
34 53 42905
79 85 94957
123 141 14882
100 34 37817
29 34 12291
26 44 40327
131 104 51371
141 120 86149
137 42 81882
29 5 16789
73 79 34704
141 122 90631
128 136 64094
73 19 79751
137 111 61761
137 103 47960
2 3 60536
64 84 35189
101 64 64361
14 97 836
43 125 50868
3 20 20905
145 13 82591
33 26 62441
15 147 17115
95 37 36817
35 10 79196
29 42 24975
113 49 26823
90 36 58725
95 5 97285
84 78 23969
9 52 20929
73 148 629
72 96 17097
125 149 31889
124 99 72276
109 40 47238
118 111 92867
37 21 5813
33 71 51110
10 89 58417
129 53 61374
143 22 20109
57 5 50281
24 11 87937
117 71 65873
126 46 57305
24 36 92248
132 101 3206
95 40 51179
125 119 91223
136 51 68650
149 13 42526
41 3 83031
50 6 98538
135 119 85525
93 132 50511
140 44 71437
13 149 48865
8 60 24305
113 145 1337
55 48 83245
19 27 21505
127 109 17999
86 69 92337
91 7 11241
124 103 90425
123 22 76059
36 141 71016
60 7 6629
133 115 28641
132 131 26768
39 128 22589
107 55 61281
54 70 98717
118 15 19601
131 42 20259
39 126 5756
109 40 19082
2 106 15432
97 27 5519
118 99 31077
87 31 68621
111 96 6265
23 9 1
6 13 48823
23 63 96816
119 103 82951
6 73 28301
111 73 72076
93 31 48250
127 50 77383
17 53 55379
57 19 8351
141 95 52415
26 9 15663
23 102 71642
107 139 11826
147 135 76763
121 51 87235
24 142 64019
24 42 25017
57 31 44125
57 23 2525
10 79 95373
58 29 50125
98 92 98409
73 114 1659
4 81 47781
116 80 30345
13 60 32305
8 137 89283
27 118 34807
108 58 10586
133 70 25041
29 95 19779
118 115 50544
105 122 61799
141 21 63861
39 47 85517
49 128 94521
15 49 54985
43 63 2273
105 114 25734
18 17 43811
30 22 12309
53 83 41761
49 23 80559
114 42 35333
50 125 28621
142 58 87589
4 132 45767
117 127 56797
85 148 18769
18 41 21941
16 15 68481
2 48 12472
48 77 10996
37 27 59951
116 112 24772
7 61 70781
103 24 32091
36 33 2001
111 101 33008
139 9 85951
120 145 68701
4 50 70495
97 121 26871
77 101 30091
105 147 15773
30 118 53297
104 60 10040
142 106 13073
77 88 45611
64 69 12313
128 40 16379
47 117 36701
25 134 12684
139 81 22460
132 88 57651
118 146 61421
109 90 34800
149 132 89715
16 90 57921
97 76 57941
149 3 33851
80 110 49625
80 45 55636
61 117 56881
5 15 85574
95 135 49793
34 120 66388
60 100 90591
76 73 58450
114 83 27497
61 107 99483
53 128 50657
68 40 675
87 134 1341
107 110 93105
59 42 58930
62 20 84570
73 102 39541
55 87 547
51 132 16905
91 2 73313
141 110 62147
148 38 88495
108 36 20141
2 50 41559
23 13 17265
101 71 52967
63 115 88127
92 149 31713
44 8 9501
32 83 5399
130 147 86202
17 15 99737
21 84 57851
129 118 16249
131 85 83569
24 59 16452
33 73 2586
83 143 12957
102 31 33131
1 149 74989
102 90 14101
125 110 75497
18 132 33307
138 109 70331
72 94 25051
113 64 85373
56 47 91232
1 111 89767
30 121 10390
142 54 93057
4 135 83601
27 97 26269
42 100 88348
103 9 50499
58 106 7429
2 92 6401
90 45 56969
133 74 38837
138 27 9313
45 71 80152
32 146 46411
127 105 20931
107 85 12181
41 17 60121
37 67 61946
100 145 51426
44 103 6881
47 59 48791
37 92 80593
142 147 4068
96 140 72902
55 45 91951
120 24 39575
124 73 20101
36 65 79617
77 101 31608
16 91 76121
137 128 75761
46 57 9041
22 65 77061
13 75 32789
12 63 52253
81 33 58030
39 129 10671
128 1 92199
77 22 53736
65 19 60494
120 8 8066
119 87 21455
77 55 97698
57 134 43854
16 3 87461
15 74 81049
131 71 87366
66 79 80951
61 105 18001
56 143 82278
107 147 67040
89 86 28019
103 124 60965
145 69 8517
122 67 18966
66 20 43361
37 142 8141
118 99 88305
36 115 21883
113 136 79217
110 94 93126
44 125 81687
81 90 93095
134 96 73329
121 32 881
56 144 61441
115 8 38251
31 33 68581
78 146 21881
132 95 65910
82 25 39171
102 70 66465
146 122 70392
129 90 24401
118 29 21809
55 17 80793
91 136 5105
38 122 55230
132 57 14635
3 140 49453
3 144 36153
40 68 85361
99 48 5302
39 103 48633
142 119 49370
12 3 78201
98 64 96921
71 37 75426
85 106 18310
14 21 59459
84 62 26596
22 28 25704
145 54 76916
91 123 20721
102 24 28975
17 64 67445
98 141 80561
18 34 78285
118 71 21717
87 74 37285
45 99 80865
33 122 93851
148 70 47801
27 58 12991
104 74 79621
80 18 11917
3 38 80687
112 105 59831
143 59 90551
127 32 54107
149 148 43621
76 13 61977
71 9 54485
144 16 98929
73 45 55401
144 49 19098
89 24 76744
107 55 53258
88 73 45369
6 23 83434
13 25 74673
41 68 31578
97 35 21595
4 27 9489
136 63 83377
78 43 30552
116 33 59489
67 26 59881
13 31 66437
128 10 28161
48 58 96377
24 105 26700
11 97 71765
36 5 42466
43 97 23379
63 94 41477
63 87 41631
42 137 65217
121 26 6826
117 51 86057
118 4 11387
40 71 20947
136 148 61476
38 110 92956
37 70 6528
113 116 47656
95 91 95069
144 36 41251
138 96 2660
52 33 7744
145 47 61312
84 114 45328
53 133 7218
106 49 46049
138 112 32178
131 94 32267
129 93 31541
83 138 6156
39 83 11293
47 107 34327
87 121 16365
132 19 34548
145 84 43457
43 79 59196
59 101 37411
72 21 66954
106 85 9510
123 107 45589
72 143 62041
77 106 45341
18 115 9171
64 82 28012
6 22 5260
120 10 92376
122 59 71772
123 12 81985
29 140 48337
91 142 34484
125 15 59040
76 148 22894
53 31 89729
59 91 66771
68 88 89337
103 104 86907
128 70 26935
136 110 43075
31 32 37006
72 68 17111
15 68 72798
85 116 87525
21 107 35527
79 49 96761
123 16 39861
14 79 79067
67 94 90137
75 45 94585
60 117 6110
129 113 35393
120 58 74147
63 18 45545
106 119 56854
4 89 28099
38 102 78225
70 17 16809
55 137 16001
82 133 82336
77 71 16327
108 57 85239
115 2 97262
137 86 21261
97 127 44627
27 18 43121
22 21 86205
19 57 69741
73 34 40934
26 76 56613
133 132 37121
52 90 23493
148 120 92957
89 64 49071
21 86 11885
62 139 70335
61 73 67025
143 108 73734
29 9 66577
11 102 55293
5 39 78459
43 87 47286
26 148 8971
116 73 89872
97 132 57697
34 58 92228
61 64 91289
148 96 11711
124 26 72696
12 137 11873
117 22 31821
139 134 45252
131 44 37487
95 122 73713
95 71 62281
105 63 98103
137 142 25817
43 88 66553
122 77 34783
1 122 22593
58 22 49301
5 36 25871
67 120 34821
120 70 14522
141 38 25960
77 108 66273
49 108 63441
71 130 89411
93 141 25752
112 92 46569
96 139 41041
84 55 98586
57 43 12601
103 51 56874
149 142 74467
37 77 38539
82 145 69105
83 140 57075
70 135 89869
77 74 86071
83 74 18929
50 41 47341
99 80 89006
58 1 84436
46 54 23937
72 143 35133
84 7 10753
91 22 30601
92 128 45878
21 37 17009
102 76 98401
87 95 51697
105 27 51765
133 44 35212
142 52 27885
146 73 77294
124 67 83158
34 131 40786
109 124 2862
134 56 20245
95 64 70017
110 84 93491
129 99 11189
76 63 73495
129 18 66406
9 89 3727
128 50 49409
80 35 5718
79 131 57095
24 26 9991
28 116 16021
2 137 22535
123 83 75525
91 120 64233
64 114 64369
51 143 66213
41 36 17057
94 53 95619
147 61 38576
8 99 53390
34 59 84629
15 120 3839
50 96 76901
52 65 64827
124 9 79179
43 46 22752
123 144 95669
56 60 43755
131 30 29401
27 91 80913
105 88 1337
127 100 67083
45 18 92577
58 142 99611
23 79 17961
5 47 73581
115 23 12358
17 113 39851
34 46 52573
33 75 26582
48 106 60455
11 96 65985
133 74 10116
17 136 30561
54 59 66387
67 68 37581
29 78 84744
16 110 33845
91 119 72247
63 25 79086
79 84 7141
47 31 668
106 145 20959
9 117 38811
85 144 24259
49 53 90489
77 9 17437
50 120 45305
107 24 41121
126 94 46375
102 103 1201
38 84 69992
111 36 58526
120 13 21020
96 97 76765
1 52 92241
44 91 98001
54 106 45791
28 146 74831
98 72 96983
127 60 7201
112 41 50046
74 43 64381
87 145 50066
135 46 34017
7 88 64521
34 55 82111
68 42 39251
121 136 40604
46 16 35953
56 77 80012
15 141 56895
41 69 65201
67 80 34864
122 134 70809
76 119 76361
5 28 45372
67 100 75449
51 79 55315
113 134 31915
87 86 65551
4 123 13954
27 114 2298
107 143 78143
118 24 97413
134 55 98969
82 84 26491
6 98 67496
19 124 72274
90 92 59201
48 54 27297
136 48 35271
85 97 39387
132 58 92906
74 5 7185
87 57 94231
18 3 85018
20 31 84393
91 147 56972
62 146 23467
102 75 46841
149 136 87533
25 29 66479
35 38 50537
47 147 23117
116 76 60401
75 135 40604
127 6 29249
56 60 75431
22 9 54546
122 25 74561
58 34 73051
4 34 78701
49 103 78045
8 18 92513
35 69 30387
95 135 36226
126 107 97657
20 136 94998
123 29 48913
77 44 74827
119 66 97121
95 102 59397
141 134 39835
73 57 78673
101 84 58759
19 63 71873
70 143 82006
131 82 18631
100 73 12537
137 46 31669
114 38 85306
90 17 84941
140 40 36596
36 52 85967
140 143 79665
44 26 34160
95 82 43301
8 110 30709
124 132 94905
137 50 68417
144 67 25521
39 59 41536
12 131 71255
57 33 14046
141 144 79575
66 70 19189
104 49 8843
119 15 40533
111 59 1131
48 149 75525
144 140 94767
24 123 10751
20 11 94528
3 20 43286
42 130 92753
118 29 89315
58 76 66896
144 97 71381
30 77 25506
140 99 1767
31 24 65281
144 136 97047
118 114 86649
15 80 13534
94 119 80246
14 85 16505
128 93 60071
88 98 65614
47 42 74626
130 147 70201
138 137 7611
18 116 47286
52 66 23097
2 130 49309
24 51 63175
27 40 18417
47 52 64690
116 73 78284
88 55 71621
98 57 72277
7 36 33913
69 96 98178
140 82 88723
40 6 46915
17 40 29107
145 55 51833
57 146 7350
141 130 53929
56 147 64251
42 93 39889
26 131 58386
101 34 75959
37 110 66298
23 72 17771
135 34 46116
84 60 97683
65 40 39489
21 103 92026
47 8 4733
99 34 37753
60 46 34061
70 60 74296
67 129 48413
53 42 75181
119 111 32983
95 65 81332
39 76 78737
133 1 35383
130 79 59404
58 125 90394
56 47 53701
122 82 5917
39 118 69137
143 54 74343
33 101 92281
56 87 2545
27 96 74251
122 23 74788
98 116 78316
59 143 95778
11 80 49313
108 129 75007
106 114 49091
70 130 93229
24 138 14113
136 102 28543
98 70 51261
66 75 99095
130 54 35649
107 45 22811
115 124 83841
143 77 14145
37 60 43734
38 98 32174
131 68 29203
24 95 16946
101 18 92641
59 89 10819
103 142 47124
143 20 61298
8 18 94517
127 17 20367
56 98 43809
75 21 29324
48 148 69327
31 8 19971
140 35 55191
103 134 62436
9 11 63183
97 1 66817
91 39 54416
136 12 7091
82 30 79689
53 113 72406
127 33 6513
67 61 52246
96 40 28181
54 145 19111
16 46 43377
44 105 30624
72 10 43672
95 102 92503
128 35 24916
45 38 95950
95 63 29702
104 39 49898
136 84 89965
64 15 42935
129 28 39697
128 60 84833
115 55 3476
44 145 91765
75 23 46769
23 43 82416
49 143 1766
1 127 4747
142 17 90008
44 50 15623
50 107 22471
12 118 95293
29 130 48927
103 48 78801
5 60 14477
63 12 63513
37 32 45423
76 86 90921
31 149 46407
84 142 6729
127 135 64851
74 93 79299
16 103 79849
45 146 50291
91 112 25538
56 51 35805
135 14 51198
148 82 27479
7 67 12840
43 14 6917
10 89 91361
71 80 80276
70 120 1985
47 88 28051
103 63 21924
17 92 1181
125 92 2323
14 116 82601
88 81 5451
74 111 62469
42 73 72321
6 24 50506
14 85 46776
142 140 77327
83 35 55706
36 78 74582
144 13 59195
142 44 37203
37 88 65073
85 132 77627
134 136 79033
126 27 36435
131 40 20842
79 138 55822
121 53 66583
13 142 78933
113 140 80939
71 55 90801
69 108 26921
113 148 78401
145 61 3289
20 90 78174
149 80 80881
52 6 83967
91 28 75361
67 13 40263
52 139 28905
129 123 15501
41 15 23969
89 128 67557
124 115 17648
83 29 46553
118 116 81841
113 52 17795
90 101 44001
85 5 88412
96 134 48937
106 28 72072
5 143 4197
3 75 90546
18 11 28877
14 72 32923
82 100 92090
135 115 10824
43 15 81301
130 101 74397
101 117 93985
39 69 9997
36 88 1409
148 125 52893
16 28 28316
123 133 89361
106 53 26685
36 14 62921
58 57 35322
106 139 68277
100 93 88929
5 89 54001
135 31 33511
34 54 65774
21 40 9506
62 42 47411
107 119 47921
136 87 55281
1 70 90761
35 74 88476
56 115 57926
130 70 1969
97 8 46571
89 107 5923
146 48 59385
18 49 19030
59 142 49385
68 134 94069
138 64 5940
64 1 78062
148 81 68244
23 138 77377
33 82 19351
92 124 56270
35 85 63941
131 10 88576
61 135 49297
5 98 31141
50 38 10479
27 122 71585
18 14 25671
28 130 59681
67 139 26380
41 8 62265
124 80 97907
29 9 40076
19 84 4761
132 91 22973
48 38 78587
7 120 23351
15 51 20200
78 136 18049
144 124 94697
99 90 45523
55 125 68573
7 25 79129
40 52 50140
110 6 55617
143 2 42528
11 48 60251
89 124 89051
117 97 19325
43 37 3291
94 37 79373
67 93 98361
24 131 18300
128 18 64691
96 30 1046
2 113 31233
13 66 43401
84 117 45717
28 87 52161
123 141 14969
93 77 19036
27 99 29906
57 14 90497
149 75 25921
76 130 78977
15 84 16731
80 95 21796
134 38 76161
105 132 89653
88 66 29373
126 69 37152
93 136 16069
75 22 84141
65 18 56437
123 127 65673
48 67 8133
72 130 58173
37 49 4265
128 96 37036
27 114 10241
104 129 9682
35 53 22645
95 93 6936
41 2 19279
58 41 83309
74 120 10460
100 142 2673
77 76 16001
47 126 98607
106 125 74601
131 140 52658
25 94 91985
39 105 1481
50 70 93225
143 53 35041
138 107 50641
111 83 35697
57 125 40489
135 137 97746
131 85 33009
31 108 12801
120 100 48913
98 142 72001
127 106 66365
121 90 4521
23 107 46083
72 83 3797
98 21 59741
114 86 60756
99 92 11576
40 74 82697
30 111 20055
112 24 90311
33 103 87556
69 78 2041
33 84 99381
119 103 23862
107 67 31329
63 130 53721
52 117 8901
34 80 25521
50 135 36495
82 90 88733
64 125 41437
102 14 81300
48 24 82149
47 80 62409
132 142 5862
37 115 66526
68 18 68687
68 35 76357
91 121 26501
10 125 26951
44 89 94709
61 149 74644
2 135 80369
1 119 93795
2 40 76277
45 138 81577
105 42 95193
137 122 96883
90 80 6273
101 100 53957
3 83 52437
52 54 5366
110 133 91986
110 134 11639
96 131 66181
108 107 86011
123 92 17366
51 100 84001
119 52 13365
47 52 94601
112 107 65623
98 41 88134
8 38 80929
35 42 42377
91 46 84376
145 41 37048
71 122 30203
64 17 66248
105 21 46341
70 34 300
105 89 85403
102 147 55779
56 142 70685
85 49 57185
93 29 55865
75 50 48568
59 52 35429
124 87 59486
124 61 66201
78 30 11479
93 123 14007
93 106 76569
33 131 87586
125 23 29743
26 105 28366
112 33 82110
9 99 39511
99 28 65587
34 17 94073
121 21 47621
68 121 51501
135 118 94772
89 13 17556
110 100 5345
69 75 91752
71 15 41975
100 96 88997
36 43 58961
20 1 89651
117 63 15181
103 82 6929
85 89 27501
51 114 59501
73 135 84922
90 71 26389
76 83 47784
19 41 23097
119 130 6777
130 128 86104
65 47 91052
70 42 61425
135 82 63765
6 30 80321
72 63 12969
14 62 51745
105 18 2042
1 103 3581
142 42 77354
135 90 88001
5 103 18906
82 78 72311
44 136 7199
101 129 89804
76 104 97261
16 86 96484
13 63 34977
27 52 21101
100 21 40082
136 134 84343
109 41 56226
20 43 63938
121 41 40041
110 149 1
8 146 52137
32 139 88281
7 30 65101
44 108 89873
102 73 75807
141 123 2561
46 38 81731
123 41 22233
99 126 49085
20 90 6434
86 67 46155
62 25 43281
94 64 68287
21 115 63681
55 2 45795
94 86 44067
133 105 70513
92 57 19831
49 146 42956
5 73 49345
35 104 64743
145 41 31841
79 98 24967
113 139 26696
24 48 82744
97 84 27850
59 12 69486
108 96 71181
109 142 26363
11 29 86171
114 52 16054
46 33 74793
68 26 64675
88 118 15881
93 91 4321
1 65 16301
82 111 236
78 69 181
68 9 94087
99 63 97025
119 107 23091
27 145 54931
141 87 89983
8 90 64689
90 54 10407
121 118 5769
50 75 55175
77 16 62493
128 32 42681
82 105 49451
120 108 43805
36 135 53192
26 19 26131
94 99 43863
59 63 84060
16 119 21500
74 137 11556
32 89 46085
11 86 5326
86 103 54449
118 142 24771
46 86 35001
45 60 63549
132 141 26739
24 107 25766
146 5 65451
117 122 70988
8 51 17601
83 7 74289
32 143 74556
108 145 28337
116 140 52041
57 107 38095
19 25 11568
76 104 87457
65 26 66845
128 13 91942
67 3 70639
138 39 79091
11 137 11976
58 77 86372
45 38 35469
18 77 746
95 38 41389
50 124 43607
36 107 53594
89 99 29114
58 135 53749
70 138 39176
59 57 87201
4 70 54258
131 91 24331
41 148 69558
41 19 19479
101 14 36217
129 124 90686
91 62 31353
124 40 41577
131 72 15811
148 15 58733
14 2 69037
93 2 63585
68 98 40189
107 84 50995
131 73 7251
61 132 60791
89 68 62445
6 65 26209
104 25 54509
99 20 82658
108 5 65849
115 101 82009
127 48 69717
23 107 55595
91 28 82063
70 42 24330
48 102 4741
36 19 21322
81 8 82682
36 135 29020
80 20 81576
83 55 85587
125 52 39981
27 20 65633
97 115 83677
73 56 1824
70 15 53467
97 77 46151
28 144 54391
85 41 44401
47 43 74995
33 52 8096
91 55 53591
2 33 49081
34 128 935
121 130 93929
85 109 96971
44 108 43009
95 81 44665
51 32 82261
96 34 76639
107 149 73751
11 75 59119
13 28 75050
107 27 14139
79 107 14737
115 61 34989
54 118 47899
77 35 53645
134 86 5262
99 39 73335
9 67 50121
11 15 33449
30 73 15681
126 120 73281
118 11 90921
55 138 15876
45 14 98081
138 27 18997
117 110 39783
76 138 30973
84 109 23101
99 145 45541
20 135 93569
84 121 11777
135 54 33339
44 39 48497
90 99 35322
71 58 21415
30 105 8641
98 22 30401
24 21 45781
21 8 22670
68 38 37367
50 2 11079
77 144 111
5 15 66345
140 115 8494
108 41 99379
57 41 48253
123 127 87431
55 143 7901
24 51 85201
92 90 62485
104 41 44659
82 113 84257
30 137 77430
119 25 47977
24 8 19403
107 136 16055
88 22 88825
118 14 99665
48 50 15947
41 32 87489
31 51 99615
61 147 45233
110 20 7391
35 78 48605
63 89 2212
118 63 68691
33 95 1793
105 78 90888
70 134 32123
105 67 16901
53 36 35261
33 18 84177
10 134 7385
80 34 15093
140 46 23163
91 141 5828
140 80 3626
54 53 19188
67 71 52317
22 135 61213
15 37 19681
81 42 28351
82 62 79140
53 105 56265
119 72 31567
73 32 87205
86 117 30931
26 8 63151
82 59 72395
98 25 17925
41 116 65749
94 91 2875
137 59 8253
90 100 45577
141 20 81165
69 49 76971
121 49 1537
11 30 71057
7 26 85847
71 114 75202
48 16 97593
97 131 41247
121 12 9321
127 103 26433
103 84 65553
37 113 5993
114 43 85549
30 114 62393
61 48 38148
113 28 90925
18 33 76177
64 125 96641
41 109 34725
46 138 52381
18 90 14659
102 48 53776
20 50 52343
108 114 54377
147 21 57281
106 30 35465
19 44 96527
58 117 91730
130 100 29401
24 146 82961
86 105 22331
65 64 8861
133 9 30992
60 62 89249
27 74 41001
56 34 8458
46 89 21946
141 14 41275
68 89 43381
56 20 64871
139 41 64244
127 107 41793
89 88 96001
27 16 77243
141 84 23907
31 121 61406
92 29 98408
29 84 88761
43 116 34560
93 41 78273
24 90 92226
43 13 15722
139 91 78466
6 66 10601
80 55 30567
20 56 89
99 98 29401
111 26 44239
108 62 35681
91 87 55737
81 105 68033
28 138 57753
112 13 30969
80 6 52661
24 102 42094
68 58 39758
136 137 95447
25 31 46952
78 90 2421
102 15 77151
64 1 66816
62 138 54457
25 75 26456
96 117 8465
39 117 16241
106 9 35428
137 122 24543
144 127 89847
16 131 11846
5 17 85086
69 124 47927
33 144 54159
12 77 97725
3 71 54131
61 18 21803
123 98 68469
71 11 15953
149 137 41753
31 14 45737
115 85 49641
123 85 87139
80 51 17087
95 98 39707
45 28 52825
124 5 73761
41 34 21985
17 93 7801
19 11 49211
62 38 14539
133 114 66961
7 133 59628
16 103 72275
107 149 38761
34 119 17261
128 82 54525
82 98 37561
24 106 67609
31 51 45117
18 137 28609
8 70 56251
19 6 95357
110 82 95264
149 13 59501
85 99 24827
86 18 66846
131 120 20713
136 101 47569
57 108 21291
63 39 7265
118 142 49199
8 22 31727
31 21 6365
121 49 431
114 31 84561
135 55 48186
32 53 98601
4 79 65105
16 83 72519
124 145 84845
35 9 23747
3 93 21055
58 33 90289
82 58 71089
108 32 79215
28 95 15851
92 2 39005
24 12 82327
90 29 76101
33 86 78207
147 46 1511
108 62 13001
33 72 29651
91 75 92961
61 22 28589
35 6 40209
20 22 21335
48 130 99615
144 19 27101
43 33 17661
117 75 27460
143 38 47356
83 64 82201
82 72 42717
25 51 66532
98 67 16005
28 145 73489
64 31 69565
56 118 93587
37 124 34221
111 27 76191
147 139 75513
116 35 83311
136 61 44069
149 20 70541
75 128 44929
112 71 98041
112 10 20519
117 89 13041
119 84 13001
36 118 26833
18 59 53898
143 124 56621
95 54 95876
131 116 93046
50 102 86081
9 129 10701
72 114 99188
10 36 28931
120 20 89361
148 12 9165
144 135 38241
142 91 79470
5 57 51576
35 118 98278
20 62 31796
55 76 18087
101 20 40539
77 96 31381
29 70 14763
118 134 69134
59 88 13281
43 41 6151
1 79 83451
77 41 90973
5 135 37855
46 70 50781
59 138 78899
66 51 13079
56 95 58356
121 10 5537
132 3 47633
45 49 22291
65 88 53941
57 17 31373
7 9 12513
60 85 46801
20 120 53086
57 115 80627
132 64 54469
127 22 94845
105 70 99385
53 22 32941
110 67 29455
71 23 81
48 31 32686
66 114 98213
67 68 56894
98 46 59273
46 83 87155
3 148 31387
118 109 39336
128 62 95511
137 103 84577
51 65 70063
58 79 90611
113 146 29881
126 113 42619
100 126 69329
107 17 73293
17 83 3479
65 32 53197
6 4 65650
1 142 34145
39 55 49393
71 118 3171
128 137 90207
67 3 78613
53 102 32128
70 86 52079
145 82 34855
127 129 19801
144 88 18537
83 76 77975
86 27 55400
28 78 65389
102 141 26151
40 31 11865
92 6 17661
138 66 1401
110 71 23655
138 38 65273
31 94 96253
93 100 15684
145 148 81091
43 112 71209
27 54 58123
83 88 56875
11 138 52617
118 87 20277
90 143 28677
132 37 47981
48 113 57883
59 66 12741
12 15 70059
72 19 21351
101 95 76751
103 118 62489
99 127 73337
39 23 13001
9 114 33241
141 82 55091
3 147 1616
121 111 73824
108 9 66297
97 132 81383
12 118 14177
97 131 40323
19 83 58461
63 36 16873
41 58 36234
145 5 82561
127 111 59801
135 17 80173
91 38 35513
18 7 4365
103 67 94148
130 62 94621
61 111 91273
136 59 90368
114 139 56769
39 28 60061
69 73 58394
34 148 15692
45 103 73398
116 141 15969
41 19 29281
111 31 81967
128 119 35685
91 9 81453
59 92 36783
146 145 31453
146 69 19651
117 89 86633
32 114 77689
26 98 68799
114 67 69513
80 58 10225
35 100 83778
82 29 86656
17 107 17881
11 141 75002
127 75 44161
13 123 36080
72 126 57568
130 88 91311
73 93 24985
102 77 45601
49 51 44271
31 57 32609
43 42 22161
131 91 67537
60 95 32577
104 41 71857
126 21 7295
50 142 66022
104 11 11462
132 65 26009
148 109 2753
41 129 99673
44 97 21130
93 81 60717
49 134 31091
3 46 40861
102 75 34601
91 40 85095
111 74 15761
64 53 49494
60 61 16569
99 97 17966
81 76 37913
67 7 54721
20 24 21509
124 142 46261
105 148 51619
102 86 50046
14 52 3301
16 84 59641
56 41 67083
123 126 4222
54 61 96509
88 68 68513
63 97 56832
142 146 53397
55 105 50811
85 58 3398
3 76 84688
92 142 23961
121 73 83346
38 104 99799
122 76 81989
86 127 22671
68 116 42465
27 108 4897
9 69 71989
119 100 29420
71 82 8306
105 41 19201
43 130 35546
138 76 84529
5 76 75913
61 46 48773
67 149 76169
103 41 84705
98 80 42249
138 146 56908
52 82 96561
27 141 52435
25 147 52129
11 100 8805
104 9 55641
129 79 28345
28 57 42977
83 26 2813
25 70 151
94 16 29090
23 127 10805
48 38 76276
65 69 68851
61 75 18869
7 110 95466
51 32 85601
18 49 40509
136 125 35783
110 135 75128
110 58 21951
129 127 43459
109 145 51777
113 37 93217
91 61 21500
17 98 45450
35 130 15765
32 83 32121
46 21 64203
59 112 48236
103 58 23121
23 74 38354
143 108 7133
21 141 19996
11 103 18911
4 61 40241
34 91 20259
144 88 16849
47 74 53385
54 125 85649
71 39 93475
144 89 36399
25 121 30001
9 110 44160
51 98 71693
102 77 81801
42 64 26251
6 59 92673
66 127 33242
48 105 80773
126 73 63955
92 101 30941
99 25 36289
51 124 29801
47 108 2651
14 61 13936
106 33 91330
100 71 45161
102 6 70257
51 32 14713
98 117 49761
120 80 7201
142 33 74135
142 127 35096
48 135 88321
89 130 59797
104 61 86271
32 64 59191
5 140 49337
70 71 96941
98 36 99417
29 74 88561
122 74 97229
36 82 29501
21 92 4401
98 3 77901
23 33 1681
18 67 14683
75 62 38613
4 30 76166
26 36 39679
142 75 62478
120 73 60321
72 113 43825
64 115 69616
115 25 35505
144 89 70401
129 89 43289
67 75 76641
70 14 1497
117 112 68321
109 19 22373
136 130 77815
131 67 38086
78 14 55991
68 35 33863
23 128 77801
82 125 18233
8 93 36876
139 80 3861
106 86 25643
36 79 27719
38 14 19809
17 66 79217
65 28 54185
145 52 11405
49 74 53297
10 88 6887
15 143 73001
108 7 63933
84 130 10311
124 14 80881
41 36 53217
29 75 14450
111 141 72156
84 148 50233
110 60 87715
27 63 79123
72 83 21729
43 120 85541
141 6 52651
141 90 1049
3 4 90661
91 29 24860
93 144 77076
133 109 81706
50 17 6501
112 40 52817
25 113 99537
7 98 41426
15 106 50967
46 140 40301
33 61 3653
82 3 81282
127 54 2970
98 131 833
147 6 59059
147 88 48161
72 111 24326
102 81 52183
21 108 41243
30 22 78213
8 11 43921
130 5 56407
122 93 94087
65 42 80109
142 135 89406
41 57 72993
90 57 55461
32 118 4221
73 139 15745
103 149 13048
79 25 62793
74 64 64491
78 96 95654
31 69 43836
146 137 57585
74 111 70658
131 60 52513
110 117 85177
23 15 42301
101 81 7836
113 64 13347
92 142 68033
40 124 62073
2 71 75105
69 130 24733
147 67 96539
62 120 30348
114 28 37323
100 87 61508
46 108 93401
101 55 6621
64 36 70033
143 78 96876
124 117 81581
13 62 95656
5 74 13910
63 42 9458
41 97 69074
120 94 8571
108 68 55420
20 67 39737
3 95 4962
88 12 3852
16 122 91526
95 82 70625
149 34 76323
82 100 5898
2 24 21854
69 115 94933
117 75 13081
82 110 93395
130 35 90497
73 52 78826
47 29 61731
66 56 61361
5 71 62334
84 54 14835
71 128 74161
147 36 49950
108 95 73757
30 73 62017
60 125 25737
21 85 71921
134 23 17649
90 120 22833
1 8 42561
67 45 50756
58 122 25185
94 107 53240
115 76 30286
116 139 94791
145 1 2545
6 127 30385
110 64 75849
95 84 52261
3 78 58273
137 71 34602
78 42 81416
116 124 99407
4 109 68403
95 141 37744
42 146 25376
106 54 13735
143 49 60905
92 42 54327
117 57 41959
17 121 90491
30 116 1831
94 70 61796
86 109 70753
45 7 69651
30 105 1980
84 54 8787
61 76 80019
146 16 6556
6 82 72656
93 107 8140
2 82 72371
49 147 23399
139 136 91119
19 143 59969
57 87 28717
143 133 74601
66 41 57661
79 105 38801
58 13 45553
3 21 14241
111 32 96476
114 22 84449
23 51 87953
13 26 38665
118 8 97697
109 76 22922
112 11 41760
23 75 73853
77 87 954
105 119 47245
82 23 7353
106 124 67521
101 9 88241
146 2 8191
113 130 90009
107 137 74001
115 7 43578
33 116 4971
119 81 58685
81 101 66301
27 5 33658
38 126 14499
22 134 72025
26 10 82509
22 69 49469
24 108 26463
59 113 99601
117 41 96927
107 114 13649
13 122 88293
26 48 60316
52 87 44641
103 72 92779
85 34 34111
52 141 34657
126 46 95888
145 141 67203
44 28 71545
99 51 42866
47 139 27465
143 98 61880
20 106 24233
148 31 8813
99 8 67601
32 146 88532
13 84 49791
58 122 83456
100 56 76489
115 64 6905
87 68 93941
139 72 50450
64 131 49243
134 52 98281
8 147 33876
130 111 28105
73 37 67251
56 32 86359
42 101 53320
54 74 33568
115 117 91077
145 48 62365
14 113 45973
119 114 29834
133 86 98111
52 12 8751
133 54 78625
96 133 5226
95 1 39901
121 138 10121
107 106 89329
45 74 69779
82 51 74126
93 34 28805
46 88 75113
85 40 60352
63 35 30533
145 45 29803
64 128 13809
138 68 5289
102 53 61405
93 77 57517
17 8 9983
54 17 84000
136 62 59521
78 37 73047
63 120 6407
94 142 285
84 43 95605
18 125 95297
132 69 50797
97 88 1827
29 16 93717
129 79 95609
18 40 82305
72 19 82581
13 123 34969
10 113 54772
144 54 40221
50 133 17457
111 131 86681
121 123 22040
61 109 34085
44 50 54617
68 63 40444
1 8 89057
118 25 17517
110 5 4487
73 11 49755
81 90 78849
60 80 98779
135 48 24888
15 47 55725
133 145 16649
21 34 14517
67 12 67761
88 7 8617
84 47 89255
123 140 73457
132 148 75463
146 121 48266
117 138 14051
79 108 31838
106 100 43189
98 126 86919
121 21 50883
70 11 11409
124 18 75075
78 2 57097
50 28 65149
53 107 95701
143 74 69414
115 92 74792
70 35 73505
125 134 7875
139 59 52589
46 129 37807
90 106 99722
120 26 41483
131 33 61678
35 27 46957
49 97 52541
72 50 94523
105 9 55825
54 14 11173
125 72 43251
43 116 8564
99 13 57841
110 59 37241
64 35 84667
87 8 15439
2 109 4324
28 86 77981
130 45 81875
66 55 55819
2 67 47569
75 117 33969
10 123 84001
94 123 69541
22 68 32277
73 124 78748
96 143 95658
78 48 93576
133 86 3645
146 148 21033
31 136 45473
59 141 16381
99 59 31197
81 42 79583
124 143 96679
148 40 88540
65 58 83151
1 49 22329
125 15 51631
22 135 52801
103 79 86981
135 58 36025
6 105 28834
120 54 65106
67 125 11381
130 21 67875
80 124 59701
50 141 8213
82 109 92997
67 31 78985
108 97 18531
29 118 66641
1 107 89789
26 79 14151
43 38 92569
10 25 86031
133 102 43235
74 133 41721
63 123 65239
130 111 86468
88 102 95553
133 80 3322
52 77 62527
85 78 17151
6 7 65479
113 66 4399
3 71 83229
112 13 3491
130 47 6637
71 19 67753
48 107 4331
106 146 47387
62 44 86241
38 109 33941
136 60 91477
48 83 43771
29 146 77739
75 146 89579
56 91 97411
59 30 98421
118 116 19467
55 57 64353
135 83 60617
38 146 40001
9 4 75203
28 114 45403
121 15 8021
27 126 86484
88 101 79459
146 6 96051
149 80 96529
119 106 92048
64 80 49209
5 14 58797
59 108 37905
124 66 6867
63 22 47349
34 19 40245
101 137 73729
60 55 80001
96 95 23557
127 41 20875
64 149 81417
96 32 13787
25 20 6399
112 146 55601
130 35 60416
10 24 28839
51 31 5499
137 91 94576
44 62 4921
25 92 20709
53 75 86769
46 120 22841
114 103 34791
140 50 97956
96 13 70131
134 41 79581
8 17 36957
56 87 32385
93 147 11113
55 122 82338
129 91 88173
116 132 41207
4 136 48761
99 43 50001
126 31 67297
85 29 65185
30 23 46293
70 115 28051
44 7 79657
85 126 86222
31 23 87304
107 79 93545
76 129 34477
77 49 62514
84 91 56009
125 109 56021
50 120 49917
91 125 49265
53 49 68353
106 118 56783
129 124 78979
29 104 29421
80 79 34457
115 35 5591
105 132 68371
120 111 27105
31 90 64276
76 132 17633
17 141 90626
68 48 18695
5 136 62898
79 141 44129
43 148 18416
89 55 44241
58 120 16348
18 107 66953
29 88 39837
135 141 10114
149 47 38176
31 68 17321
74 13 32357
129 60 68263
66 76 75185
132 124 94451
83 146 97191
134 75 58245
142 102 44526
108 140 9711
62 46 82937
104 120 15317
23 22 98261
63 90 5659
119 48 12967
130 111 42251
19 32 14939
34 109 74216
36 118 20547
31 45 43029
24 104 48833
77 37 81101
144 113 14121
67 59 42893
84 14 66767
48 9 96049
96 102 72035
113 92 16151
73 50 36897
93 139 28421
26 42 78625
135 23 12937
2 43 42641
148 132 3891
111 135 96369
33 28 29898
68 147 12093
34 95 6246
60 122 8561
106 68 68501
92 80 39431
78 33 87246
121 22 21402
121 75 325
126 41 19247
69 50 51038
80 11 59659
110 91 83255
119 88 14326
113 145 39320
98 41 3461
2 132 72365
99 149 19641
97 106 60545
23 99 99113
22 137 32361
35 8 28601
109 105 75027
72 103 19059
131 55 33534
82 85 82251
104 64 17889
146 149 87125
112 62 94357
28 57 23889
135 2 92151
104 130 4009
98 19 35467
40 73 20715
116 7 49021
55 87 99949
55 25 91351
38 144 60891
35 62 55569
39 26 43576
1 10 63391
9 5 93521
47 127 59201
120 100 14157
76 137 65318
35 132 32685
116 32 80804
78 104 72361
14 135 74126
91 38 37931
49 16 54393
37 35 84569
139 78 13767
83 59 61601
40 82 39826
6 99 50371
52 50 53777
128 30 61892
1 7 14580
3 59 59893
108 76 80214
131 55 38551
90 76 55747
125 119 22925
82 3 28359
37 130 30101
7 95 81595
139 148 19201
51 54 66065
34 100 93921
17 15 31937
50 4 41637
132 18 21756
59 143 85247
85 99 80769
137 116 32896
108 68 57501
140 144 54765
95 18 66400
35 141 53
146 23 63811
66 22 42973
132 16 51701
94 53 14312
25 137 25649
146 135 86121
26 40 75901
118 38 1889
104 34 11018
149 137 75241
118 56 87481
102 30 95205
44 11 83829
78 128 81949
39 20 11459
85 38 44001
53 51 48781
122 112 30777
77 14 78560
73 105 19785
12 98 46389
145 51 62992
110 18 39735
38 42 92089
113 67 85501
18 121 67185
83 101 49079
78 17 41753
126 105 1561
54 52 8644
122 78 20512
52 87 95277
143 51 87595
99 57 14323
122 45 69489
105 79 26247
71 122 98316
139 28 61344
18 103 33964
44 28 4378
33 101 99389
50 62 77426
83 25 88721
79 147 23430
147 110 82400
71 93 52501
80 69 71041
41 145 9821
92 142 80616
64 120 10689
80 35 33909
77 55 5239
143 128 36297
139 89 48278
78 8 18241
100 125 8010
22 104 3913
126 44 78221
103 62 51829
137 51 99516
35 67 11901
126 134 87224
111 2 84295
14 53 27657
75 15 9601
