300 800 24
218 174 465596489.1439
98 231 396617150.0689
276 113 552137318.9347
114 237 2068514695.9539
21 146 1856388773.4076
215 125 1027568534.9966
141 202 178858459.7340
86 240 1282824664.0943
286 266 1227052822.5315
268 59 1170803940.0347
116 295 1482510242.9684
108 210 329468224.5338
42 155 728145323.6348
293 294 992730385.2273
60 249 483303609.5170
296 277 1899625822.8037
260 250 424648879.7453
69 24 505098428.3201
61 283 844962562.6390
62 61 1604300010.5216
70 40 1273428427.6876
183 13 105190271.2237
144 173 480859117.1145
243 166 64827151.5686
220 300 1359013808.1155
269 157 1654090641.1678
1 70 1809533860.7037
30 99 1893278233.2798
64 59 112733316.6485
250 176 1366203382.6292
94 176 485541912.2707
222 281 1687669346.7497
279 202 959620123.3247
158 21 45692477.6671
91 297 2030544990.4340
190 276 935948954.5748
189 123 1733610018.9090
236 170 1939419758.1125
143 196 1946371484.7803
270 71 1250322097.4001
128 294 2008446052.6924
44 102 1576259004.4986
77 44 1451490344.9905
258 88 938841970.7237
121 171 1938721250.4550
166 251 171112749.2709
73 86 221903649.9424
69 62 1092703617.2364
282 79 895823031.3132
75 228 1112154857.7179
86 3 302683612.8872
171 284 386042374.4128
60 185 1983094539.8760
82 154 658535500.3825
269 130 1151460021.7902
5 83 652238255.7032
188 271 910122650.4275
229 28 148263633.7280
76 38 962066104.7340
101 294 491992844.3765
105 106 1671953294.8430
41 258 1516733014.0052
24 217 1264975304.2447
103 292 95604997.8295
242 297 648942273.2191
278 137 1781024062.7418
251 163 1035630568.1504
246 35 461607469.3622
98 136 1068387635.5945
64 34 2026723752.4922
80 233 438712510.6634
137 92 75692148.8855
202 242 1832081834.0651
136 233 811417626.5717
96 284 2117039765.7513
128 153 1787471801.7231
185 79 683693301.9045
41 20 45706939.8999
223 277 1157695591.6186
31 154 1604649103.0938
46 194 1601482172.2415
11 16 1946970958.5285
180 238 1205292764.6007
18 296 1999794171.5269
293 201 128492771.9680
188 13 298268886.0595
226 102 117672571.5488
160 289 315997462.6514
207 79 895641617.0906
23 225 595365213.6145
49 53 765641867.3276
224 106 764509511.2585
287 121 606434729.5340
191 252 7602544.2297
214 292 1857018218.3477
1 193 473167971.6907
177 88 1930926185.3382
198 239 1364460471.6654
163 224 2136222702.7375
113 143 667738920.0608
236 196 1001108289.8246
128 170 2145925870.7062
27 259 1974772982.5047
89 222 70424404.2231
135 229 1109147176.0201
6 180 386836980.5881
51 283 178790435.2745
140 78 451865040.4860
272 81 311948261.7014
279 245 665409328.9419
286 146 1951779934.9781
241 20 1210351175.2011
293 208 693172698.1785
170 50 1483800497.6142
130 89 469510476.8295
200 23 1853792772.1525
152 123 698122571.7411
144 88 1497344708.4450
12 131 2109540744.1744
237 250 2027169150.4686
280 130 504427643.3239
292 80 1352538351.8884
155 29 1448009777.7313
79 115 950787923.2085
256 287 421983429.3911
249 195 134094496.8107
24 54 1213428791.8511
102 186 737589588.5822
218 146 1978736269.3929
192 287 1410269523.1611
248 164 1832096313.6529
1 247 558431986.0380
254 258 1454602926.5078
261 59 1671738323.0051
170 44 1147795253.0087
31 278 1404087446.6229
49 33 1728118294.7347
15 202 1309694736.8402
226 145 787502561.1487
79 193 133347514.8413
17 285 1162399865.1950
78 47 436144467.2713
275 248 1325156703.0689
133 144 1135863820.9612
212 165 1317691727.9208
85 112 1426639964.1079
288 109 516392911.3076
5 109 182988844.8437
165 4 1236291236.2424
137 252 328192937.6995
15 237 1506465819.7595
4 208 1948073622.3500
195 42 760149619.6739
237 294 1661295561.9146
141 194 2387640.8782
260 25 1345583267.2342
118 274 515479167.3593
185 267 1911203262.9472
67 203 2099064785.2675
257 195 1950969081.0450
197 282 1515183414.1137
113 191 76534733.7719
20 7 1322718722.9887
31 297 1458478581.9735
296 139 683066056.7235
282 10 502784085.5321
230 206 334083027.6901
52 207 1997948116.5144
183 91 1097903350.7559
17 171 2099699304.0170
175 45 1193042350.4010
288 290 1314459084.2505
81 149 2099873961.3354
141 122 1220060407.4030
127 151 112157622.6757
230 32 376200894.5039
4 263 854676977.9381
278 241 1129578460.4636
235 299 38345885.8335
108 140 2016810764.5298
296 68 302282068.2737
218 123 106238621.4948
37 283 1109206480.9841
38 13 1145596585.7069
18 112 1264447352.1360
62 165 137463129.5215
96 273 1155049891.8136
293 190 1383115243.1425
59 297 82555263.6866
284 296 1147220557.9787
185 125 337641622.3722
127 213 968779718.5003
72 86 1904365158.1922
138 268 1747831300.9486
139 299 362169671.9699
258 99 69692325.4591
85 53 1257797837.1482
133 224 372300117.5088
74 234 896926746.1798
61 16 1292139199.1840
96 247 174420373.7675
95 165 1737787624.9376
205 236 1354812163.7828
123 33 257963483.8560
284 64 904115393.3686
158 176 331926694.9320
90 111 279148027.6620
74 269 473541892.6774
78 12 604188031.0669
114 255 1067684790.2236
220 13 1402065494.1837
43 287 2132981420.2745
204 285 1423566387.1882
62 5 1001805042.7652
47 101 1162415499.2768
277 290 1452640459.0639
116 206 1261074164.4344
103 127 828569086.7787
219 39 116852702.7726
37 287 1491212881.1311
131 117 995783374.9630
243 242 1363149718.8093
216 144 839197780.1728
5 226 228164243.0300
121 135 386171661.5364
104 161 442255652.6372
161 3 1050179214.1172
197 194 1134159417.5269
84 135 2018276676.1556
121 291 1964772392.9619
113 80 1420480077.5830
288 255 706959525.4760
242 177 1540711376.0030
109 195 1104072622.6140
264 133 67883814.7624
149 104 189114083.3843
299 174 2079982398.0225
87 258 1131059705.6094
140 249 155677463.2004
184 162 988109807.3074
16 283 436140383.7144
99 55 1611071018.7977
295 177 1101066101.4713
194 238 842875708.3329
37 31 103804999.9740
69 131 1190719817.9031
68 171 571505610.6939
146 33 298970509.1795
121 19 766406967.2828
22 25 278930193.0646
285 213 619128123.3902
259 169 689098039.0948
266 132 1545540981.4063
241 42 1288755618.7065
47 180 206287446.9795
101 42 371737054.9120
294 234 440595900.2489
273 234 61797946.6620
247 83 1334530307.4223
275 56 44559703.4290
137 139 1102262366.8452
230 192 269308182.4053
210 156 1507788966.5448
104 129 213870469.8572
200 298 845663968.1040
106 182 1920198303.9957
162 182 167858465.3267
124 266 1628915322.9935
55 129 1855923429.4235
178 143 1211729634.1130
234 219 1954028077.2238
283 95 1483287753.7164
136 70 171968755.4422
2 117 1545377861.6072
178 213 12663452.5130
146 70 1544622593.5216
51 245 2029747320.8067
295 11 2138731584.1712
243 154 1151410086.5259
245 219 966557864.8856
19 280 1055747725.6814
128 180 264275522.3676
217 251 2112816053.1535
249 33 1797408397.8009
291 255 1745706270.5956
101 24 1117446500.0152
198 91 889962990.0613
198 92 2132197763.2810
251 200 523657677.5001
139 78 1763294682.3897
56 281 1410115773.7863
67 284 506721777.9659
204 36 2145404325.1614
32 16 1060956687.6114
171 104 1069533427.3464
85 31 1222976228.9594
42 125 1410036899.9791
91 68 385496308.5402
68 291 590160601.6394
261 60 478497456.2879
82 133 1646091094.2886
251 144 176679492.0711
186 298 212251127.3003
278 294 109790292.3819
127 2 2074323456.7787
8 117 1403425523.4318
94 104 2038904207.6468
288 67 1311720849.7023
162 164 1462759337.1642
113 144 130445101.6089
200 51 1023816174.2137
209 107 938831453.3695
14 286 1592835762.1351
43 33 1758710863.9962
200 234 374631907.7386
219 23 1626146034.2881
223 107 1980419067.4673
100 181 1015880394.9499
83 10 709199360.0287
107 202 1300868011.3502
43 282 521377642.3500
38 79 1981122625.9591
265 102 679332923.5561
289 296 570445408.9071
112 255 1113946691.3459
3 299 124912336.4811
119 188 389600802.3416
127 284 672555449.7805
75 12 36194245.1576
141 151 1196408059.6114
169 274 361172630.7195
149 88 326640782.2200
215 119 947460303.5129
70 216 1387582865.5969
158 219 82076178.6891
25 279 1122015580.8923
5 144 1398313491.0484
227 269 15590.7873
242 126 422756391.6708
5 145 446043028.7155
206 208 714084288.1709
121 144 1417468305.8703
124 204 2134370627.5135
153 1 603343082.4272
148 14 1411419374.3835
23 280 987085235.3249
113 51 1306863935.2123
18 273 886806888.2286
8 298 119402500.4961
46 293 940544110.2065
197 248 1447267223.3782
141 273 778976005.5848
65 145 1718495409.2626
40 57 659752375.8335
278 146 1019659209.6337
155 98 7015532.0221
23 5 528053842.0157
137 236 1160829924.4323
270 3 1757075068.4823
241 97 1235978459.1326
60 114 1202319050.8572
122 234 655549014.4591
178 106 1073299173.9528
257 254 1007058012.5682
175 239 657398179.7099
29 284 1228305625.3675
190 179 46838133.5366
225 197 2123547435.8723
86 266 1551808797.3635
299 13 985687463.8933
297 55 240687997.8314
45 57 314267496.6631
37 231 249199863.2227
46 17 925582674.7308
277 57 890599039.2951
278 236 839878713.2451
214 217 1786584341.2428
124 41 738569995.5745
114 55 33530732.5120
115 133 343641361.3488
294 129 817879150.9042
91 53 278967117.6949
63 155 1018447619.1250
118 24 664072855.5212
42 227 1632888297.5859
276 137 1534169257.3765
66 251 124323040.1100
91 280 192633375.5764
89 97 1887015119.8165
107 120 1389360150.2819
225 236 73718712.1213
37 51 962433336.8936
176 54 1340370781.6673
10 140 255654509.2453
263 76 996343899.2397
227 106 1629291237.2492
123 290 1109441976.3560
68 152 696601154.1603
230 266 1985035308.8511
164 135 2069269968.8016
76 201 270088508.7678
64 261 553269360.8347
275 241 1004314150.9001
125 88 315998396.6281
144 274 311955166.3823
111 140 446707202.0919
170 168 700019642.4361
42 294 1280111221.3830
151 52 1003522685.9050
48 88 234085135.6462
279 68 510067229.4408
32 300 1407466660.5913
25 300 833363653.4469
14 116 825197835.9826
248 266 1073197251.9742
40 59 1362496866.1758
36 20 809626917.8892
18 118 109065656.3425
201 54 419792504.9269
278 48 809028185.1455
145 159 337199279.9823
207 136 2029716907.5157
81 155 67632514.2735
83 150 1281226871.3798
90 3 1166675267.6224
95 151 430996475.6588
224 150 522755667.3924
96 27 315509974.2205
143 36 1106272169.2913
31 49 880811991.4311
143 77 1978258923.6310
201 117 1517462771.4635
51 86 2108974012.5319
7 102 1476143437.9507
283 148 859814749.6578
276 228 1692422729.7983
87 209 863846709.3738
202 126 1790720428.2720
208 75 1649552303.8040
221 104 1986874453.1144
120 17 320271795.3969
225 19 1384808362.8278
61 139 1904657950.3157
179 17 901503229.8245
128 259 920171561.4423
161 112 318950567.4732
110 122 1907159123.7572
85 160 2078331725.0244
240 140 1500116623.4873
148 270 100452487.0935
76 97 53318504.5535
244 177 1755405773.2305
211 279 1006291520.6661
94 79 1521752009.2875
16 75 730356719.1980
226 203 1037004945.6762
208 28 19235452.3700
39 38 1359638106.7741
213 112 570453473.4512
50 114 1401738713.3071
55 231 1478978609.4256
299 149 1922430764.1321
145 203 1750229614.9033
267 117 1626034918.9736
103 120 906582312.3534
133 271 1862145205.3180
283 299 971562519.5699
149 57 1025515809.8725
144 265 1026091590.7773
234 186 1420773332.8929
147 28 1852522872.7532
236 243 802313564.9400
195 282 145696889.7713
69 149 1128108270.9130
147 289 574587081.7523
277 98 1525998233.8212
205 284 1566696318.4028
60 264 1908181629.3782
33 230 533130545.4909
168 36 625877524.5757
77 210 569949235.6840
74 188 885804843.3945
289 226 1821879204.0119
127 177 124518339.5654
58 243 1261985958.3720
63 15 521115261.1227
237 150 1151533026.0241
46 20 687209082.1670
53 210 2017219920.6543
177 2 953241524.5320
90 292 1075611672.8886
79 60 1471868236.0622
20 292 1872460270.5827
149 295 998668272.5179
269 168 727637713.7364
103 51 1076612876.1443
299 284 833364371.1289
146 132 1806373404.0166
187 218 1420051658.4642
146 288 1486337090.8312
29 106 1163210556.3854
104 70 1028789377.9459
21 49 255532955.3345
287 102 795037199.8055
258 194 1008261347.3674
209 41 1908131555.1558
109 190 180453408.6862
24 276 1184296798.2217
70 56 242444144.3005
147 48 753665913.7904
249 175 1229937413.5604
112 212 1311971485.1194
170 145 858149339.3098
2 76 242366951.2306
146 11 223851134.6891
109 265 1296943454.7646
220 156 139297604.4034
189 184 1249169597.5962
1 210 981871943.1751
30 206 537514956.1357
186 203 1022413990.5958
52 296 590203029.4799
106 225 464531306.7882
117 119 1756556808.1262
266 94 52007663.9114
206 258 1251541369.9561
23 202 1110466448.1264
179 23 1029795624.0094
257 153 588214036.8767
206 250 1145763433.2235
110 192 95187133.3754
195 237 340958010.0625
280 299 760963799.7104
296 87 907366387.4490
110 40 455744241.5060
225 90 2100143098.6683
88 289 1052237210.0346
159 73 1940537221.8475
284 154 1555568269.0188
67 25 1419942800.0408
179 200 174493494.9772
143 17 1120707479.7879
268 235 1623932880.6027
256 111 1636786253.3414
82 207 97133933.4807
191 292 657837173.6135
153 293 1068079011.8988
277 169 1130670060.9146
74 111 959170400.0133
282 147 127376814.0408
7 153 2064707137.9178
129 41 1046537532.4396
168 49 1960514656.0959
231 54 1647685753.4473
267 244 1420675591.7450
41 93 515458662.7077
10 233 805538697.7574
57 71 1111537965.4405
10 123 1989174277.2353
136 166 320396046.7021
172 229 1680078547.3924
74 254 784788888.0656
215 225 295014574.6673
102 129 1287481286.7022
56 76 1589143752.7555
250 66 1432703044.7707
238 202 164574550.6797
24 106 1618178971.9032
40 259 1591646351.8828
53 140 953570956.2476
30 89 328017302.4574
35 22 701882572.1637
288 261 1022147543.7307
214 69 2036999124.7191
159 65 1773506056.1734
143 95 1775219791.3028
151 223 1215556283.8643
221 117 2063931715.8704
155 41 243186313.1768
13 187 929215082.7572
44 171 1534950359.7841
231 162 1082749731.3113
78 155 1905066024.6224
108 47 1057550573.7865
15 278 578220578.2319
221 5 1251752638.9671
280 227 75071726.6901
55 212 759937796.6076
284 74 1781299384.3484
92 211 232013781.9208
26 29 808835119.7215
91 171 658013139.6455
200 38 1540372074.1612
118 116 818239768.6923
169 198 1797670386.7758
109 113 1111177980.2900
218 196 794766958.9107
54 41 941795611.2109
206 296 23691698.6493
11 138 1606176197.5201
54 71 1176257297.7997
148 58 1425559710.8983
144 97 933441910.3718
1 26 804825492.3195
75 260 338726507.9797
132 72 1650355613.7225
286 47 430997415.0408
292 220 1078277721.3331
186 201 594669612.7996
297 128 509804788.0147
62 111 1582244209.9780
198 156 77989865.9791
172 165 777900888.5299
140 125 2090101881.0074
170 230 967541825.2979
89 8 427587111.6485
204 66 1297938071.5427
73 183 507591325.2536
162 5 1378401599.0391
222 1 875786501.3690
228 59 1270773281.2678
78 72 432442533.3564
88 235 1307626150.1480
288 53 1626765272.0523
37 104 814235466.8328
170 189 520447773.0811
81 50 1522139227.5208
77 75 1918931719.3856
212 258 1620626675.5555
154 157 1873908522.8161
30 262 1188977718.4957
280 279 1748573065.2785
136 210 1942282958.6748
170 77 1668179754.5348
267 65 1303462537.1745
73 209 782046129.0042
39 157 205509023.6761
190 132 335090420.1290
31 73 149130595.1532
64 81 1897922010.6357
69 280 1056315959.5655
25 40 1734267901.9948
61 56 149509271.1645
290 267 1021318458.8350
136 88 1392825898.0704
270 199 182437549.1778
155 288 1207710881.3248
185 275 1552997173.7698
173 241 1997337714.6163
220 233 1695298747.4906
217 101 365564708.7069
61 233 1660806724.8361
248 139 1119324808.6926
118 26 745092606.5544
55 237 2073981918.4253
50 181 509924279.4915
16 185 342547901.1061
299 124 140859879.1786
210 147 778343363.8178
112 183 2054013686.3819
30 37 286050365.5044
51 269 1334009221.0079
21 126 851574782.2202
300 146 413381294.6849
287 181 998942729.1323
68 251 1978743546.1795
61 45 508674150.6483
70 152 1610530868.3152
150 6 484251769.9342
134 228 1956254033.7087
221 193 1679959653.7358
125 63 2143465831.3576
252 158 1439091210.3906
93 255 772910501.0339
33 115 203843766.1426
2 18 847183578.7115
178 194 766375684.4216
28 130 1459048831.0004
202 204 1931488084.5336
209 157 555321588.9790
219 147 102795022.2436
278 212 463448322.0114
20 155 1812543621.4829
47 104 1836174040.7284
190 189 970481802.0259
87 50 942823590.9570
122 126 2051459150.1351
46 177 1781030232.1800
163 233 1537476196.1854
66 233 60464740.8715
283 210 594047987.2316
150 167 1769480865.4141
17 199 554495172.3499
239 241 954120176.6416
79 271 1091501121.8364
2 231 966847521.0091
275 264 1608052041.3014
172 131 988665041.4058
291 168 1988467548.0440
116 6 995772061.2023
178 245 517713178.3070
69 81 951370108.4101
197 20 14973610.9187
59 66 1737674534.5447
267 34 228236401.1192
242 163 1585146149.4036
65 232 920858475.9882
5 300 1495784122.5025
195 224 1846313575.9345
254 158 1113533793.9298
256 205 1722139074.0690
288 102 1558556791.7488
200 277 2077694297.5267
171 54 397978905.6527
174 217 1693617608.2598
64 283 2125247310.8132
197 186 1099292892.2368
186 16 987790752.4655
112 173 1645046238.8620
144 218 484036620.7623
52 285 643713526.7903
214 208 86214540.4597
74 200 18836749.5077
237 262 1344797382.9237
59 180 351372168.0195
258 176 1960033030.8603
58 296 647708934.6356
143 37 194236840.0672
251 226 2007429900.3159
12 132 459227258.9772
24 132 25646017.1506
108 289 209149009.5650
67 102 634199020.1575
20 25 42265678.4851
74 297 1372364260.7609
264 216 201549588.1486
275 274 463459708.6734
193 266 1996726060.3768
22 271 475839805.5912
193 268 1896881352.7593
6 39 1888571866.0525
231 46 518464969.8963
236 263 1663403651.6612
287 27 499873165.5441
149 176 1217597825.4269
113 160 1292749557.3498
179 266 746419446.0594
197 284 1851831684.3966
266 182 188902759.1307
139 110 1483550459.7394
234 93 824366476.1058
250 219 943168407.3730
264 14 458190351.3161
219 206 1497462149.7830
148 289 105916667.5962
100 274 533241198.9837
9 165 1096935637.2919
254 247 1688904663.4502
264 238 1987212468.4437
252 84 1138332428.1163
46 140 1354895456.5209
49 253 117460667.7518
76 52 1368887890.6807
198 171 1782792902.6683
20 214 889193141.6297
219 167 2076385804.9021
284 39 1914800910.1714
9 188 1419842462.0652
119 99 1729324962.2250
210 160 688103821.3028
236 275 1907592126.6929
260 133 1318105598.1516
257 179 235721098.0750
93 74 1693769122.8009
234 204 2061720395.2304
280 275 518719775.8207
184 239 1473490459.8345
61 97 1580395455.1763
27 233 1810734130.3059
180 123 352054082.8988
127 161 1572413080.9534
33 104 90966744.0674
14 104 1943749503.4025
5 187 1499418873.8412
96 3 889819056.1130
276 157 1889632324.6630
93 286 626837357.8279
50 209 1232574426.1154
53 278 1533046163.0022
191 246 357592554.9436
158 14 1891250191.0219
125 148 1565757793.0045
280 146 551083476.6496
266 288 764629950.6456
126 243 805964393.1263
31 121 599288173.2082
236 159 1593184115.8498
2 3 1678619980.4716
213 83 359740294.3752
182 203 722395777.4925
1 461 111 225 474 578 291 519 249 403 50 479 359 532 343 117 328 589 415 420 93 310 204 588 278 498 136 554 531 499 119 566 237 121 449 80 356 26 346 135 331 19 600 380 313 463 140 506 198 529 117 32 352 382 352 136 562 472 404 269 42 593 568 552 262 246 485 339 542 391 544 141 350 587 562 203 441 88 406 175 342 542 501 48 172 306 300
6
2354235435
1 456 311 6 85 568 108 369 555 308 184 260 322 166 183 542 255 55 76 587 138 211 468 515 424 434 354 584 27 593 182 273 498 325 290 272 567 465 123 184 22 483 512 465 227 568 592 305 500 158 40 13 554 324 307 449 387 448 31 544 475 337 592 559 402 36 84 203 33 577 89 449 167 214 214 242 170 504 3 583 519 385 133 540 477 382 448 597 285 187 392 280 340 600 517 552 443 20 457 310 359 109 565 50 127 162 88 489 186 292 546 40 339 416 194 100 415 178 132 518 245 419 262 590 500 567 259 141 159 378 58 405 230 266 573 118 390 38 108 340 371 207 553 574 395 327 512 494 157 300
1 407 118 468 87 321 555 393 66 483 404 366 290 385 38 570 325 93 122 496 371 287 318 329 369 224 399 217 218 52 346 504 92 473 421 415 545 83 213 587 465 388 1 376 547 145 533 534 405 587 390 546 564 424 382 22 14 370 594 408 278 191 20 141 412 94 414 559 182 307 341 587 90 334 580 368 298 587 244 341 302 32 63 525 239 481 316 598 11 280 564 136 85 566 310 26 321 223 354 329 39 545 323 380 387 594 24 592 321 249 425 271 533 535 489 598 102 352 448 105 468 251 362 493 49 330 486 471 379 65 73 253 352 93 221 537 133 509 299 392 574 596 569 398 9 325 579 406 411 353 254 232 78 573 417 233 279 484 381 288 452 64 270 322 124 294 387 317 269 564 581 549 159 397 509 198 353 431 389 309 265 53 348 582 515 317 498 44 324 277 565 122 110 451 354 308 475 236 61 262 333 341 160 78 425 173 337 193 432 83 361 360 58 83 104 467 124 467 18 373 112 278 308 383 76 311 422 258 60 596 237 364 537 363 47 532 456 257 519 286 339 437 546 190 415 140 234 432 425 4 139 432 490 568 21 598 307 322 438 271 559 295 360 74 502 591 65 503 509 488 48 313 182 249 596 399 147 493 561 394 568 142 600 31 297 62 342 249 394 135 581 165 460 287 50 596 60 588 31 3 580 233 393 208 300
1 133 367 328 409 288 37 287 571 446 66 492 467 105 455 214 554 361 284 403 364 564 146 157 554 204 190 591 160 510 312 597 35 375 109 567 188 302 335 548 101 92 237 432 388 437 23 558 314 287 391 538 1 252 289 125 415 200 288 397 407 597 2 395 560 276 366 545 248 596 34 586 263 496 405 546 218 481 113 185 291 285 472 325 5 491 194 346 227 336 467 184 211 300 507 282 477 184 567 344 357 14 394 594 531 434 25 276 110 113 462 70 33 259 249 471 235 433 500 82 207 109 265 97 258 105 309 285 48 454 457 273 429 501 35 559 54 193 528 240 389 471 21 101 269 108 375 279 72 279 211 456 579 310 304 195 532 555 270 579 401 76 522 155 481 281 175 547 88 125 336 196 588 358 104 175 66 600 394 600 233 232 231 531 300 381 40 31 107 118 318 95 272 568 310 19 358 5 326 302 121 310 97 154 553 233 424 171 590 204 413 295 241 455 473 417 242 501 150 461 207 556 34 90 37 387 278 533 33 517 258 244 533 320 581 280 420 540 29 193 15 354 491 557 282 426 149 205 405 290 76 380 224 392 462 414 298 538 406 490 233 455 240 541 521 597 272 114 529 287 372 397 56 518 486 225 563 41 298 316 577 161 195 427 567 438 528 534 459 149 71 420 160 375 248 452 510 354 35 485 353 30 146 300 322 39 420 564 3 584 301 119 412 584 524 590 280 336 204 301 567 233 505 436 397 576 416 212 325 139 72 203 223 388 282 534 379 51 552 331 111 95 211 350 344 423 367 290 22 529 363 311 39 367 350 420 275 411 151 406 286 592 165 449 130 491 188 15 515 350 403 311 46 288 306 165 500 321 384 27 473 96 597 213 79 128 180 587 577 294 145 543 308 435 49 397 399 49 33 314 469 454 222 458 413 28 584 184 585 299 338 316 221 268 305 577 81 293 548 108 461 487 397 185 465 226 311 246 556 332 90 458 470 508 220 449 83 257 360 151 445 131 401 404 46 212 453 517 445 280 197 522 286 137 570 129 496 189 496 446 340 233 577 81 374 260 342 429 323 303 310 533 93 556 162 9 350 454 21 424 213 498 422 65 57 341 184 431 232 229 395 503 225 311 392 223 264 592 7 275 449 141 329 116 399 194 520 95 144 462 94 121 440 302 401 167 221 443 312 22 329 218 584 460 271 15 120 132 363 365 142 386 1 245 356 143 469 366 105 455 208 228 378 146 99 426 150 537 516 453 313 524 523 333 557 489 420 543 153 467 129 365 417 219 314 58 162 531 559 296 79 485 111 42 534 300
1 390 397 51 576 338 549 434 481 559 465 474 201 466 465 277 313 52 473 580 362 143 369 96 40 294 366 574 74 537 373 251 238 292 116 361 280 501 553 90 303 450 356 300 455 547 386 470 125 599 315 403 509 216 35 237 387 215 408 407 540 313 156 29 423 130 310 507 208 514 378 272 100 574 353 498 465 430 466 17 420 166 333 495 397 155 482 267 541 305 462 271 528 450 261 277 335 556 12 279 489 145 266 40 131 486 68 64 326 443 464 258 600 418 448 516 315 312 409 482 204 436 554 581 108 112 434 474 565 594 372 308 178 372 276 345 460 436 136 570 180 415 25 399 6 523 376 565 118 99 352 548 592 181 55 452 561 263 578 59 594 384 431 57 547 130 532 558 541 133 535 530 77 528 92 145 526 465 54 351 341 320 362 532 209 567 518 363 53 220 415 185 231 438 264 129 411 419 577 30 548 149 330 307 494 472 476 556 168 319 280 379 505 33 104 383 342 499 428 249 333 581 78 535 376 397 197 484 319 193 549 533 215 520 369 357 66 148 474 407 577 550 145 477 412 193 442 466 506 246 322 440 208 544 373 419 5 249 314 528 571 176 418 345 556 429 492 100 529 296 300
1 291 154 576 214 486 226 168 318 446 331 3 470 165 101 406 202 420 372 540 106 42 483 86 545 358 8 454 154 442 217 140 483 50 58 374 132 314 74 528 365 323 23 483 356 265 200 19 320 313 292 371 395 262 514 444 484 560 23 473 312 210 209 295 226 595 96 438 490 32 366 544 593 285 431 72 356 141 501 178 5 512 235 359 124 255 470 47 412 438 204 177 320 593 283 227 60 238 488 532 338 37 517 550 9 533 197 457 310 598 188 502 429 86 426 5 359 295 307 327 162 551 57 156 368 257 429 479 428 488 115 587 171 459 277 392 488 255 369 373 291 184 476 335 55 52 317 292 342 236 577 130 501 264 8 538 472 313 437 227 486 99 419 109 248 524 5 195 226 194 47 234 456 535 38 75 33 448 568 452 214 215 315 194 258 470 282 328 338 523 175 535 142 400 406 275 504 426 584 214 310 104 466 321 48 429 136 382 510 145 310 445 300 138 419 336 440 282 473 152 572 426 94 4 310 229 556 254 536 482 193 204 279 263 259 493 444 6 223 374 534 205 74 562 421 224 54 380 107 425 361 208 121 302 234 193 381 541 459 172 393 30 528 323 487 309 239 558 80 289 74 236 63 382 439 98 441 61 118 167 100 255 526 210 77 386 487 588 129 183 418 483 158 12 336 310 96 521 417 463 85 583 123 46 422 129 468 552 180 57 467 202 420 258 470 288 302 137 480 236 495 207 422 423 194 488 494 189 407 273 119 137 568 482 2 309 389 48 393 470 118 160 347 28 182 355 371 325 153 2 586 598 349 452 471 103 539 570 529 451 370 373 538 582 309 198 483 41 421 583 191 515 40 431 265 181 360 597 250 409 336 514 322 193 522 331 385 515 380 185 505 213 224 44 521 286 258 585 291 364 284 138 571 503 523 171 592 487 157 30 103 239 287 43 563 494 501 405 364 439 200 125 240 590 317 116 311 392 19 417 10 340 578 122 417 51 70 418 466 154 386 324 350 37 110 446 584 83 578 507 143 463 470 230 36 7 99 560 396 463 352 581 200 164 429 259 505 256 104 504 37 62 60 535 445 298 425 319 207 349 545 306 218 392 522 460 387 286 370 349 597 50 119 590 451 306 276 528 545 560 173 379 227 332 41 111 432 334 343 254 526 182 395 204 67 403 427 183 122 406 369 323 397 506 272 491 365 296 241 153 507 419 376 369 425 539 85 135 283 368 150 401 170 131 312 352 456 339 215 491 392 266 404 26 408 103 532 294 300
1 554 49 369 339 183 509 537 61 594 484 234 544 265 509 493 490 575 83 143 373 563 52 26 158 458 369 59 599 497 511 25 511 522 378 543 575 60 497 149 472 573 162 257 440 277 449 122 416 347 125 355 207 300 362 178 69 297 306 597 85 532 173 275 461 558 100 471 299 565 498 162 470 427 12 469 131 442 338 429 24 480 585 339 271 435 414 127 3 241 153 60 523 523 164 313 114 442 491 586 132 373 252 539 106 319 211 578 401 150 132 502 109 548 445 223 574 17 410 175 554 85 341 508 43 522 349 75 475 206 409 399 31 383 93 281 244 395 281 44 171 371 282 362 158 414 114 588 282 397 288 244 304 197 137 252 476 516 451 337 169 360 108 455 131 9 140 434 388 355 223 533 212 466 393 447 255 408 199 436 209 402 486 173 162 581 422 154 302 357 25 452 432 557 250 149 213 218 47 524 531 66 559 546 588 243 132 291 44 378 68 457 311 31 475 226 401 39 523 207 509 373 275 385 195 262 379 499 487 26 415 547 7 13 473 273 339 348 225 528 550 597 466 67 446 65 508 123 517 354 311 521 533 507 140 449 337 42 556 194 21 407 230 170 110 18 503 545 550 16 304 253 23 481 235 392 506 475 286 79 316 139 598 600 70 563 326 448 584 19 22 587 70 306 180 296 123 410 323 564 487 77 229 562 160 221 57 554 3 305 175 449 585 284 449 12 302 560 274 421 421 66 364 76 513 285 388 60 326 183 352 61 180 354 24 339 276 284 199 551 426 372 264 9 577 471 165 512 478 551 589 512 347 480 334 466 170 286 387 481 242 56 416 545 330 538 330 576 187 434 291 52 125 428 106 283 324 452 548 367 585 214 472 135 292 354 293 127 126 408 30 544 188 302 470 197 116 264 386 564 386 397 316 77 244 304 9 373 110 346 248 531 223 375 571 22 327 300
1 425 382 288 344 416 450 250 564 457 294 440 108 486 355 361 234 448 242 171 538 437 312 112 360 408 300
23423423435646234234254624124
1 526 595 168 61 325 194 68 268 571 257 91 236 128 169 312 500 366 436 281 43 480 565 502 251 595 214 5 501 415 257 237 488 131 458 341 548 589 348 378 478 544 268 282 521 422 243 556 378 13 207 135 111 366 27 327 529 385 175 276 185 420 385 547 6 264 447 403 386 122 405 319 110 324 44 294 131 581 353 158 330 80 166 321 59 521 241 257 591 470 528 28 405 426 86 150 528 463 496 148 505 119 555 58 77 65 385 210 438 365 432 480 241 61 478 134 57 482 472 450 541 43 103 499 145 493 394 118 347 314 438 417 205 525 299 232 432 254 306 136 224 212 461 387 439 36 143 131 434 454 367 107 353 85 598 141 290 453 98 579 20 569 21 99 492 243 396 193 292 444 280 407 58 148 544 20 562 495 413 229 512 185 528 193 541 511 528 146 65 117 228 598 64 129 509 115 510 199 220 583 556 171 366 164 490 55 243 520 206 94 563 469 410 218 97 490 525 598 216 470 153 544 102 412 315 21 86 486 422 222 313 20 23 540 108 473 443 215 471 159 398 506 203 267 11 318 460 575 364 340 344 268 175 348 402 327 319 383 203 178 519 116 321 234 17 238 370 45 23 261 292 312 194 574 375 302 354 382 2 508 396 538 142 395 188 154 110 581 367 241 115 337 145 354 92 325 400 357 463 327 69 560 513 550 27 361 409 99 398 316 23 173 430 536 594 24 513 555 239 581 388 21 504 391 142 358 106 251 592 128 406 125 550 591 21 252 422 84 309 546 481 573 572 451 583 199 230 339 369 243 67 223 9 24 349 273 398 197 527 596 518 17 62 83 405 143 487 259 420 332 520 253 287 228 379 191 493 416 393 28 299 347 252 163 372 275 508 307 308 99 102 218 506 593 201 453 186 449 60 471 414 89 160 91 581 442 466 249 195 475 574 44 488 151 288 502 267 500 338 114 408 309 217 116 325 53 387 499 533 434 100 123 526 415 465 134 231 287 539 148 193 407 60 480 293 328 538 590 346 251 343 372 547 501 245 552 122 254 474 302 397 285 447 464 274 264 487 17 334 3 362 515 442 540 24 453 345 320 110 582 454 405 63 145 592 240 572 570 504 298 17 465 37 311 361 205 536 196 461 221 190 128 380 332 509 274 337 69 488 92 351 377 253 375 584 140 41 484 34 50 50 385 334 205 563 4 447 256 25 365 67 551 292 598 210 386 211 295 92 262 432 95 324 82 461 40 54 189 317 575 277 147 350 544 101 148 493 453 344 374 471 391 313 324 114 380 469 33 165 186 474 140 437 181 423 83 376 106 325 7 364 295 300
111111111
1 309 105 484 432 380 241 165 489 271 309 509 17 306 581 252 469 583 574 563 398 322 162 312 190 534 494 1 433 16 485 166 422 142 534 261 539 539 469 527 76 444 511 263 329 158 404 571 309 305 23 328 535 501 324 441 596 535 300
1 582 316 481 24 490 584 83 460 106 381 269 494 194 359 10 482 178 561 119 486 183 426 409 17 103 386 116 551 37 124 523 359 406 553 223 484 521 75 287 263 435 254 214 268 579 255 525 530 129 205 599 78 592 454 457 582 252 72 508 77 531 194 50 162 342 223 330 53 361 314 94 578 600 552 553 254 391 441 277 366 596 205 209 507 278 531 119 213 513 308 319 314 491 242 489 449 109 234 255 516 136 328 48 329 496 445 169 532 321 41 122 239 600 134 436 110 392 412 298 228 341 20 404 293 503 437 60 569 237 430 107 219 461 365 270 448 242 572 589 572 455 397 460 598 147 424 19 10 332 129 120 231 265 511 28 368 492 543 500 437 474 328 573 407 232 394 390 271 397 569 394 366 309 415 237 421 296 279 522 36 537 196 317 445 566 185 295 456 427 381 287 512 453 379 75 532 74 535 269 359 292 276 375 238 579 559 589 519 129 512 298 307 516 28 335 311 594 342 258 152 161 369 251 300
56756757657
12334324
1 352 337 300 117 393 443 307 522 408 552 349 221 547 13 549 363 63 9 310 350 329 292 201 488 109 225 351 409 195 172 73 326 529 588 448 20 580 353 414 347 184 573 584 597 158 419 526 545 216 125 39 375 121 546 251 562 388 169 557 155 537 160 389 99 325 560 265 177 466 511 499 266 192 568 11 382 192 15 87 27 316 485 11 490 251 411 16 357 223 329 502 200 335 112 326 157 92 412 224 64 350 398 361 220 314 149 536 509 572 116 86 347 288 103 269 579 259 185 106 250 379 248 1 552 317 26 221 474 177 308 230 567 160 417 93 346 550 318 51 215 220 376 140 575 447 8 488 301 63 436 458 561 170 576 495 315 387 556 111 540 18 234 523 75 194 119 330 384 95 461 229 365 346 321 11 393 490 268 412 318 406 430 57 400 487 87 369 488 88 37 534 242 65 130 579 108 595 52 342 87 32 203 335 330 564 215 268 340 337 547 590 387 125 185 106 378 409 146 48 510 546 574 482 444 467 580 460 318 558 332 282 336 546 483 520 252 72 467 69 449 302 43 560 304 506 484 353 495 334 19 384 583 561 95 282 40 402 543 523 220 118 29 443 417 382 131 477 406 97 219 591 526 571 149 480 415 146 592 79 458 276 375 350 441 342 232 273 538 438 189 11 426 272 582 41 500 518 293 488 378 3 307 284 456 509 484 167 7 65 374 496 85 428 327 350 532 352 139 512 435 319 460 66 552 432 370 539 175 322 124 422 554 390 463 265 447 246 83 282 273 144 567 184 35 304 447 559 246 582 518 381 584 551 411 407 17 379 424 287 492 3 523 472 480 49 354 94 501 160 123 574 330 11 485 485 300 150 466 443 534 110 178 529 9 445 433 222 342 62 476 206 307 538 331 205 468 137 442 96 300
1 26 1 222 281 56 76 97 144 218 174 299 174 217 24 132 24 106 227 106 182 162 231 54 201 186 197 186 201 117 119 117 201 54 41 20 292 20 241 20 41 54 24 118 18 296 284 127 213 178 245 279 202 238 202 279 280 279 25 279 25 22 35 22 35 246 35 22 271 79 207 82 133 260 133 260 25 40 25 279 280 227 269 130 28 229 28 229 135 164 248 139 61 56 275 236 196 218 187 5 187 13 183 91 183 112 213 285 213 285 17 199 270 148 14 116 14 148 270 199 17 46 20 214 208 75 208 214 69 149 295 11 146 300 
1 
1 
1 
1 
1 
