800 3000 60
60 644 757096565.0600
216 408 547930500.0822
611 426 1008318724.3577
525 635 2002891870.3572
59 766 2105631192.5629
696 628 1445503739.2124
424 498 1025344485.0963
741 511 1143178024.2309
55 287 1555276163.1939
351 710 77741972.6617
299 431 1694024026.9069
211 777 1088908233.7677
377 330 797456309.3747
345 239 44275795.8296
560 112 748318428.5412
328 764 621966925.5491
123 559 318655549.7947
60 251 2142414156.4006
740 49 770584509.2994
563 349 1218664511.2142
177 475 1133243868.9273
145 622 606479070.4704
343 592 1601129043.8885
376 265 1565509627.7319
670 193 2083150087.7593
295 291 1202606017.7224
369 484 566282048.5558
680 616 1317381906.5665
483 633 375680771.5848
63 403 1852596419.5201
427 200 1619238056.9553
107 12 132701576.5156
31 551 1299436141.7402
725 311 413351373.8828
484 335 765230063.1678
695 101 1518746388.3453
426 436 439909768.4247
178 357 209028981.4785
65 222 1092174913.5409
526 113 212870885.5476
55 208 556413151.6939
197 550 1431106411.5686
291 553 695441137.4774
117 547 1883302304.3416
253 58 131699658.4306
123 693 1098992116.4939
172 191 2016493376.0101
271 713 1929293815.8590
138 179 724665410.8247
658 52 429631724.2299
586 776 1011759958.1101
554 677 930119905.1012
101 167 8607331.3695
106 753 417560129.7604
139 22 72674952.8651
669 164 1320186398.7831
587 579 1481981240.4533
602 35 47947319.5384
753 280 1598932999.4590
125 326 1334123658.5712
748 16 940873049.9902
729 6 605615944.3142
8 461 1673632210.7181
21 360 1905872191.1989
729 485 962038125.3136
401 616 1648416904.3711
598 707 578857652.1776
479 328 1096599868.4094
250 786 380756752.9255
359 496 837668241.3165
699 199 1235086175.9573
327 618 281827693.2299
640 721 1111960174.8959
586 756 247451057.6315
663 227 2030465460.7523
313 154 1939900170.7880
68 715 1436087556.7884
621 217 1050145837.4103
61 103 239850641.7523
313 307 1337494402.4176
427 526 1524066119.4433
690 119 2088343250.2047
408 518 1328965649.5285
798 656 1315214981.1932
664 721 1570799825.9555
91 691 1032080712.1025
357 599 502111700.2015
570 603 1758259979.2878
146 431 1016659418.2334
510 539 1722547829.2615
746 103 333373154.4133
379 335 1469770874.4564
204 284 1524723352.4974
772 261 1103482897.4657
96 127 644446204.7203
519 18 1522207806.2708
515 787 1488471492.0645
89 36 896660055.9867
490 693 1426342372.0895
660 61 1489011467.8701
10 482 2083078136.0342
443 790 956822197.4563
720 596 1492292803.8898
274 660 1236237409.9431
392 688 2002194598.4493
760 679 2056560989.2888
320 703 1104025070.2001
781 533 584565110.3922
541 1 1198226913.5987
277 572 422736071.7117
175 597 110606937.7737
586 193 467473870.8766
645 422 693557571.4261
405 646 375241792.7748
613 420 67744348.2923
794 122 1318272763.0842
191 751 890430495.4847
704 207 1905646846.1832
487 521 1693587329.8781
158 457 544928288.4518
91 453 395545282.2043
713 746 1156735768.0173
442 20 252071131.2616
610 674 243333655.1580
506 400 2130727015.0598
362 511 1252855237.3664
594 678 1507923514.6759
51 698 702074160.8674
200 55 1314123346.8516
699 61 1403139703.6180
640 623 1978440755.0756
776 57 1885727958.7209
362 722 1546028196.7227
645 768 1314304080.6743
275 660 1189899254.0695
689 422 492616942.7320
234 197 1843405379.2605
413 212 237889320.0004
508 555 1362874808.3564
188 65 997780292.9913
699 577 745139705.5266
478 510 291640567.2838
51 462 2122533343.1515
708 20 1565415533.4751
307 751 1444262625.4839
297 563 714800367.3466
78 401 89291911.8658
163 644 568371180.1825
347 507 1146253976.2200
328 418 1078785266.1795
58 440 31373883.1099
307 198 1307592860.6909
152 447 1900210306.3280
283 108 716191034.5251
727 261 1284779616.6897
493 366 1537225027.0467
741 533 1177316037.3404
319 97 1663729146.6680
674 275 903402749.5711
305 626 2115164899.5029
279 478 1744106063.7413
734 552 628082149.5254
299 274 892069445.9703
141 208 138693187.3769
616 208 2122295502.2530
462 112 1489311787.3428
256 377 536342511.2283
15 437 448396978.2006
734 661 742182790.1553
239 210 269383984.6465
272 72 1114082135.5740
650 216 2047973823.7762
584 144 836309094.6121
639 548 1722851939.9569
381 543 1915088851.3090
370 518 1113100141.0415
652 179 1570366537.5764
192 444 436693029.8638
663 451 1894141193.7698
524 741 1300614240.0044
154 398 643927722.7114
255 424 1179517790.6209
11 103 1847167032.0156
428 540 1869629086.2157
319 335 2032236732.6411
749 39 1934065856.4817
699 17 123319389.6719
729 572 690385296.5905
169 503 919008503.0745
740 141 1303644043.0558
574 498 978926881.2497
539 270 1594857345.0853
349 577 1905923735.6767
316 156 391921847.4709
69 109 643694992.5904
681 436 1595732410.6438
359 271 1170333395.2652
143 759 419114243.8705
196 356 1548808143.2160
202 419 2012384111.9992
620 140 416782801.9727
614 692 1723428884.3076
14 677 1379500003.2630
107 794 74696531.4685
710 481 1961373267.5287
286 126 314872065.7087
230 165 1921375544.7143
63 19 1652523252.1887
177 133 408660087.1082
780 191 686561478.0180
658 305 696576446.7032
574 342 1856359517.6859
173 426 188370022.4415
204 337 2135572939.3884
381 274 1942921765.1426
792 602 1436358053.7980
143 384 678033289.2854
765 599 810452699.2878
286 547 987820681.3131
281 350 135331178.1364
356 15 585557536.6281
685 452 78645297.9734
458 532 1050630118.9272
348 343 525425109.5499
248 674 1683002330.4005
646 37 95105300.1787
126 384 523169635.4707
295 222 1176969639.1846
720 424 1593633148.1394
560 615 449547298.9653
579 68 1970722905.3867
609 255 794849015.5736
589 267 1610786014.8072
209 40 1238389704.2915
648 324 2031364800.8334
97 66 56764017.6692
733 503 264932980.0659
509 254 1812665501.3333
646 223 538962599.4204
591 776 2080231331.5117
596 430 83878224.5278
701 470 1838360165.4362
677 355 1218660005.0543
797 385 1067603533.2785
668 471 647482954.0086
30 24 852639189.8324
353 797 1964117682.4287
427 533 1828796074.5468
353 2 1134515773.9796
111 497 724322815.1537
199 595 1695803834.3622
798 387 1472232849.9218
248 184 355611304.4181
664 11 1067177912.4139
599 202 1918352926.6420
142 244 1413124664.5475
393 521 1598932109.8751
170 355 1512627144.8376
140 537 54039630.5759
60 167 1534553878.1320
51 365 1712686716.4970
420 644 1393360475.3021
434 371 1545241558.4575
492 446 1254933657.2718
571 265 947410230.2112
716 95 235904192.4524
718 442 572593754.3370
776 82 376008003.2221
562 364 2042763199.6710
756 686 620645199.5626
78 572 1845648350.7039
319 418 684803758.2232
227 504 942097819.6411
531 628 1806075981.7647
82 420 1592014474.2430
171 128 431214507.6308
363 660 1183453090.5613
184 148 1802667169.2657
719 264 1137259594.1713
671 256 581589898.5098
200 31 1716656916.7031
317 544 781278365.9719
127 180 925946258.2657
180 756 643256776.1919
681 370 1828868611.7312
773 3 1401989477.4286
47 715 1826660112.0683
289 240 1345042495.7006
792 336 1873271232.9673
779 288 1514350959.7462
667 33 902720372.0745
232 733 485004438.2589
588 87 1637619474.2514
605 569 1335168126.8370
55 140 1822798620.6880
525 458 798178746.7237
74 334 1081090255.5896
251 84 396329591.3665
46 489 2061294206.0685
500 782 1623594344.4341
725 373 1853491395.7342
30 113 1675039311.9189
273 151 651575256.6305
205 100 1885351553.4311
522 456 701663366.4836
467 473 1979116105.8133
350 450 1895718832.5983
148 598 945076724.7170
246 773 1621810080.6896
19 692 264303351.1583
669 272 1670272426.2326
5 331 1657426008.4204
173 50 1864525440.5610
65 464 676091291.3430
107 574 926798414.3259
690 260 1374642099.6054
539 220 1163466519.9785
69 489 944125337.4146
429 394 566771156.3423
6 726 555773189.4002
315 390 548123487.7005
553 129 1376248951.4098
128 324 1180086439.4952
519 668 1321218357.4203
363 674 741300049.4600
432 301 175189522.1940
13 641 464176217.8629
607 770 1683089.9480
320 95 1364323808.5748
540 48 136817813.6829
25 659 667266716.0007
547 665 1092848635.2994
546 35 1454137676.2647
179 700 2011951938.1834
739 367 1810570716.2166
428 766 86357615.9889
646 186 353444507.0243
455 383 2081921873.4641
772 259 1547711954.4237
743 717 71752120.6908
532 608 1528143689.4446
450 232 1021950250.9057
540 267 1307054841.1240
695 183 1066433242.7876
612 180 1499473171.6252
690 379 817138715.4436
546 689 1742726050.7638
435 517 890513246.8671
660 673 2092663624.0348
456 350 995131360.7977
768 691 590909278.7655
382 189 912620633.4642
608 715 1750363746.9388
661 636 176145303.1576
689 439 816930854.3456
709 595 1863819369.0303
308 272 2106031358.9254
44 331 2002038055.5807
249 756 604981169.0356
646 337 80134819.4398
134 26 2004279306.2246
280 175 552362283.3544
539 103 1373128783.5051
19 501 1558748507.7665
117 148 1982877439.1331
307 416 1808822016.2912
114 780 1802209750.4204
97 640 1823556325.2870
126 594 2026020952.0325
291 308 374629200.8310
725 527 757378091.6982
796 460 1560772130.7013
49 712 1013448743.3829
565 253 1219469286.7005
11 365 208962189.5444
166 394 549315707.9414
208 796 1070176020.5188
448 754 1085858017.0888
666 498 684605766.9917
621 588 944953187.3438
762 775 629300098.1962
326 603 1822591694.4673
306 798 1281371578.1470
799 231 1865131966.9637
732 764 1554307675.8647
204 190 1462707009.3874
89 175 4196118.1966
278 147 639175932.6635
382 770 1539103139.2857
21 587 913190908.2888
559 682 1469170755.8215
433 56 2144557776.7506
168 618 604411365.1361
779 679 978701509.8562
55 364 618231176.6387
785 372 2058508913.0377
719 348 1338215090.9315
72 373 191454689.0204
119 600 620693248.2925
792 753 942086955.6739
71 312 865630420.8765
463 376 89797.2546
83 393 1435944696.0962
19 137 1430371702.9447
43 749 52983224.3824
287 663 98646207.9610
379 178 1322481389.2887
454 712 745595452.6296
254 7 1914593455.9620
672 520 1888804034.4608
731 440 596533475.5750
556 88 2029661814.8305
148 173 1214947728.8756
512 625 1886799420.1344
712 219 1278332868.3315
262 610 344085018.9097
277 551 803817349.3521
183 412 640060743.2835
600 667 1655439706.4050
779 328 325387096.5725
445 535 491719025.3187
89 509 605993182.2288
357 526 332333234.8863
75 774 836744999.7851
104 462 425761875.9498
756 41 512847942.1393
162 148 1923618208.4078
596 563 1255013990.9215
663 374 627619380.7064
76 94 292257679.8951
778 39 20514917.9892
302 736 423877414.8448
696 262 2094753979.4654
734 643 1251912035.8274
790 690 149931516.0077
461 546 512781108.6495
516 653 1982516481.0516
497 479 2047727900.3921
723 435 1073707016.6269
461 734 1679621221.3832
28 318 600855321.1460
423 631 369980579.4349
259 238 21800819.1385
680 543 1339494496.7446
72 20 2111977366.0027
295 737 401275536.4575
314 180 992234407.7898
310 192 272894932.2690
772 512 558265937.4944
595 643 944511662.8301
608 228 1556632157.4103
231 598 348193565.5674
453 518 553368988.4404
664 315 1830245875.8360
761 23 1842550863.1136
172 215 335774017.4727
773 764 2046859987.3399
757 731 1050214333.6725
248 341 1292427309.3651
144 489 622025671.9503
587 671 839196607.4696
77 779 1505304995.2826
753 423 1127292956.6935
507 216 1221635545.9847
480 108 2130745019.7099
125 305 2108502225.0314
31 516 871153698.6650
774 605 1523947136.6116
635 46 2052712904.0098
99 56 276061331.0925
458 31 1923415594.4316
54 672 867381095.3197
156 208 1272195561.2300
33 316 678323861.6115
589 466 2027408684.8878
163 173 1193518157.4459
696 635 2063277744.3801
287 502 1477228215.5597
223 645 283054466.3135
771 316 478856598.6515
359 655 1299704496.5132
69 710 240750878.3611
439 437 1596689877.1160
290 92 246219946.0840
786 349 91873852.9422
436 589 1851554483.1538
359 136 2080329820.4667
576 286 1752126558.9679
278 484 2071974294.1590
362 58 30770888.8679
165 154 892795468.9027
8 370 965412017.8405
205 107 169415642.6966
257 176 2052903429.7567
550 133 315892774.2136
799 48 978118038.6487
389 117 650442631.7906
367 741 1931837296.8061
31 424 1596393246.8199
797 500 1699626757.4107
194 439 1258567115.8512
598 484 1410533576.4127
113 62 1132299370.2191
758 228 854819068.5910
302 144 1162593535.6459
269 200 1836466896.3140
287 471 1593710892.1441
741 618 331215155.9580
437 616 1492044507.2474
233 681 1527036999.3777
562 74 504261862.0690
734 600 435542660.4878
606 675 2042976663.3875
666 439 1540624686.3755
316 512 1963178019.3008
611 378 1153212973.5009
165 524 1498141593.7218
215 191 1699885974.2608
749 604 780315075.3520
560 331 1070288820.8193
220 67 1776947406.8990
689 168 2112860937.8012
268 208 1385298297.6890
181 227 1372966273.8650
144 26 1469370556.7169
1 540 803761483.9772
260 8 1994504258.6610
438 235 425516604.4448
407 470 1759010747.0079
397 287 2108537620.4713
516 71 2049649009.1425
12 312 1239276420.7056
20 551 700662914.8469
645 376 8257527.9208
776 209 1285988292.4892
28 119 562817222.3431
260 634 1825024566.0964
540 632 906372756.4113
162 739 376657090.4288
602 229 1859059833.5346
250 203 229425273.9267
754 208 1849906493.4479
107 600 569909335.5530
626 643 668127082.2178
39 336 333801569.7946
485 394 138261846.5237
165 624 1397350524.8862
509 282 142222887.5611
91 401 1855346720.3055
1 504 809946772.6323
709 529 1210255971.8325
202 328 267034867.5908
295 270 808848536.2790
749 554 1784946543.0711
706 282 1564581355.6209
735 569 774118609.6941
532 177 537275768.2156
270 394 1546172137.6381
474 646 46512323.4694
39 166 1854456598.8343
356 637 154172602.2436
444 166 742368705.0922
665 721 875119737.2015
305 654 288039212.7022
407 375 1001911776.8469
383 251 1592339385.5137
199 318 550797326.7031
99 238 252516546.0697
545 501 162821486.2193
739 422 902573062.9873
270 155 1871748649.6915
1 760 359651948.5371
327 704 1916245288.0955
759 579 1732756862.1090
632 66 1461825885.2288
794 70 179111327.9052
744 635 1548259115.2738
691 508 573047187.6696
13 136 1132046642.9354
476 465 1076910461.7911
309 708 1035590022.3706
746 757 1888337212.7472
224 501 1914846036.7379
585 25 719034945.0510
192 440 121267827.4603
13 524 1072978807.6965
77 760 26450271.2881
472 386 902757948.0264
706 619 1213041469.2884
675 62 1409415926.3072
331 192 48889468.4733
462 625 1538018971.0497
655 689 260584841.9555
741 543 1212595577.5287
380 537 1315847215.5831
424 542 1735089058.7141
317 459 500484290.4702
16 718 795635572.7243
288 122 188720268.0324
545 334 555454648.1136
641 153 1513355857.6187
258 105 1512295028.4827
353 219 1093538700.7345
681 690 664926834.9849
503 312 1644845509.1023
682 292 720950968.4765
291 701 2026396017.2106
639 630 2108528011.0511
141 697 422611834.7979
348 765 637159289.3314
547 219 416722303.0199
501 576 1058265795.3610
681 502 1070492558.4769
282 176 747203925.9590
630 252 1106414242.4636
608 197 1830833999.3994
382 665 2031002156.6054
272 144 154771624.5907
241 184 1436159087.5711
433 783 248240915.3925
449 564 260255034.0545
97 673 1632683664.2349
300 388 91822580.6989
407 596 297009696.7245
146 533 1049394474.4558
127 208 1417401872.4255
360 674 1479007452.6497
734 543 1836734760.1312
327 747 1793603347.3147
304 605 1934610302.7910
493 654 1105169778.2702
729 649 1372859080.4774
48 617 2108770099.5773
571 500 900196564.9288
99 623 1569982866.3868
95 185 2087850577.3194
749 336 1040509672.4690
519 129 505533382.2174
563 430 1806863447.7236
388 648 1329643697.3518
671 157 2024647983.5237
215 203 1246089145.3533
442 93 1532760519.3767
739 528 546958122.7754
691 609 1903619057.1832
682 286 551218833.1593
304 362 126854110.9582
505 765 933761389.6824
646 265 786701596.4999
408 343 799626758.0458
567 498 962093135.9784
373 56 447296474.8497
548 658 200401902.0440
401 239 1864487087.0862
678 59 919550022.9862
442 676 2042629446.5590
38 421 521249375.4053
149 675 285002752.0883
205 519 1485555965.9605
508 304 532281303.0286
557 587 923860884.9552
463 366 1448068082.5598
575 166 1174524038.7859
437 249 1343499695.8066
402 322 1062057980.7173
53 172 1096639867.1356
409 472 722513313.4763
720 105 1436273536.5109
339 513 724645318.9457
618 542 598575439.9925
123 252 1660155786.6190
707 596 838392253.9357
295 169 461220985.9071
496 484 1432420306.6901
311 143 373394960.5696
595 154 207131702.0679
348 323 1243012558.1626
81 509 1928387094.4250
252 689 847822408.3778
409 416 1322459366.5565
165 180 813197846.8496
1 375 890204905.4454
369 535 822053858.8902
450 749 475130796.4987
774 515 645345073.2418
466 663 2004009085.9307
167 499 411445214.1036
308 97 334910924.0269
101 348 2091378535.0973
449 46 888638209.8211
222 528 1003707522.4238
316 64 2079868428.0049
557 442 940458319.2986
156 238 19094725.6159
170 581 350102613.4519
489 202 576251917.2103
71 761 1241781013.8821
769 310 513994915.3192
653 600 283208251.6764
686 43 272605991.2072
302 371 2014591852.2976
667 454 358628325.0740
797 475 491213533.0269
45 458 1057218168.1944
178 673 1952159443.7121
389 193 629416661.3242
719 746 2116048672.3335
259 469 1907334947.1571
548 177 1037177108.6684
338 684 2109607647.6636
797 665 26823053.9894
429 475 1012612412.9388
40 512 326280820.4246
79 287 431577961.1380
462 507 96807885.0591
545 740 562742014.3886
310 406 121550475.1348
684 531 1332676670.5748
574 322 1239110040.0910
576 355 25393313.1694
202 323 1547465672.4652
28 321 843081206.2003
482 400 593120190.7469
537 136 1688186462.8705
712 160 649560661.1654
506 593 416462544.5561
766 522 354520670.8751
739 216 958573185.6104
151 681 1511549200.6763
49 230 2011865645.9423
656 238 1287199269.5063
759 78 2142541830.1406
53 61 55160150.2568
140 521 1586036662.2535
147 499 913399751.6475
535 744 1243949527.9082
719 227 438129494.7321
83 344 908179250.8016
753 681 63148484.4270
239 39 535104177.3597
606 345 1905998846.1459
304 465 1098027145.4248
70 634 118793641.2936
308 138 2035239474.3061
138 207 1332828186.9902
462 452 2130287591.9837
26 236 1288820398.0670
764 597 685147729.6144
108 797 1959310820.3549
436 134 1315335801.6052
126 246 354893598.8248
274 268 1101304484.7759
241 652 1598699167.4324
234 471 1977270867.6693
414 562 672988753.5566
458 149 1192570915.0931
496 317 1703903517.9866
636 630 1774769573.6877
442 291 66113803.9880
491 337 100912096.1164
84 752 885019090.3637
480 36 999723081.3869
664 312 1415626783.4867
202 704 867950493.4409
665 185 1287557912.6131
554 771 1005140438.1916
187 434 1024526304.1824
710 655 1782797732.0054
480 586 1244740299.2447
406 56 1227755139.7751
46 640 1242651233.3126
736 790 2059064652.1011
458 235 1207080440.4053
767 563 1210668564.5417
34 779 956816813.5180
764 519 615428012.8085
509 159 1083010957.4613
483 468 1891802314.8885
211 223 485658456.8179
325 646 53969977.9126
186 389 296595047.9425
235 300 749853620.5622
665 43 567958568.2934
742 574 345550736.4685
73 454 1472937360.9403
412 585 279647196.5989
548 138 923474477.9046
482 139 110735958.0240
745 670 451261278.4483
670 42 1257807315.3623
758 679 1671539854.6571
792 61 663152159.5692
733 582 1444418984.6533
266 181 1569232530.3930
30 231 1031271716.2068
498 234 1534296771.1496
570 138 1796322453.7878
562 696 1829089880.6817
364 18 1752096901.6305
575 663 1751038604.4893
425 651 400698683.4009
429 800 990332706.0120
160 517 1863606375.1275
464 776 1286235410.0626
691 692 1702756450.2170
226 514 541964035.8857
726 633 1483461570.6990
435 136 1888748385.1000
541 680 280251010.0551
349 699 293773794.1061
217 81 22084161.7748
105 278 183663177.3291
176 262 1730355207.1287
747 668 1096659065.7200
43 412 1413322901.2891
418 120 42156598.1307
202 535 806350723.2073
356 702 888478367.1616
152 422 1966949162.2061
388 147 258236111.2071
69 595 1642822848.2085
732 639 1577036486.9660
180 77 1776431565.5661
373 585 1630914344.9021
576 20 1134216168.2839
67 168 971621931.7015
727 263 224818652.7806
729 600 677642891.7124
30 345 265434793.7794
794 694 232511189.5017
278 585 1311659329.6439
507 205 725155285.2560
783 601 765938002.0678
171 792 14329541.5489
156 259 1754987232.7079
740 128 229143070.7374
378 363 1193991387.2955
414 473 1359662755.8777
459 751 408819136.2898
713 59 732810649.1037
593 231 1354758673.1361
24 33 107051777.3135
481 156 1808436991.1607
139 411 278593870.6751
476 743 1488039788.3235
673 687 1073413954.3924
433 781 1972202960.2584
55 484 1549140713.4000
586 274 1452174290.6410
352 412 23354814.9150
490 80 688623480.8778
184 799 771407860.0871
643 397 2049123888.3501
339 793 800546549.9734
292 543 1802962660.7015
352 15 1890475133.7830
760 384 609946254.1212
75 769 1095139085.6502
402 460 680888017.7361
421 578 1359030830.4933
546 481 917538726.6411
298 244 1120187592.4176
664 231 908867993.7354
88 38 1979663931.4805
416 767 1076474692.7921
507 183 261029909.6173
264 481 769087594.6431
309 55 1201728199.9119
138 116 2033348037.5903
148 599 1128573545.5521
251 779 1313552919.5016
683 238 1930344239.9369
601 76 446355666.6544
284 122 481918610.7959
34 546 2146147753.3710
72 220 1313312983.0015
263 601 1706197293.3062
79 189 307935071.2444
118 279 639029464.4734
150 345 454565057.9452
434 626 355568141.5367
443 118 368471420.9985
33 244 975166737.4665
255 279 883515111.4341
552 489 2141766687.5477
271 636 1673308623.0683
368 59 845557848.5297
314 45 1385392325.3077
354 592 1111066357.4052
308 455 1709964647.6804
396 365 1598475805.0062
459 710 854886258.7576
530 115 2011626817.9722
696 480 2000210078.6415
784 407 262564791.6380
606 628 1337064695.1600
590 649 1465623598.8204
740 73 1195118198.2371
101 510 1488749005.4901
97 511 1024905161.7199
386 543 1196810671.7152
170 288 1063139580.2020
72 226 342510648.9075
463 139 1245315442.6415
490 86 407949911.5921
371 59 1798086830.6783
644 376 467102091.3010
101 82 72929893.7814
504 781 596834907.9572
466 533 651441412.9733
539 244 708235827.4813
595 242 101680173.2717
339 478 242383442.5635
447 336 1406523429.0837
587 633 1384943360.3884
40 108 146851190.0504
245 244 1012153195.3811
537 447 448950755.7947
207 396 1960871951.7532
625 331 1246266259.1365
597 727 1948926201.7728
149 649 429036286.7643
151 500 1514047472.2883
449 675 1802297441.5256
684 5 1465234512.6772
588 513 2072957219.1822
676 566 1844537912.0376
590 408 891979193.4530
751 765 2049686809.5553
703 153 2084173525.4140
508 51 405948444.3066
662 626 1637466674.7349
186 670 617323164.9175
640 372 57250430.9698
2 453 534145834.5496
706 731 1534898759.8603
74 453 2134293611.6010
409 525 1444830383.9938
324 467 1367580354.0905
795 220 1243163804.6375
572 184 557864034.3121
729 319 567211718.2815
63 331 1226657044.7794
797 243 1533657785.2535
130 440 907707660.7859
692 788 445878755.5300
309 440 1972053993.2364
332 533 1806152512.0148
21 772 1202706511.7372
361 7 1551127037.9478
688 523 2037376288.2608
177 639 718250362.8993
196 225 26651937.2944
367 31 102238737.1626
138 97 1572460882.2909
328 369 1192144724.1805
601 740 200274206.3699
385 113 620716022.9644
12 67 753832053.1518
137 596 65276509.6250
627 554 281830032.8577
375 227 1277550271.1900
561 559 1681202745.5644
517 372 832177731.6477
31 300 1287004553.3991
309 779 1258710478.3864
764 514 835909510.9182
676 771 973065941.0784
741 172 1334968170.6800
268 210 1834029036.9801
443 547 803074513.9878
632 657 1420556606.9842
407 738 823974005.1796
458 794 778181009.4633
164 714 490003306.4949
395 708 485139859.0236
234 606 94948402.3653
204 73 1733171733.8172
381 792 1396225820.9485
539 96 1455051588.3350
485 722 1871452901.1061
684 714 1137918972.0893
9 265 1376068455.5822
607 760 1332409080.2278
535 217 673935432.6753
70 246 581232060.8905
503 83 1521426553.9086
421 69 577978002.3374
358 392 565216134.6919
233 620 1823883959.3512
122 575 586436417.8051
607 17 913506152.3576
430 497 2007300814.6288
389 255 1553764170.0992
254 736 993012386.7979
347 567 1815670403.5202
25 147 1879439091.4529
104 348 1185949482.3155
705 235 1917331285.3688
268 421 1241932806.3441
29 456 1598471447.2052
348 10 337298866.2867
611 646 1734744041.7034
290 418 614984377.7293
26 11 2098586257.9893
35 774 93507213.9159
742 800 1259974317.6404
264 774 491336924.9579
127 651 629933832.4492
539 372 1751836006.0351
637 435 357020487.4678
141 741 282195776.4416
227 398 1482639380.5616
58 278 634252636.1771
271 234 1592035310.3959
556 105 1325234964.9637
197 679 1893756958.1306
385 63 1165924149.1737
136 724 2039735822.6171
587 441 1256362662.2922
677 167 81780058.7068
393 672 1605299227.0656
730 775 427331965.0624
241 395 1476210762.3834
288 237 550693255.3727
389 715 2042396024.1571
232 202 102678677.8964
731 146 1079572667.5147
390 498 1587257109.5940
430 45 1608128660.8638
602 692 2064108725.8773
148 180 847059615.3976
528 3 59985908.9290
2 105 1058171224.0505
450 60 2124531112.7052
546 152 332688110.7124
189 428 396348071.0210
169 240 1684907248.9572
711 327 615242991.1714
646 6 199283568.4851
123 549 695048272.0366
203 673 1126810922.8053
752 725 20449542.0434
76 139 1698247603.8801
239 143 2050584024.0292
357 286 775462571.6414
215 658 249460076.0270
496 691 1121651784.0788
469 578 1913010331.7925
222 237 1869842277.6630
573 649 1118314945.9007
665 259 1046808609.2809
517 357 1167342508.0639
424 656 1434878259.5867
692 562 1721490618.7978
143 650 79798104.4751
229 295 60762707.1643
242 14 904972779.0698
10 501 2143394903.8873
743 689 1882176476.8516
376 595 1584895074.0587
324 699 1599938778.2290
89 800 1081953372.1151
302 39 927708794.5162
201 389 579338670.5732
193 258 1662700148.8916
616 643 331693995.9389
520 140 817885703.9984
670 578 1183154068.4106
350 214 1710836454.6805
305 790 1575992697.5297
390 771 1210756145.3734
9 687 1866683091.8859
368 453 1311028230.5412
588 708 895146055.6606
213 569 126837834.1891
158 4 1220775736.4820
560 416 492981377.4706
739 30 1157528090.3882
782 290 1615114885.2265
693 410 844586009.5594
460 418 354759752.5603
640 331 1439057598.2257
642 614 704509156.0642
663 787 1385231768.5979
510 572 737537050.5354
411 258 644813459.2017
194 652 1212493206.9564
666 11 1052772726.6512
373 62 1452733103.3090
697 152 87991571.0029
490 3 44255387.2380
453 700 1299357545.2026
55 271 818855687.7003
354 314 1214397870.9477
565 597 1990150975.8458
633 763 1634008502.4521
284 796 1062040780.7459
300 664 650160694.8315
167 389 1273176443.6332
357 520 653806392.1150
73 272 1488415405.0501
348 740 1108719209.5641
441 223 1631571971.8871
711 762 697344232.4997
189 181 82333028.5906
616 752 160601926.9454
270 271 1646046831.5318
784 765 856120756.7206
39 366 1588647145.4070
725 754 703294727.4075
577 415 994929814.8115
277 235 962266613.2907
550 14 691253741.9591
422 70 2097902693.4687
685 367 1744715231.7332
484 720 2092931996.5624
768 65 2034284786.3244
654 795 1050789241.7374
264 415 572749771.5036
168 62 323367576.9958
217 520 228661209.1786
418 464 712234592.0732
235 95 1881786134.1543
126 657 935665128.1272
411 243 1433947443.7561
141 396 132457631.1948
89 537 1017622367.4161
215 389 2065874731.6269
556 146 1891338255.9373
93 739 897270584.4203
2 614 651725564.1546
762 591 975192391.2168
530 764 203508292.4773
608 156 1286423705.3948
687 418 2090500888.6916
468 472 1435519200.1414
740 39 43030162.1657
523 17 386279679.1706
530 42 1953208954.1277
96 723 2027884166.1941
406 358 322157335.4948
648 231 634351730.2192
88 719 1638109476.4190
280 183 1706421131.9248
468 262 752688262.0913
106 407 1203766993.2685
432 9 807347651.0600
578 602 1895769100.7127
337 322 2075950957.9711
795 490 1490481334.0444
62 520 260104519.8677
227 189 2035668908.0457
726 571 1006441260.7303
80 356 581352721.7866
390 4 1462457041.1180
255 781 368500569.7654
375 603 1179606759.9380
26 631 275608071.5502
187 558 1271749745.2073
735 69 452939177.4303
135 688 723764200.2707
794 585 833281265.3515
368 557 1831453401.7282
601 584 883964182.2177
312 674 1822793034.2131
235 771 1331474640.5847
595 660 57724547.1698
279 160 1874950152.7619
167 407 1428394275.6472
618 176 683722618.8456
695 391 966141178.1139
355 401 503318600.8594
234 389 1982381585.2854
564 594 1138523208.0394
80 96 1289948300.1422
330 729 1414498576.8491
636 93 109132331.6054
260 88 61351460.0873
349 325 197863736.7418
200 101 2105820226.8699
473 761 2076971264.0754
344 227 336641137.8654
574 386 1692453189.3534
645 590 1203550859.9508
442 720 730112881.2499
164 368 50882189.2393
645 732 1291504988.5074
363 356 1684225071.7035
395 440 1335859496.7510
388 476 94905878.4536
100 485 1398673744.2786
195 657 1942872341.3128
620 618 1061340763.6623
387 38 1448663745.0983
565 417 2038839900.1622
377 468 156907221.8704
606 658 861603950.1033
244 302 504575198.0917
740 564 1209272095.1272
201 443 1143879560.1693
584 252 1783057521.7920
360 646 931980064.9580
231 491 433806548.6180
693 564 701165764.2638
80 451 1718808124.3627
171 1 15257473.6846
79 252 127976694.4409
186 340 629937101.8863
566 350 603541310.1762
548 248 763800439.5056
695 323 1825793019.0904
413 421 1926793547.0646
203 384 1770676247.5133
536 647 823302361.9352
239 253 1335323452.3926
576 89 140290343.6177
328 394 1994508238.3831
340 342 1065934292.9918
610 676 1850217687.5188
456 371 1711474572.9683
601 782 1570692302.5518
626 198 335915998.5300
403 643 523704457.5699
364 582 1396779202.1414
268 552 1231116501.5812
81 307 227280113.3180
558 519 836436456.6064
537 284 1253682209.2790
745 525 274591307.4341
381 757 502247357.8713
609 171 575027277.5450
496 320 1907281340.8514
460 170 427474796.2142
150 482 2008210502.4241
228 730 1606681579.7411
779 166 1458493298.2837
605 59 1936578515.9881
85 629 555389455.6366
228 418 1447753790.1794
352 8 1358373470.5802
530 755 825015851.4326
296 382 1733605003.0717
398 726 227305582.9205
80 544 1637069427.0249
241 424 1281576131.2753
700 702 35858342.2045
207 442 1030017039.6812
649 109 221390617.0484
235 427 199681782.5904
295 201 176039710.1831
351 219 1469946407.9857
322 510 123353503.5427
561 323 215701594.9989
419 232 740795632.6337
613 334 1657351808.0879
725 143 1574541726.4106
23 549 165703321.8733
216 700 573909625.8980
470 84 929045629.5942
185 407 858841963.6558
358 521 819841838.2924
508 379 1567078743.0242
162 333 574768069.8039
735 230 1225573466.2150
448 362 1807615757.1123
764 107 205191236.9522
35 194 308279790.0446
415 606 1870203220.7973
158 394 1076124442.1550
177 472 830147533.9152
85 529 1451752509.3159
607 250 2104356772.3864
628 451 1808995768.6558
35 15 170042722.3303
502 297 2092563526.2414
798 479 897898716.9621
373 502 183676024.5524
478 345 53788006.6808
367 454 1781713141.9568
429 104 877726968.9197
253 592 321703755.3553
469 237 237575329.0083
78 527 573376305.6108
463 726 1010007403.5044
5 29 1007182122.1396
537 179 296115022.2348
91 344 716838162.1758
249 508 1152269148.0833
37 360 1356224537.0602
752 156 1868368005.1481
561 136 1739420110.8683
785 224 705318955.1410
530 48 819010034.9173
735 784 893565635.7872
197 56 434741466.9021
636 659 393418177.2373
49 21 1970929876.3729
283 157 1210709814.8113
750 333 2140165992.6536
427 339 282031122.5629
432 737 1095508240.8779
282 393 1178115624.9121
333 98 1295840948.0294
773 685 1319696521.2567
379 37 1331402005.7634
392 121 743392742.5028
305 214 883015368.2556
735 596 20305125.9066
484 713 1705077938.1874
112 241 1839546818.0361
105 92 1598546986.9557
201 191 470302249.9190
487 108 216675373.2391
774 756 1327227820.9038
733 610 1271503769.6963
276 331 1237464988.8149
59 199 1452982825.4644
542 625 129156938.6313
763 109 270982805.7449
687 177 1012103900.9869
746 131 189310726.3896
255 447 1990113099.8253
723 782 1221425277.3459
597 474 2058292902.7219
486 579 1873380680.0257
196 177 1459962308.5659
719 203 924782288.7613
791 295 463936481.0066
323 10 1750804800.1327
750 415 1093841025.7853
193 200 1054800946.1853
7 554 1323546102.7561
547 6 282037652.6710
669 34 798732713.9949
575 495 1788388819.1746
344 392 955737956.6477
655 746 1590199245.6563
50 789 1625278345.0650
636 441 2059544835.5515
602 421 1651064514.8087
573 231 502614211.2974
331 101 1819169801.1964
725 475 1226174175.2246
80 28 548332357.6224
204 321 792827861.4161
614 426 445020896.0234
134 306 863425264.4863
391 250 1067342777.3489
49 605 1430044458.5511
99 95 559182162.9021
778 296 824858569.6191
478 112 34296132.5511
369 120 412197190.8340
427 408 2026096867.7701
609 450 403546090.6986
23 212 1793763966.2908
443 143 1448671668.2238
458 222 29204885.9727
289 108 1776362646.5110
671 78 1887251537.9044
467 48 255439412.9393
248 368 4997338.4597
153 651 566495414.0098
307 407 1285209547.2225
359 470 1403875316.9049
152 464 1363827451.7982
52 403 200076669.1256
228 262 1412043206.5875
473 640 1392411515.2285
279 780 1484681710.4273
744 658 865272325.9214
452 273 2142742049.1407
786 725 855383293.4739
180 63 1397445029.2746
72 675 1181853266.2870
520 627 1970647913.9542
275 417 1742494656.4052
68 174 231170634.6096
393 9 1196079271.7891
46 60 123534490.9346
623 714 719337148.1699
795 65 1177096094.0804
128 114 324829570.5953
62 360 942751652.3119
393 519 1651800764.9362
19 651 236888123.4622
475 220 984281105.5972
541 282 1165619111.6761
698 675 1085990161.1754
779 497 748089410.3067
633 210 1306649923.6749
628 206 868125685.6939
110 23 1638762272.7845
466 672 1331184029.4228
575 216 601220179.9746
637 781 960097283.1564
317 289 780581844.3611
236 264 410660544.8577
179 169 1643051469.1753
462 596 1749765544.7102
466 762 442662515.4616
283 354 11625769.5709
337 752 1512777078.1681
652 230 322071271.1580
337 758 793625474.0901
358 252 769474972.4594
139 644 102351861.4610
301 794 1601352632.2432
231 97 1107127314.0802
99 545 1941107029.7506
204 555 1256195526.6842
380 255 241329383.9861
63 560 2091178972.4562
4 640 1851172401.3293
549 537 1503658475.3573
324 20 13936464.1178
121 290 604587450.1547
460 211 273666519.5363
182 407 328841794.5251
327 454 232171865.7462
573 658 1216880263.8085
624 388 976704731.4153
221 640 1542382248.1695
138 665 1804820020.2678
18 178 391921375.5875
435 281 2093099274.7890
488 539 295366870.9546
507 175 2065723311.9119
530 590 644757906.2317
130 443 2083588463.1809
355 705 941408494.4872
1 713 1877676046.5985
435 414 492660907.0991
518 586 1813642196.2915
289 252 845992298.4745
509 743 240672973.3055
246 254 775572780.5048
516 675 1048013536.4442
637 676 1789709083.5342
760 442 1065247285.5772
687 413 1244204500.8746
46 759 892393796.7004
690 164 1897846282.3471
358 735 413446818.2306
139 297 2007951162.3764
751 176 1158636150.9409
519 101 71157.6966
645 215 330530251.0543
377 41 1557479332.2142
90 441 1396541948.5941
642 512 1630593583.7040
341 45 2145074341.7066
397 31 452551476.1330
775 624 1991257772.4382
693 194 1147714550.0623
290 539 1871366202.9574
33 616 745450833.5623
763 735 1854530776.7254
264 540 515990599.5565
779 345 1063749699.6980
559 509 330597309.1087
127 157 365362298.9179
725 526 1408761911.4888
687 612 1741874042.3815
314 46 949281350.2727
130 707 1423183594.4081
365 416 292022165.5302
351 287 1179317177.0736
232 531 590244798.5050
787 615 122827455.6086
256 178 1161978608.2867
72 673 1343201241.7484
425 148 22580427.6499
526 238 1958035672.3346
347 350 1534973853.6803
97 358 999435008.4849
240 414 1824384961.2079
173 212 1189286727.8066
589 209 1191034777.4165
609 578 2061247653.7844
418 115 1615444633.8592
19 456 1449002847.5646
582 557 1707757745.8274
32 33 2022926969.8335
113 464 397455849.7951
788 283 2096892012.3041
503 172 941204497.2212
734 700 1390341276.7342
725 612 1122826251.9811
723 119 1037431087.6977
29 251 638495557.1460
160 125 1230757700.4268
526 367 589563869.2592
533 438 1737124088.7786
296 417 104716443.6262
536 778 743544402.1345
130 472 2004717913.4159
382 90 1429918277.6382
168 691 1916124180.1100
351 486 2001019265.9021
446 559 1625040687.8279
39 586 1092926091.8304
288 567 1776423548.1275
2 318 577111892.8468
770 235 1877661981.1085
165 797 1111240598.6301
781 382 272111223.8740
124 36 1926856149.3243
498 209 1234114708.6830
247 701 1917585444.1969
130 524 503633795.2788
336 763 153499723.7813
488 711 1485885680.9818
587 520 728771610.9561
757 515 1171825913.0034
204 519 1469101302.1093
336 635 1848116581.3086
672 290 548646386.2725
324 544 1545186315.0142
370 687 1112562723.2580
123 55 95785101.7504
227 593 940858229.7222
443 150 612309803.0236
574 773 1011277016.4154
123 9 969636677.0899
572 345 1968446990.1250
244 771 1846286334.6273
224 267 1875252505.3164
667 473 189808803.8398
492 301 527011183.1087
565 708 2064940833.8260
252 283 367629869.1896
107 214 1784035319.5998
540 102 434274816.5427
38 190 1274286394.5841
167 303 829265054.2768
488 92 1770978178.0391
195 272 1202479877.1890
59 773 577187585.2777
458 236 1759710875.6327
90 70 2006756441.4738
99 466 617638415.7659
189 304 358612343.4808
10 175 1022170990.6197
103 271 36422281.7418
257 222 1097715220.3849
56 769 677360435.9879
436 82 794071072.4952
773 539 1887563379.7802
483 35 1180042057.4424
274 260 422663722.6976
454 724 1996270917.4675
670 602 564724533.7890
608 268 977452826.6345
150 193 1653040469.3244
736 632 781963503.7519
165 244 716946882.4270
771 651 588743055.9704
669 314 402848574.3791
344 576 180850100.6351
89 610 1253578648.1769
710 201 449610026.5805
91 353 2132476899.1863
600 494 488869397.3569
521 575 2077744523.5113
506 130 1538953223.3043
263 515 2030587016.3517
160 566 330250181.8435
523 521 1647617218.7539
609 624 1790627522.6960
413 382 1471216393.1839
146 621 1034123942.9730
453 69 1286246212.9589
79 588 1618498658.5354
11 454 69743414.2524
595 543 245173653.6562
402 126 57598785.1813
482 32 77605447.6065
13 339 381981581.8831
172 69 199351077.8368
216 264 1647424651.8105
333 708 1038400438.2830
644 146 1073721278.3513
523 588 573594885.6387
382 98 705196299.6956
549 274 2018674546.3341
523 311 575243612.0221
500 330 1471920583.0300
254 145 92093512.2396
751 231 1233590393.6748
368 346 1449996958.7289
290 236 293742266.6168
303 796 547271278.5549
362 383 677868762.5478
751 65 460781677.3302
97 798 612686225.5074
577 296 1804030264.0665
86 103 1145091285.2555
774 650 1489064060.4324
444 256 202413757.6055
137 111 1248658400.4433
445 158 204560633.8355
708 626 2167686.6891
301 369 199715642.2683
771 43 2066615358.0562
680 549 1295318739.3973
563 656 1463553013.0160
75 797 1390248148.1896
194 28 697966134.1648
589 310 825500209.0279
495 204 1122064639.5373
541 745 1525885072.4114
316 523 2120692117.6089
167 464 1920481912.7351
388 379 79441440.9658
285 750 1053752622.2740
517 314 1270859518.2776
772 635 433880826.3790
206 358 11874905.6906
198 529 2055552382.6058
210 399 927794514.5462
252 172 306479726.1282
345 4 875027258.3227
679 709 1334772039.1853
560 717 1583276662.1102
27 28 654000083.1550
212 210 771504231.8801
207 203 810151973.7912
126 595 1897997543.5947
586 449 2082386283.6949
710 697 985907744.5991
90 433 1090650080.8707
460 294 1584436048.4759
372 747 602930594.1700
66 282 1658468257.0133
444 524 1096797628.5354
36 740 888081315.0200
280 102 770270161.3627
606 239 1013956774.9103
313 783 1344254579.9392
326 175 1303891154.1241
313 341 572590134.8722
696 402 804951128.9058
477 174 1951669561.4842
604 648 212441778.0271
21 28 1343143751.5162
451 604 1311051375.4287
790 92 1949621309.6093
251 199 24721483.6588
39 346 1325742935.4836
587 372 1192325111.9631
503 186 2132288209.0168
62 246 1900099024.4396
463 75 1448762032.4056
709 426 1332277919.8797
229 391 462758042.0599
482 22 1816391413.9969
82 89 1305750172.1138
512 277 169345735.6899
200 676 111442344.7503
746 433 1538177041.1915
613 186 1258031921.9084
642 317 1152039491.0461
734 532 1900352818.2248
459 780 1614225536.4966
188 343 1819614897.4655
372 78 1137189835.8166
415 567 1883694637.3786
298 316 1244374057.2617
124 177 1761142326.5289
718 600 1880311461.5810
240 337 1993528230.2933
562 580 1962879941.7344
391 105 1425493130.0884
761 8 2118202940.6235
132 494 1936945007.7186
258 524 809446097.3724
791 528 822516706.0001
747 366 1788782610.2408
541 755 867602791.9501
755 547 1279495042.7393
87 479 483923567.8288
200 438 1625687737.5898
165 766 1891156223.1768
436 795 813549716.8942
186 644 1107654828.2825
272 682 953123242.3306
550 699 1139748381.5066
293 166 904416850.6756
474 733 23653719.8107
56 713 397977643.2665
492 298 1702934440.7436
784 709 1473638376.1290
298 111 857674662.8607
298 489 187723449.3369
86 670 26517100.8004
683 243 1585159522.0321
92 427 1800368562.2924
215 711 1456240320.5259
528 93 455886362.2374
586 190 1606143204.1805
72 195 633099078.7780
78 214 270894963.6824
184 790 903812913.9006
474 220 1116129720.5630
401 217 20272574.1222
589 53 1121428918.7000
634 169 162702527.5901
288 66 2017977846.1512
126 336 1479184957.0429
727 378 1160607668.4691
395 362 2090934328.9670
206 730 99142217.3845
161 610 232975187.2557
673 710 124694927.4196
60 755 415500252.5122
770 794 1369947795.6691
175 466 2014571165.3031
177 52 1508826185.4758
396 30 1100550469.1227
44 137 1259584412.0965
555 393 594359703.5716
52 613 1667215636.7337
449 588 165040542.6580
229 108 958136488.6373
241 731 1638535812.0026
454 71 1844493133.7219
394 361 1261956136.5998
707 180 443019391.4771
462 196 2143457611.0871
715 477 1761553993.2896
581 582 732621515.0002
623 406 244875278.8218
182 36 810647714.3353
9 69 2015294027.2394
465 510 928068866.1963
253 273 1577516009.5296
56 254 1240020805.2670
567 706 1151671664.4718
66 151 389665724.7819
676 506 438589976.2324
734 429 1934313907.9073
498 800 928972517.6757
578 753 1486784101.9875
65 674 943807917.0450
412 727 1975154925.9299
14 216 1486639132.3363
545 408 1641570571.3882
752 635 2094921583.3799
170 113 1986790745.3086
282 228 162156714.7246
278 124 1885421382.3537
39 432 747369462.9384
531 83 861997761.4821
188 576 132392897.7250
751 116 1012319394.1008
748 568 54105607.6627
454 235 49454297.7420
407 345 1435019988.6634
215 674 345929020.4633
512 206 2011921284.2831
266 197 1280750552.5196
780 566 275047298.1620
55 108 830524919.9796
420 500 1145425334.5268
209 126 990484256.6559
343 110 658744211.8156
325 94 376514381.1433
632 98 922859407.3810
711 555 1790135514.2821
386 73 1788776293.2083
108 527 897999265.9685
276 679 342835099.2770
98 72 2098181900.7848
14 585 823918703.8366
375 170 2146514582.0712
295 213 1250921605.0056
225 739 275970112.3560
325 330 2073838117.2675
65 193 2145525588.2731
379 383 1589196820.4416
459 740 880723101.6084
775 608 401524461.9351
38 35 1896009048.7331
494 390 2051945922.6145
755 209 1495882096.3887
296 582 758562471.7069
308 36 152803336.5026
390 207 1346161201.9451
578 749 573847111.2959
220 423 1373048934.1006
519 214 331438954.8967
715 490 669732854.3943
669 376 1012634421.9693
545 420 1320807005.5820
192 97 1704536362.7163
227 76 1943815409.1432
595 460 1352052332.0280
56 548 2085077960.7281
776 725 1872278251.4301
222 645 1185114930.0431
416 379 1318337389.6492
12 485 970922687.2718
540 688 556891054.8955
647 506 1876698917.4263
753 770 254811217.8927
48 635 1805792351.7991
549 63 1150411253.9503
618 95 603979374.6380
732 29 2068074317.9794
457 262 1704170388.2097
357 768 1080210848.3554
709 655 340279593.8122
776 298 86346564.0903
491 1 1793059823.1343
454 734 2132817384.3714
284 192 1726277150.2927
711 464 1497300468.3787
77 431 1004357096.7507
363 202 168266723.2017
415 709 1172442042.0908
467 222 941593661.3857
528 22 331310637.3527
121 565 1934492044.8133
785 39 829899868.2592
789 287 197073071.9572
706 120 1413668599.7356
37 110 555990269.6547
284 522 93406235.8420
382 612 1429290988.9380
770 47 537513507.4746
231 413 1633195737.3023
573 379 1681498011.9849
488 415 236642343.7375
70 4 490782084.0192
624 348 756288721.5128
578 524 1577253379.3781
315 82 1829548046.7580
1 449 1410840296.5425
564 699 811285338.2100
567 268 1764805072.8901
83 502 1538317221.1607
691 284 323001887.9299
172 213 1486804161.9236
109 464 2119338861.5279
555 738 1038793440.6333
720 63 96883306.8687
484 736 1971315240.1163
774 637 826866454.3414
28 121 1759980821.0740
757 396 460370758.8167
399 582 101697660.4276
51 492 591560511.2547
443 614 345050518.7496
467 245 764287976.7341
180 277 1617173711.9902
701 545 165930557.4060
85 576 2024941959.2511
716 369 69099685.9735
465 758 1869375490.6035
530 128 468028323.2881
220 743 338817860.7715
749 498 1849212362.0086
480 33 2144898059.2945
112 191 1325766643.0703
283 470 1415137889.0033
745 46 1505543211.2177
156 50 2015033109.7435
254 45 1939231111.4047
760 370 996677922.9271
609 312 1834196276.9327
548 650 1602108277.3079
84 636 512512510.9278
415 672 217007140.5369
95 767 1468007800.9411
406 215 529370738.5006
152 762 744240392.6501
474 450 1794378966.3267
39 553 1694404172.1995
105 642 753975528.2323
499 308 583182826.3838
56 764 428381808.0027
644 645 572950089.9873
57 771 1082649154.1846
254 398 1709427329.8862
718 32 688462175.3843
744 557 1346362412.8397
312 107 1898592581.4999
321 333 15986620.8615
346 477 1068958362.5724
521 688 1198150684.5489
84 434 1456108513.2546
366 94 907708167.2200
13 762 936534468.1909
505 646 1615073197.3931
577 268 1028416238.8174
799 350 1885330330.1132
633 407 915083081.3399
350 508 2085362417.9922
305 386 1439860648.9237
70 436 51509916.0563
674 357 488897721.8276
140 505 1958022223.3327
472 509 2057055023.6389
343 396 1373936412.2629
190 329 1051922434.0480
37 653 621543576.4435
131 515 381813180.7810
626 763 1699616861.7512
84 610 1474330896.8873
686 85 707755655.8891
575 221 2115844989.1420
256 700 966053823.7781
728 543 1996301046.1180
545 629 2096458396.4295
625 151 1617316423.0982
246 341 627626485.7390
517 215 1170729929.3266
707 200 1275503579.9112
231 334 451654390.6358
486 540 238141184.2687
62 592 454329564.1244
30 709 2067294453.5823
330 38 273300078.7723
647 166 1031868789.9146
753 24 786619853.3541
120 563 2073085731.0650
369 794 984421981.6936
380 548 23434041.1131
421 694 974260448.0546
512 550 260613996.2097
759 634 4360498.8849
151 582 1541852341.2341
62 704 1445793390.1588
735 629 1168107430.8351
166 427 867892382.8581
376 132 839874104.2433
124 306 409294877.8753
775 315 1358416435.9662
441 481 1638608758.2932
755 729 1782031443.3762
611 665 1634211630.7459
731 580 298806038.7596
513 418 876318974.3889
718 758 384096767.6797
45 298 2108141985.7114
761 506 1007825779.1032
96 49 1936018756.7299
384 421 2004946762.4131
523 391 469209863.8978
44 488 1941737482.8290
713 683 63232832.4677
368 112 1527130786.9546
735 500 1208461372.0111
326 155 1857006221.3880
102 796 1346563707.1741
782 318 1091004728.8633
63 393 1153505712.2052
701 528 1992569900.7057
553 468 1592377678.8616
277 625 1095384612.9427
358 518 1035434524.8444
471 795 1250582473.0164
225 532 15503207.5692
81 513 965453352.8912
303 320 879755106.6252
403 475 1527541141.2155
544 34 1928118117.6309
450 247 588331951.0354
144 120 1834966713.5369
386 550 1460509561.0265
577 572 1587411360.4491
341 736 756847017.8629
35 129 1584209853.4797
674 174 1963578096.9105
136 547 1819771802.7507
410 319 1355354159.4215
390 61 1348924445.6554
229 232 75632659.4460
218 359 617890400.4186
117 646 426949027.7859
718 502 931193389.3294
215 331 2042133418.5616
441 78 967572137.8665
108 261 448144402.9305
443 425 1900003951.8120
45 522 296495876.3284
171 83 1286706487.3645
436 340 1956122672.4400
62 401 1986912081.4217
544 575 1811831545.9800
561 574 25408899.6474
355 476 193705924.7444
272 716 1030032053.3479
774 69 1486272763.3722
606 342 349995633.4495
749 191 402937669.2858
88 313 576239473.2865
253 429 1982498009.8978
563 490 582388540.7083
487 548 236764308.3661
308 327 1430218894.5848
640 759 2058520194.4903
376 475 1664747795.1970
600 190 878563227.5671
116 375 731919176.7105
237 362 1079949086.8803
701 711 1157390874.7618
763 254 833612068.9439
507 547 792080190.0313
592 526 1941686154.4200
688 144 1766666231.0203
418 761 166343907.5299
296 24 1425216092.2810
680 736 815490083.5972
404 254 5090914.4523
231 580 767944923.2840
787 255 195977368.2220
581 656 605236063.9399
497 146 1729307037.4073
649 789 1657242108.7485
325 333 1125906818.6287
777 133 946263978.9980
441 570 140309021.1047
423 729 916800614.0051
756 251 490127155.0508
264 475 1838250122.8167
685 48 86388189.1660
74 342 1005845489.6132
798 45 510274667.8826
711 292 756653073.5073
668 772 1969963291.1282
170 41 503636267.8440
232 372 535730096.5920
641 17 1771650936.3258
424 614 1525912641.2710
337 342 2011448084.5587
312 504 456513740.0346
520 409 1961848306.3326
70 654 730735579.7711
520 85 2072855471.3439
397 326 173842335.1371
645 159 1513293952.5422
733 299 332561241.2480
746 314 213853215.4002
433 107 970579175.8990
353 135 1913851688.3868
287 642 1953361545.1333
601 717 1226998798.4513
324 463 1363229453.0999
602 714 528213465.1640
414 731 1434515340.2374
566 441 683255508.2939
313 428 69980043.3872
487 14 1738421135.8933
745 494 1783910907.3166
792 516 193870575.0304
408 686 1386313684.8563
131 797 1483334105.8086
376 15 2067396570.4560
24 422 1065724524.7016
188 40 1755396317.8611
63 336 1403503451.3842
240 487 767371014.7223
739 202 1767491528.8969
457 751 30370233.4401
590 572 594573986.2255
268 231 79420128.1495
696 277 67023400.8679
454 104 797085597.1343
481 573 168197996.9726
180 219 480649423.0201
205 525 1776817070.8020
388 172 1068249337.4650
414 721 162433543.3153
29 115 1766158672.7831
96 172 625470475.1232
199 435 563138396.0794
730 433 1869964966.0306
770 52 1716908042.2255
721 773 927050620.7268
342 107 146704150.1692
642 687 1870945757.2043
96 186 282815400.4454
609 529 236291389.8047
621 168 1755268848.8023
390 376 1069539539.4249
119 162 1674471878.6166
214 253 1736366858.7574
139 658 1185939125.1386
377 215 945644797.6482
180 496 1151111779.7401
145 538 691256296.8257
350 759 270010749.9180
284 167 921601491.4167
454 550 545665608.7809
172 684 1522025317.7835
779 4 1328166518.6877
458 35 363464701.3625
138 300 1368389966.5213
789 199 259883800.6132
440 595 2014070911.8740
743 315 1463545247.2477
76 33 1843215465.9430
145 447 1011355177.9338
530 438 944479250.3040
77 519 1881424388.4752
355 182 1197931045.6579
38 263 895810601.0946
347 510 1386472395.6200
682 243 719007008.4548
347 684 1774462304.2861
312 539 460898684.1331
22 473 71869176.1550
690 188 455424351.4731
422 23 1746240394.5138
640 64 150879873.0480
266 218 1590619868.5808
715 573 1586077380.2941
537 215 1685941231.5374
176 369 1941056561.1405
31 233 853637709.6263
400 726 105033821.4509
542 226 812696610.1580
685 629 1693414398.2847
524 398 116903097.1304
660 178 134945362.7800
132 677 341247394.6093
735 302 1570347495.6046
48 471 1390757852.5805
774 169 64040828.0347
85 659 169209957.5603
152 297 25056305.8786
473 119 509445342.0514
82 372 576835345.2262
341 461 447725563.2308
418 708 1309316751.1281
267 695 1772046684.6869
299 195 1107163087.8550
759 626 1952280412.2965
210 574 929174343.8044
398 704 793754446.9934
57 465 336728614.3986
122 85 1402382693.7793
277 641 786670176.0094
181 299 63854906.8178
225 52 1791068299.8976
458 450 1210069315.9769
440 790 185450582.5275
214 371 977085170.0402
757 434 1340878246.5515
374 265 534595234.9246
391 431 1613179069.1419
348 34 1893551856.2340
72 210 521818508.6145
124 784 1243771934.9538
16 196 67226035.0893
164 774 1327210673.0656
309 651 1155510872.5635
269 590 2030636107.6326
181 26 2112053637.7402
542 160 256604849.8859
660 648 69019799.8567
474 200 1544366142.6020
508 332 1761183621.0035
662 694 106652108.3378
180 357 81809733.5676
422 404 221549681.7688
682 247 1600884625.7317
355 683 479938217.1083
175 181 808830864.6388
740 85 2010983239.8720
409 139 912606086.8095
294 566 977590615.9187
87 694 925931320.8974
220 62 2110365334.0805
113 750 2021755499.3003
472 682 673875393.9519
235 797 2072873821.0377
293 663 2115890476.1427
257 703 63153086.8222
637 272 1740148770.1943
737 627 1389067540.6333
84 782 1390384621.8973
764 720 813061566.8975
240 41 1265787931.8948
98 552 1733121570.5523
86 444 1732445532.2601
221 132 1122167918.1606
217 160 534249981.1885
435 651 1767490707.7307
550 456 1398322002.0900
241 261 749747087.8386
550 273 269495617.8655
283 561 1988873722.7300
479 643 1580414642.5227
532 241 1397707368.0979
129 264 1111880996.2623
589 471 792447445.4715
185 406 182032055.4101
250 626 1330904348.8778
103 136 799109057.7104
99 784 635860836.0501
684 49 601263371.0612
739 124 439879862.6847
384 113 1085320403.5927
572 738 1221928601.0577
696 359 1974723800.7239
308 37 1344495704.7533
555 269 1114337782.8881
514 121 909096005.0536
8 605 1728155692.3320
248 77 2132128115.5448
716 753 579263420.8223
2 160 1068964096.3142
566 727 1302347599.9502
522 574 918137789.6222
604 708 951001176.1872
17 747 329350211.7395
287 664 2038973944.0115
500 501 162813180.0465
650 251 1053877080.1709
444 566 672502462.8675
300 793 1740752989.4794
768 335 73236331.3076
217 23 2004608966.4270
373 219 1231613741.6090
186 485 247432934.0878
164 354 1493553875.6065
625 636 705163685.9193
337 794 1686810612.7869
422 234 1014385148.6969
522 66 952282805.1638
354 366 1392121146.0620
706 536 1138215402.9735
28 395 1521708295.7660
619 221 1463049276.9170
299 623 1238918264.3632
12 232 782755560.8223
621 542 1565244359.5004
622 672 1301386100.9637
60 469 552105216.8396
541 599 1643892074.3792
105 373 1980622067.5545
490 88 1427713621.2006
82 337 357403996.1633
9 94 1251541667.5772
119 742 2095261243.1467
320 641 574452398.9126
438 193 1363108907.3777
521 95 1431514305.4740
324 723 933204520.1491
756 365 1144563513.1176
601 695 2114465629.5046
607 734 70044180.7917
788 505 295861396.9482
654 758 2131294471.7355
597 162 464456588.8891
215 567 669879875.3705
688 592 1506059452.2551
23 515 2109248976.5493
306 28 1306085217.8691
546 185 1210227725.7531
353 726 312635965.5557
685 230 1643239569.3235
444 222 525414317.2397
523 146 1938396843.7112
362 133 2115570667.1895
41 202 893829153.6424
406 324 1524017963.4573
255 651 1646346464.0102
288 239 774107755.8225
415 135 1188101249.2641
355 133 693017678.5726
399 53 78771021.3532
587 388 670119765.7849
317 731 1221294574.1292
513 386 1200358699.1384
577 493 660573921.1448
705 430 218581347.7254
61 9 216551805.9656
624 183 317727320.3487
659 478 160481423.3537
393 22 1188699390.6115
90 766 244093610.2156
302 66 1234034779.7813
625 647 927428160.0901
655 717 243577420.9698
551 662 719620231.3732
83 275 1216628690.1662
700 601 941633317.4312
68 8 108190922.4278
40 747 919551026.8947
127 450 1651384923.7437
66 740 1093730358.4347
572 697 1485111287.1499
90 420 143069327.5640
189 272 725343307.2809
618 152 660763186.7994
334 237 323449885.4695
253 790 1693624360.0230
81 84 2023168598.8947
783 222 1198655054.8525
377 500 391496165.0576
792 373 1887027891.4512
666 205 1392965735.2546
334 265 600131959.4419
52 474 200849380.7272
513 55 2018826933.2784
5 104 840997725.7045
298 762 87015652.3603
625 567 1028411587.8755
39 340 1521741987.4808
405 268 417967866.6951
4 553 478743175.4390
413 474 997149400.1041
760 443 1557963633.7070
527 22 1196130322.2932
215 228 1472135600.4062
174 530 1948035359.4840
161 563 1023301474.4542
47 291 592388023.8482
781 757 209670836.3707
757 604 1912406089.2506
347 427 931891978.9176
752 688 1009387201.4149
333 231 605427575.3073
196 109 5540484.4995
462 19 1719134679.2668
773 278 1151145783.3075
321 759 147383198.9770
748 91 2027475186.2862
677 705 148122024.0911
356 373 1364172717.1155
563 476 392512960.4250
800 16 222947116.4945
270 659 326194401.3718
45 326 388333942.6058
772 487 994173220.9662
348 5 2041448320.5863
488 485 518972118.2850
429 133 1525800567.5244
567 284 424224488.9493
113 305 858221530.0618
522 310 613459311.1987
562 621 930588469.9732
379 586 1412110579.9169
73 6 2094757640.1169
401 327 1003991040.2058
1 567 59557311.0604
149 305 1960760903.7112
665 488 389707817.2686
641 643 332756858.4131
267 55 624040923.0954
541 29 116865446.3426
751 624 185894066.1418
641 526 532855849.8019
332 407 1730248235.6525
324 609 2016459173.2047
469 121 1330635553.6180
537 376 332595751.8359
344 678 1814888389.4298
682 421 1562561218.7398
739 719 513968857.8448
112 133 1180503791.8851
338 427 2060736040.4434
69 788 2134379635.4759
265 789 2010515569.2739
15 117 747679289.2693
293 170 507639532.6786
550 760 2091866814.1441
4 556 899556068.6465
192 650 2042344620.5150
717 738 1702451690.1565
20 535 1589229614.2045
620 293 636058654.3245
490 757 635005015.0841
468 549 17954776.9222
593 690 477911299.3989
88 190 1973163958.1002
735 338 1622174052.4260
85 136 1799929650.1079
680 419 280069246.5243
159 348 1513343047.4740
639 706 1789119004.6967
246 779 1660700698.2358
561 538 205810203.5309
443 475 171491040.7232
311 413 173145721.7873
496 226 1072735253.1638
300 352 832196609.0891
60 706 149234036.6395
476 211 761967770.6928
517 92 1990739876.5799
421 574 2034350618.8487
669 161 1244965469.9845
564 730 551749688.6182
328 646 1155682163.7153
380 640 1724586128.5854
745 462 517791906.6595
10 217 1212101664.0428
356 176 589488759.2270
74 178 1816429015.7171
32 361 782641053.6162
395 15 1896458386.0628
338 437 1280948388.3459
355 736 601216350.5774
585 15 79400112.6279
716 105 1843106264.3758
325 565 1136984101.7266
568 573 1861143085.3296
780 538 303716339.3567
291 686 1274920109.7687
566 429 489458939.8718
392 693 908623524.2845
425 387 1548394715.6261
57 368 713239042.4975
120 361 1462246199.4730
202 613 1015538432.4819
769 705 671709739.8397
300 1 653863962.2703
467 734 1619218319.6652
508 440 525027441.8214
778 123 779013708.0901
789 245 2076742389.7396
741 66 470107244.1807
166 495 2146360896.8322
79 680 24870066.5688
406 639 647505737.0913
498 181 776900027.2496
91 63 1070364867.9274
264 14 274885873.7853
373 355 259470998.5538
382 577 1797929474.0227
205 447 465554061.7134
144 107 1434882734.5304
69 298 1311069432.7313
644 251 1498441147.4481
326 471 902080962.4950
457 333 986652975.8482
176 567 1023539080.6644
229 507 1435194913.0780
358 50 1779311460.3157
17 780 883109988.4119
172 524 1946337463.0757
519 414 1820433134.1399
514 780 1314055804.0395
88 794 237244226.9147
442 449 640449271.9582
233 407 30872771.6215
5 91 1804986825.8341
400 793 134491435.1301
266 290 1729712576.2763
730 465 2017638234.4274
44 195 857195029.0492
308 23 161002103.6530
462 599 2128198251.9027
68 675 1273966649.1770
626 278 1853099906.8097
292 331 1223364249.5876
46 761 1282759409.0202
679 526 1892719067.1245
103 554 440053026.1867
665 563 1028600905.0388
550 296 26405963.6468
678 753 314816486.8332
669 157 1866047083.7217
606 518 466350095.0276
445 345 1773393010.1868
118 602 731151751.8028
675 404 1545868824.3908
385 80 409058970.4974
390 548 1421132585.0379
374 246 346402234.3443
238 411 154407949.9868
31 428 179622961.5392
692 686 937612725.2357
151 112 1129997490.7073
278 6 294825110.5784
242 599 939880935.5683
418 101 1253725011.0018
789 407 176586376.2481
495 380 225536887.1848
24 343 94673192.2321
182 103 278004536.4487
183 328 1119475937.0379
457 54 585251488.8377
608 348 525314113.3123
642 656 753483326.4864
86 141 425669693.3003
741 450 657678707.5627
248 669 856898439.8120
577 443 1170417294.1543
250 281 653677333.9208
739 731 1143703606.9892
459 615 980521838.8843
323 206 1130633766.2977
292 560 1938229990.9741
162 273 1164014844.2359
739 255 583019594.5982
33 306 496165336.1855
547 479 1888355095.7487
192 175 686476775.1478
690 783 1392660230.1483
163 707 2063583475.2259
129 641 1042725271.3285
557 673 648448444.7811
742 702 557856899.1607
26 487 1124315936.0113
49 613 1232591787.8740
647 259 429400727.3267
635 167 832615745.7022
491 246 59880596.6199
309 184 1533622958.2436
761 729 526681410.6361
232 708 370342912.7257
615 89 1930295015.5377
386 522 1740231683.0122
660 621 1338294911.0543
594 327 1889581144.0952
748 239 304810885.8745
241 105 1438430862.7813
790 21 1503447753.2228
408 38 748539892.9010
748 231 1212641259.0880
158 101 1135481713.3532
714 534 438903672.5731
361 416 1241155518.9613
468 207 334252872.1652
36 60 418010808.8127
459 128 1632666369.3602
383 598 1024201914.6719
364 163 1999981834.3362
292 569 410431891.5518
122 174 646892909.6468
791 177 412651989.0926
405 574 530387102.2781
290 134 1004192432.6008
664 775 359587111.5891
228 526 1616211265.9776
769 201 130121033.6653
436 225 60374945.8485
238 700 1836146544.0196
351 591 248617239.0007
219 728 1326163530.5808
71 148 497831000.6037
154 205 598929661.2899
126 41 1210884729.9539
409 483 995834108.5704
91 435 988955642.7560
723 88 402724331.6968
723 352 442334315.9478
649 229 982195776.6441
159 78 522947755.6328
476 528 1944924542.2885
323 164 1954048536.2964
451 457 1488529572.3244
137 367 686136981.3093
247 471 2078018753.1671
58 349 837060841.1017
503 770 421659750.1200
72 228 2075913254.8498
557 401 1434313088.6840
501 605 611668051.1171
300 284 725938540.0153
686 87 2115006457.1916
350 73 2103608324.8976
275 122 1796173851.3353
542 370 363042072.4015
143 695 1407138759.2749
755 433 459597606.3924
496 283 1714936758.2492
767 462 276523721.2226
708 655 907212440.6799
789 85 185274410.2993
579 80 1093793049.6152
278 598 1584932512.6967
233 531 2002432184.0475
533 189 241277549.2444
441 339 534564473.6575
240 259 2132923936.0181
26 412 22027061.5630
694 504 326413499.0899
495 88 569686211.9914
152 543 637225988.6375
84 703 665721361.4509
181 558 1242418185.7416
386 427 799624697.8528
327 373 1268561718.7505
254 756 1504353225.8306
477 187 1846457211.2832
130 542 1693869050.3661
385 593 1769436238.2152
170 320 1020237898.1470
477 324 836398437.8547
181 499 1192883592.2864
223 249 824328097.1433
184 266 1039998060.5795
444 178 809267609.7703
372 561 31403218.3751
548 150 807398169.0733
762 36 1238168382.7304
793 390 390504482.9849
257 349 29022245.4752
223 300 673960523.1662
599 619 343612241.7417
567 383 102121296.1883
173 448 726354529.8961
465 237 243947138.6557
34 477 88264872.7019
479 344 1638695458.3982
589 406 293163842.0989
456 540 1328036288.5343
474 739 2000399631.8669
314 272 1615033614.8816
367 399 1565157055.2884
519 631 842742411.2672
473 50 1407732361.4751
681 739 1292387591.9836
359 195 47697917.9568
754 537 419582494.6820
316 475 730369301.2049
508 411 1776688520.1819
617 434 1313074267.2306
738 604 1538901530.9074
338 513 1318122609.4740
106 70 354513663.9200
564 306 8975088.7458
615 8 1475199679.7763
347 772 2098440171.6732
776 671 261826876.3164
779 13 161522577.1095
49 449 178491000.4917
73 555 680824784.4956
398 617 794735770.8216
799 796 1254363424.4952
647 403 415429081.4007
433 474 1692870852.6520
278 369 734086695.7303
349 738 168869364.6855
636 699 1422444028.5709
351 243 275967197.1966
432 413 964048110.8944
174 353 681503804.2406
726 257 1100104812.9977
381 625 12978306.4428
417 450 391231782.5002
360 750 1917059779.8679
700 667 1102487710.6631
281 722 201800792.7789
222 791 482245615.6696
730 221 1062405070.5259
561 344 1905235653.1265
414 547 1331826913.1184
737 44 1390064395.0875
5 781 1285278473.0668
28 396 898772432.3879
665 596 1314107332.3318
769 490 1239036099.8650
681 566 105037263.2237
256 554 2006807224.6925
627 184 1116334877.3961
547 595 1957778019.6427
788 126 1731069669.2221
491 284 1851174948.0270
423 264 1462634103.7548
4 123 196913081.4812
189 391 223386132.2138
315 155 1401673822.1505
373 126 68642356.4035
773 440 2038535992.7404
77 651 920397840.3220
772 707 1633543010.5914
185 419 501111982.9307
138 478 1063497434.2200
743 248 833546236.2940
159 179 1436852540.7745
420 126 441207560.0999
414 560 1458638797.9256
532 450 1518658829.8078
108 594 1713414684.4416
552 509 81977238.2385
407 425 81319147.9716
573 275 1122705893.7962
37 184 1494406267.0746
758 325 1358353402.9397
623 33 1839275871.0249
321 13 303345083.6585
733 771 1470610451.8122
388 488 219237686.3745
146 387 1448660241.7363
136 522 1943313850.5462
42 207 152859949.9039
153 249 1331799382.3643
224 500 1191847762.1121
84 246 555567136.5219
29 760 1738670356.1046
633 124 2061128676.3687
67 641 1016514097.9139
310 343 2049082665.1425
711 577 643210387.1444
359 685 139023426.2538
686 3 1302035450.0696
98 337 934716079.7828
288 605 728543360.2026
779 374 1275333580.5161
526 457 71099152.8013
659 780 86638837.0106
485 309 837846934.5588
576 91 90578479.0470
534 21 299465907.5536
542 135 1537438928.8504
608 589 406421379.5737
605 793 175373082.4649
710 206 175284657.0966
603 799 846430148.8246
277 13 2028986487.8123
166 1 226371287.8195
664 180 591625946.4334
38 176 1747873367.4689
110 656 1320479470.8288
260 113 2124776491.1393
726 509 1490574551.8488
616 354 1059148719.8835
522 616 1978065741.9628
745 230 922697904.3262
727 358 1189609079.4073
771 529 1182275472.9532
308 172 746365184.2982
479 519 475629045.5639
642 39 1681762341.7631
647 542 326972128.8590
222 232 110826807.7897
455 129 1002008624.4864
298 540 203481881.0813
55 161 1094126500.6421
522 113 356534935.7760
499 2 378758456.6187
591 174 91246751.6624
236 98 1515468699.4209
470 302 460302859.7001
27 587 174407451.4283
184 33 552838510.8349
311 696 2132999332.1771
634 395 1611937481.4505
28 68 1246531907.6670
109 624 1828403320.3570
234 528 199749699.5268
639 652 1765937167.8466
376 299 1071949377.3072
777 526 1574638396.6788
237 314 43605648.5842
672 235 943768712.0651
518 755 2064036307.5828
575 147 1631370733.0214
127 774 1572565730.6619
789 356 1425911631.7519
752 680 393940365.5682
780 762 894468543.9106
782 415 363121370.9661
6 259 2009627716.2101
387 438 772929972.1932
331 383 470751062.9614
163 217 1628157491.7438
183 650 559042861.4264
287 402 1002289366.1303
219 774 1606424473.3160
130 516 1875970803.7761
81 733 1487255408.9839
363 6 865952116.1378
338 126 598173994.7973
439 14 1698627151.3937
382 282 41791454.6375
497 409 1462062258.2125
195 661 178308292.1563
93 123 833962525.1819
692 716 1621675219.5345
596 449 347708952.0078
444 722 1668586112.8378
284 402 228019190.7214
322 126 292192275.5287
421 87 88387346.3663
408 574 873437115.9037
502 198 1519312844.8006
516 194 1331958262.9335
547 612 765631250.6801
457 326 748812653.7422
772 782 1490532058.6183
456 427 130484394.6269
64 100 1820845084.7025
789 698 1052435330.2578
335 53 1274751678.8038
24 388 1781326408.6943
283 492 27971541.3980
8 756 1424407687.9692
59 614 1347400985.2895
314 471 1249343674.2627
371 416 1809604082.1323
765 559 522579547.7895
113 375 947061894.3340
485 671 1279358226.4197
109 32 1409383462.6531
541 754 963221780.5694
68 225 464367139.5956
19 643 934452143.5800
763 717 1199409891.9940
243 407 98062094.0693
187 345 670035136.7401
771 86 202534324.7094
713 549 451535094.8939
710 239 169762836.5028
110 129 1514574969.3045
230 269 1493267393.4913
300 663 163620956.1063
597 563 1051034281.9057
320 318 1982245475.6375
442 122 1249070613.1191
367 658 4773816.6199
460 107 534889220.1730
35 247 1967474546.0775
157 786 1888360585.1265
566 166 1630308976.1139
685 686 1462602110.1047
726 344 759247285.2401
633 461 945529045.5122
593 74 1677886202.3776
555 683 1402418241.3335
253 595 544249058.9595
65 364 285032897.0797
185 515 42969126.0180
188 781 301494346.2414
30 313 950252928.3842
342 657 1177116942.4009
238 728 1443488503.0901
342 604 49205533.9846
671 660 296007386.9651
651 517 431332785.8131
137 453 1885195549.6215
343 268 75531519.1807
495 387 1743946593.2350
750 18 662662553.5270
112 232 834650044.1188
162 378 1301703484.0821
136 744 2034347700.7834
377 332 1873682404.6306
435 343 1958162223.5487
712 184 1871574614.0214
100 360 1008596294.4421
487 101 482611060.2843
549 164 530516602.9104
339 292 1726056948.2785
350 684 1495126446.4223
762 735 689316430.7055
551 614 751781941.9153
536 524 1828865253.6192
161 96 1215883316.4278
573 452 1050925006.3886
663 457 1735353750.8903
61 128 836539610.8078
738 139 345928112.5218
18 545 1148938450.7459
456 515 1517284366.5896
182 629 672776993.2852
308 46 900551291.4101
777 529 1301234264.0345
114 733 1191599184.3991
760 414 855424509.1136
1 702 1366354919.6023
464 204 1413400776.4330
721 69 319512499.9629
366 780 589416819.4706
575 654 167847765.4060
160 336 304840548.2379
295 228 1631800234.0919
401 323 382086171.9411
762 788 2048491855.9276
307 202 1985877321.0759
59 629 1321281611.5029
589 213 1538579100.2333
118 21 1854848773.0969
407 484 1809407110.7708
361 80 2009631352.9846
326 384 1085803047.1357
81 382 1099768668.4564
235 126 1126901705.8920
4 765 1255245956.7697
665 633 1079089803.9128
526 686 573453189.9935
159 749 1278972530.8327
660 203 1610583948.0725
710 792 1385930665.5267
691 529 1132364745.3958
649 515 1229198552.8562
24 179 1813329933.4113
23 218 237177120.4883
504 201 1221343376.9829
460 729 1654125551.1213
691 472 566177416.3398
183 144 436228266.5035
723 402 1148550340.2644
750 349 513020463.6836
67 607 1831664834.6685
348 741 551459147.2458
526 298 462074044.8349
30 22 542287469.8994
562 62 610256603.4433
586 160 1605737372.2034
485 336 1937757556.6375
150 470 1837012713.8236
684 362 257567914.4938
185 27 852139696.1776
569 282 63701295.3702
546 749 2003734501.9117
250 660 1081390925.5821
105 33 1313094293.8948
669 736 1482887197.5361
309 46 944418645.3967
506 128 1989136904.2923
415 142 2140360522.4550
203 503 931815839.4710
683 669 2012303133.3897
224 709 91127847.1533
627 13 907612666.2087
400 108 791381231.7350
765 289 1821192603.8219
712 517 256744525.1719
779 135 1438772536.7127
171 188 1099257022.8750
182 139 1165581216.0295
203 435 300599494.9527
345 80 365572123.2741
258 646 701231674.8426
597 665 1087880349.5395
244 687 1791232959.8411
565 5 236190535.2629
649 628 1396604680.6400
408 206 953766873.9555
393 82 178385427.6606
710 784 2105282793.9770
415 458 822425262.7322
238 762 956193093.6871
161 682 1261611218.0782
571 452 397533398.3771
101 669 1291379597.6905
340 34 161398342.5711
564 620 873972492.3744
732 562 1588346791.2137
669 425 1012349123.3112
405 628 1791445731.3157
34 438 1093731105.4229
629 215 792459871.3635
29 666 1615069337.8667
301 267 755576146.0909
67 598 1970107036.6748
405 471 1851411839.5204
486 26 930369944.7330
157 714 1268335599.9366
459 749 1021797582.5326
598 318 472675627.0754
72 282 745578370.5867
522 334 1770759280.3029
327 668 1540319543.0901
207 73 984611512.9256
175 537 621453753.0877
178 273 1938969110.0724
468 482 905364854.4074
789 685 1274960211.6284
576 161 1353458840.0612
256 35 644936126.5692
15 176 1942882818.4020
667 668 452937570.8020
300 290 2111091218.7614
377 356 240349028.0875
75 315 175168793.1245
483 541 239096877.4362
151 216 1336734867.6843
375 748 1534511786.1086
520 238 1882424851.1992
457 276 263822086.4641
489 612 613624606.1424
403 459 190477125.7933
366 271 927186472.3661
42 783 1969320646.9065
344 75 2033886576.6986
780 83 1530680874.1786
390 104 74181155.6522
552 147 1686547004.3520
626 384 912183689.8336
222 188 1759529429.3717
528 796 799201687.1734
504 701 1958055777.6246
273 616 433077225.3379
541 314 2136581536.8337
641 278 1597184939.9308
708 659 374720820.0376
110 481 250210524.3450
339 41 1644088452.7477
411 486 443732086.7627
539 89 1517281426.3306
1 1204 1223 418 1069 1360 813 727 1308 86 1092 754 489 540 1142 1385 36 788 313 548 915 1119 1013 854 607 1283 1196 579 1159 1596 539 1112 391 922 1537 471 1246 1471 1136 146 277 1311 726 884 461 1166 303 1351 717 813 165 269 480 1432 1212 754 1008 1339 1222 840 1307 1511 1557 550 569 20 1109 835 56 1333 36 767 474 949 1137 754 260 1314 1417 1198 4 1600 819 508 1432 1383 619 293 105 1453 1050 1480 1542 1412 1211 416 1385 1165 442 1103 937 627 1426 133 1165 1035 1423 1013 66 1211 1447 335 947 1415 1508 249 841 457 1458 68 40 1120 51 1425 236 747 1450 1571 799 62 1423 383 1027 1508 467 451 91 674 373 1389 425 987 1465 790 1272 1532 361 1600 219 609 486 1397 1011 1598 1392 305 830 637 1248 973 1559 1428 660 1514 1589 371 1213 1127 109 1071 1347 1396 159 882 876 359 1258 443 265 951 637 1496 426 314 1221 757 1466 562 935 944 1398 894 343 816 1151 195 721 957 415 531 1555 891 655 876 354 1286 628 998 548 1056 1160 1494 363 358 1355 152 1237 502 1368 994 1135 949 239 1195 1466 991 35 732 1083 903 1212 1383 389 1430 495 66 1352 1217 389 1448 37 80 573 1582 715 1462 1115 577 175 1472 811 1596 1595 177 1182 560 1183 959 107 199 545 250 793 990 1307 181 971 567 199 1179 111 1316 915 405 902 1190 1220 501 109 1352 1277 1130 115 386 930 1557 615 1432 247 528 1187 1446 825 563 915 1173 99 1014 302 483 1473 1323 919 27 35 1390 314 700 417 1350 1186 52 877 1181 1128 1016 524 802 756 930 1311 1212 1057 812 324 251 376 515 1468 1574 1534 233 574 1000 397 403 618 381 717 185 1214 619 1077 441 566 1235 822 566 830 1570 127 46 757 186 494 285 696 926 761 1438 1462 495 1303 9 1595 1027 1243 1052 371 303 560 1362 1500 900 1396 904 222 286 95 416 1024 323 567 1254 572 1181 1023 402 455 1092 365 1546 1273 1035 1542 148 798 520 865 173 1081 436 832 1134 416 296 1123 178 1364 811 1273 826 182 1200 767 1242 66 1444 728 963 492 218 685 964 1027 1025 964 503 1559 184 1309 175 26 1239 1165 618 127 731 1040 567 193 1372 864 317 380 1329 969 281 1394 31 1180 136 209 1153 462 1134 812 282 1551 1591 1426 477 885 810 1145 221 1390 596 566 320 410 126 1360 1177 18 867 542 1233 926 1053 1548 353 918 1383 970 324 788 785 1226 293 844 25 1158 1209 1064 1278 253 833 620 50 336 424 1300 1508 788 815 1577 1033 1223 704 745 1215 1178 996 1465 1199 738 725 223 1170 1417 788 1581 1107 43 836 1309 1247 1421 842 667 1054 1167 275 882 311 1048 594 959 1118 941 1524 658 1510 1435 715 862 1113 305 1344 549 450 704 941 407 797 819 844 101 1054 1291 183 914 865 422 788 793 1364 1035 870 19 1479 1050 1343 848 935 440 255 1184 532 1545 335 536 396 826 807 847 157 184 1108 183 709 372 269 281 1361 958 1524 1427 641 970 574 1547 467 1434 199 1547 975 839 769 1394 1200 921 967 211 1025 391 1496 48 931 1155 434 1390 391 1445 1181 69 1076 1561 39 366 519 1057 788 448 90 133 1172 1069 1159 1057 1105 637 926 1029 217 432 1051 607 1232 242 594 1122 665 1004 1008 1437 1060 1546 962 169 830 1041 1336 1003 1425 213 364 369 923 1108 275 1232 1313 71 314 1488 1231 194 366 1063 1004 1295 420 1340 888 1449 157 1278 722 1481 717 1046 1584 1367 1095 1225 202 1313 1239 155 1289 1212 709 1187 20 532 217 1171 871 1481 883 60 975 1252 147 663 38 902 952 977 663 1109 114 209 862 140 165 583 907 1320 988 1114 765 1204 51 1297 598 1134 17 833 888 179 1558 828 764 1187 831 124 1102 708 1005 1163 1081 834 269 106 1586 1449 1070 1330 1460 1247 54 1399 1284 859 1254 1516 12 527 832 404 1437 335 614 1340 1585 757 1553 152 521 1465 1234 1093 1225 29 1438 653 1531 146 778 827 1078 433 41 233 835 750 1379 401 1354 1193 892 531 1142 811 1568 1298 898 1362 52 498 851 1031 1179 637 1236 1100 1346 405 933 1283 1509 985 1427 776 987 776 1574 682 470 1227 373 902 1263 1356 1574 217 990 1349 592 911 968 1036 936 382 14 1560 1196 404 1036 423 1458 29 69 1476 1302 1432 1293 674 1442 293 1356 1368 303 501 1077 343 576 569 925 855 685 505 1354 1416 766 126 898 9 63 817 503 1497 847 806 346 1020 945 352 985 1558 281 938 102 1094 854 1258 1518 604 661 1440 1326 1386 939 817 963 575 913 1546 1518 1034 490 1393 1131 27 1047 218 1520 1099 157 157 1228 142 1017 469 408 1490 776 1280 957 544 797 860 901 195 1399 353 1555 1152 1373 965 996 985 1381 144 3 435 846 937 206 1275 377 468 824 1580 344 1091 532 1 1286 100 161 1454 783 179 1564 1457 572 746 927 810 1443 44 269 1173 903 391 1431 795 142 100 714 360 1279 1085 638 503 1409 1598 654 326 656 896 339 1109 1447 1336 1187 708 1374 854 1346 1497 26 1139 1585 1527 305 16 944 124 860 429 1477 25 647 215 372 1349 1416 223 255 1261 198 951 112 33 1537 460 1406 831 277 611 228 1197 52 1373 746 1544 555 1481 1125 108 723 966 831 1032 1314 952 1507 1297 446 961 1429 99 1489 12 1558 930 665 1401 1173 1555 139 738 1292 1175 659 955 1533 475 1543 1234 972 432 297 1010 1325 1057 1437 513 1597 730 768 577 1175 410 1600 661 284 1197 921 505 258 935 492 578 1057 462 1361 1018 1268 319 1494 997 613 1141 735 1090 110 1290 1186 1044 991 1440 521 1188 1272 1310 1338 500 940 295 877 39 1256 1101 1508 497 1517 1359 854 360 1182 951 1485 574 1399 117 199 240 802 1249 756 1558 150 852 245 1439 310 1167 140 1415 1506 40 401 616 1278 668 1100 241 1068 435 505 1077 562 1463 1277 1510 501 807 102 1583 1046 267 1252 13 948 79 391 1065 1261 29 814 610 618 895 1575 1005 12 939 170 761 1053 758 1204 870 345 1063 1289 1202 19 1167 834 138 1213 984 1482 399 1382 418 315 186 524 1093 312 1460 637 698 372 138 808 774 1307 407 1527 1577 1239 1048 1438 234 689 1546 406 799 1094 407 1042 592 1470 1281 754 879 126 1094 1449 670 186 1109 1430 1110 262 1469 846 253 1142 657 1256 1546 1232 998 1413 143 857 364 47 384 893 1322 312 610 405 1469 261 1271 1330 301 1330 1460 293 1554 1144 97 948 1302 983 1410 452 218 1286 516 606 1462 553 392 1101 36 1401 1490 868 532 92 604 1474 304 986 1084 75 1127 294 314 805 497 379 1356 1216 1236 136 125 1041 366 1016 1458 835 910 1511 666 416 1273 580 916 1515 95 333 889 790 1060 89 968 1170 579 95 981 309 920 1479 1595 1052 839 939 21 13 1117 900 157 1088 173 1528 1156 207 11 648 1338 361 402 813 232 220 1483 130 1449 482 256 635 1122 822 1422 1370 753 1588 1039 1424 516 1039 1132 488 8 904 401 900 1205 585 190 1440 362 1238 1266 739 1286 1449 688 905 909 618 1489 762 997 597 1168 1508 251 1418 533 198 804 622 1512 307 479 355 358 800
1 345 619 991 1120 867 659 35 319 260 1362 1456 708 1447 1403 678 347 1461 167 899 1439 1496 332 1348 98 85 1399 376 900 1092 1222 613 1121 1575 170 456 1284 1112 1385 467 816 371 565 853 194 1576 60 1441 485 368 549 1122 1549 466 54 586 433 91 1342 1334 411 1492 1434 380 1357 413 1094 40 607 1148 1317 462 639 479 360 384 474 151 480 1072 1314 1346 1447 1136 574 1232 1008 1169 643 1330 1203 251 1368 1335 351 1010 19 117 1378 665 356 755 1352 16 1390 1296 638 693 1061 1345 999 828 193 1538 128 842 997 1490 929 674 406 683 854 276 1085 426 1211 1328 83 1189 514 116 206 1367 1196 91 835 103 1577 66 368 212 1596 1248 1052 297 848 1321 451 1542 37 965 1440 1199 229 1403 346 983 1210 115 1215 967 880 737 1187 599 1192 1062 685 931 382 1239 1002 695 1546 1207 836 1226 866 1215 712 824 1425 1492 170 979 1123 1360 526 1016 1265 810 334 364 1348 1148 74 865 146 1200 386 438 1176 950 1381 363 310 264 1345 416 1379 1258 389 473 800
1 541 745 670 86 444 222 467 473 667 700 238 683 713 484 335 53 399 210 268 608 348 624 165 180 314 45 522 616 437 338 437 249 153 703 84 636 659 478 112 151 112 368 248 669 376 475 376 132 376 132 376 463 324 467 473 761 8 605 304 465 510 478 659 270 271 103 182 355 133 429 734 461 546 461 8 68 675 698 51 492 51 365 756 8 352 723 352 723 119 600 718 442 557 442 676 566 160 586 480 108 480 36 762 298 316 475 376 537 376 475 429 133 362 58 440 309 651 77 248 743 220 72 675 404 422 70 794 337 322 574 742 119 473 119 600 119 473 414 547 443 475 316 156 608 228 215 203 673 710 69 298 111 137 367 399 210 399 582 733 114 128 530 115 530 755 209 776 671 776 209 776 586 480 108 797 500 735 230 745 541 29 5 104 462 599 619 599 462 625 542 135 415 264 481 546 185 407 243 407 789 356 15 356 15 356 363 378 162 378 162 273 162 597 563 490 795 436 426 173 163 707 163 644 139 411 139 76 227 76 33 306 798 97 319 97 511 97 231 748 16 748 91 401 323 695 267 224 501 224 267 589 53 172 213 589 213 569 213 569 605 793 339 292 711 488 665 382 612 180 496 180 612 725 526 427 166 444 86 771 651 255 447 336 447 336 485 394 270 155 270 394 485 394 328 394 328 646 186 670 42 530 128 459 317 731 706 619 599 148 599 619 221 619 706 536 778 123 55 208 141 86 141 396 757 396 30 24 343 268 552 734 467 48 530 115 418 708 20 72 195 299 195 272 716 692 686 685 359 685 367 685 367 685 230 269 555 73 740 601 76 33 105 642 39 642 614 642 614 59 368 59 766 428 313 783 690 593 690 681 151 112 151 500 420 126 246 84 251 60 706 536 706 282 72 282 509 559 446 492 51 462 625 277 512 277 641 153 651 255 424 31 551 614 2 614 424 614 424 656 798 45 522 136 537 140 521 140 620 140 520 627 554 103 136 547 117 15 437 249 437 15 352 8 615 787 663 287 402 284 796 102 280 175 10 175 537 549 23 308 138 97 798 387 38 408 427 339 513 81 217 81 509 552 147 499 147 552 509 282 176 282 228 72 675 72 210 239 748 91 353 91 453 2 614 2 160 586 160 125 305 386 574 322 402 284 691 692 788 69 9 393 82 372 587 21 118 602 670 745 494 745 525 458 222 232 229 602 692 686 85 529 609 255 651 309 485 309 440 130 707 180 612 180 756 686 3 528 222 65 751 65 364 582 296 417 275 660 621 588 449 596 720 442 291 701 545 18 750 415 750 349 577 443 760 443 201 769 56 713 484 278 147 25 659 478 339 441 587 372 640 380 548 56 548 177 687 418 464 418 761 506 593 74 562 692 602 692 602 792 336 160 336 792 61 699 17 699 550 14 242 599 541 483 541 754 208 141 697 152 762 788 69 710 792 171 188 690 260 8 260 113 305 214 107 574 561 559 561 283 157 786 725 143 759 579 80 451 663 457 262 228 72 210 72 210 239 345 4 123 4 390 376 390 376 645 223 211 223 300 663 227 344 91 5 104 390 548 390 104 454 667 473 50 789 698 675 72 272 144 272 716 95 521 575 166 1 449 588 449 588 513 81 84 636 630 639 406 215 517 712 160 336 635 744 635 772 668 667 600 494 600 494 390 498 800 
1 
1 
1 
asdlfkjwepofn
1 
1 
1 
1 
1 
1 
1 
1 
1 
1 
1 
1 
1 
1 
1 
1 
1 
1 
1 
1 
1 
1 
1 
1 
1 
1 
1 
1 
1 
1 
1 
1 
1 
1 
1 
1 
1 
1 
1 
1 
1 
1 
1 
1 
1 
1 
1 
1 
1 
1 
1 
1 
1 
