500 2000 50
38 403 757096565.0600
135 255 547930500.0822
382 266 1008318724.3577
328 397 2002891870.3572
37 479 2105631192.5629
435 393 1445503739.2124
265 311 1025344485.0963
463 320 1143178024.2309
35 179 1555276163.1939
220 444 77741972.6617
187 270 1694024026.9069
132 486 1088908233.7677
236 207 797456309.3747
216 150 44275795.8296
350 70 748318428.5412
205 478 621966925.5491
77 350 318655549.7947
37 157 2142414156.4006
463 31 770584509.2994
352 218 1218664511.2142
111 297 1133243868.9273
91 389 606479070.4704
215 370 1601129043.8885
235 166 1565509627.7319
419 121 2083150087.7593
184 182 1202606017.7224
231 303 566282048.5558
425 385 1317381906.5665
302 396 375680771.5848
40 252 1852596419.5201
267 125 1619238056.9553
67 8 132701576.5156
20 344 1299436141.7402
453 194 413351373.8828
303 209 765230063.1678
435 64 1518746388.3453
266 273 439909768.4247
112 224 209028981.4785
41 139 1092174913.5409
329 71 212870885.5476
35 130 556413151.6939
123 344 1431106411.5686
182 346 695441137.4774
73 342 1883302304.3416
159 36 131699658.4306
77 433 1098992116.4939
108 120 2016493376.0101
169 446 1929293815.8590
86 112 724665410.8247
411 33 429631724.2299
366 485 1011759958.1101
347 423 930119905.1012
63 104 8607331.3695
66 471 417560129.7604
87 14 72674952.8651
418 103 1320186398.7831
367 362 1481981240.4533
376 22 47947319.5384
471 175 1598932999.4590
79 204 1334123658.5712
468 10 940873049.9902
456 4 605615944.3142
5 289 1673632210.7181
13 225 1905872191.1989
456 304 962038125.3136
251 385 1648416904.3711
374 442 578857652.1776
300 205 1096599868.4094
157 491 380756752.9255
224 310 837668241.3165
437 124 1235086175.9573
205 386 281827693.2299
400 451 1111960174.8959
367 473 247451057.6315
414 142 2030465460.7523
196 96 1939900170.7880
42 447 1436087556.7884
388 136 1050145837.4103
38 65 239850641.7523
196 192 1337494402.4176
267 329 1524066119.4433
432 75 2088343250.2047
255 324 1328965649.5285
499 410 1315214981.1932
415 451 1570799825.9555
57 432 1032080712.1025
223 374 502111700.2015
356 377 1758259979.2878
91 269 1016659418.2334
319 337 1722547829.2615
467 65 333373154.4133
237 209 1469770874.4564
128 178 1524723352.4974
483 163 1103482897.4657
60 79 644446204.7203
324 11 1522207806.2708
322 492 1488471492.0645
56 23 896660055.9867
306 433 1426342372.0895
413 38 1489011467.8701
6 301 2083078136.0342
277 494 956822197.4563
450 372 1492292803.8898
171 413 1236237409.9431
245 430 2002194598.4493
475 425 2056560989.2888
200 440 1104025070.2001
488 333 584565110.3922
338 1 1198226913.5987
173 357 422736071.7117
109 373 110606937.7737
366 121 467473870.8766
404 264 693557571.4261
254 404 375241792.7748
384 262 67744348.2923
497 76 1318272763.0842
120 470 890430495.4847
440 130 1905646846.1832
304 326 1693587329.8781
99 286 544928288.4518
57 283 395545282.2043
446 466 1156735768.0173
276 12 252071131.2616
381 422 243333655.1580
316 250 2130727015.0598
226 320 1252855237.3664
372 424 1507923514.6759
32 437 702074160.8674
125 35 1314123346.8516
437 38 1403139703.6180
400 389 1978440755.0756
485 36 1885727958.7209
226 452 1546028196.7227
403 480 1314304080.6743
172 413 1189899254.0695
431 264 492616942.7320
146 124 1843405379.2605
258 133 237889320.0004
318 347 1362874808.3564
118 41 997780292.9913
437 361 745139705.5266
299 319 291640567.2838
32 289 2122533343.1515
443 13 1565415533.4751
192 470 1444262625.4839
186 352 714800367.3466
49 251 89291911.8658
102 403 568371180.1825
217 317 1146253976.2200
205 262 1078785266.1795
36 275 31373883.1099
192 124 1307592860.6909
95 280 1900210306.3280
177 68 716191034.5251
455 163 1284779616.6897
308 229 1537225027.0467
463 333 1177316037.3404
199 61 1663729146.6680
422 172 903402749.5711
191 392 2115164899.5029
175 299 1744106063.7413
459 345 628082149.5254
187 171 892069445.9703
88 130 138693187.3769
385 130 2122295502.2530
289 70 1489311787.3428
160 236 536342511.2283
9 273 448396978.2006
459 413 742182790.1553
149 131 269383984.6465
170 45 1114082135.5740
407 135 2047973823.7762
365 90 836309094.6121
400 343 1722851939.9569
238 339 1915088851.3090
232 324 1113100141.0415
408 112 1570366537.5764
120 278 436693029.8638
414 282 1894141193.7698
328 463 1300614240.0044
96 249 643927722.7114
159 265 1179517790.6209
7 65 1847167032.0156
268 337 1869629086.2157
200 210 2032236732.6411
468 25 1934065856.4817
437 11 123319389.6719
456 357 690385296.5905
106 315 919008503.0745
463 88 1303644043.0558
359 311 978926881.2497
337 169 1594857345.0853
219 361 1905923735.6767
197 98 391921847.4709
43 68 643694992.5904
426 273 1595732410.6438
225 169 1170333395.2652
89 475 419114243.8705
122 223 1548808143.2160
127 262 2012384111.9992
388 88 416782801.9727
384 433 1723428884.3076
9 423 1379500003.2630
67 496 74696531.4685
444 301 1961373267.5287
179 79 314872065.7087
144 103 1921375544.7143
40 12 1652523252.1887
111 83 408660087.1082
487 120 686561478.0180
411 191 696576446.7032
359 214 1856359517.6859
108 267 188370022.4415
128 211 2135572939.3884
238 171 1942921765.1426
495 377 1436358053.7980
89 240 678033289.2854
478 374 810452699.2878
179 342 987820681.3131
176 219 135331178.1364
223 10 585557536.6281
428 283 78645297.9734
287 333 1050630118.9272
218 214 525425109.5499
155 422 1683002330.4005
404 23 95105300.1787
79 240 523169635.4707
184 139 1176969639.1846
450 265 1593633148.1394
350 385 449547298.9653
362 43 1970722905.3867
381 159 794849015.5736
368 167 1610786014.8072
131 25 1238389704.2915
405 202 2031364800.8334
61 42 56764017.6692
458 315 264932980.0659
318 159 1812665501.3333
404 140 538962599.4204
369 485 2080231331.5117
373 269 83878224.5278
439 294 1838360165.4362
424 222 1218660005.0543
498 241 1067603533.2785
418 295 647482954.0086
19 15 852639189.8324
221 498 1964117682.4287
267 333 1828796074.5468
221 2 1134515773.9796
70 311 724322815.1537
125 372 1695803834.3622
499 242 1472232849.9218
155 115 355611304.4181
415 7 1067177912.4139
374 126 1918352926.6420
89 153 1413124664.5475
246 326 1598932109.8751
106 222 1512627144.8376
87 336 54039630.5759
38 104 1534553878.1320
32 228 1712686716.4970
263 403 1393360475.3021
272 232 1545241558.4575
307 279 1254933657.2718
357 166 947410230.2112
447 60 235904192.4524
449 276 572593754.3370
485 52 376008003.2221
351 228 2042763199.6710
472 429 620645199.5626
49 358 1845648350.7039
199 262 684803758.2232
142 315 942097819.6411
332 393 1806075981.7647
51 262 1592014474.2430
107 80 431214507.6308
227 413 1183453090.5613
115 93 1802667169.2657
449 165 1137259594.1713
420 160 581589898.5098
125 19 1716656916.7031
198 340 781278365.9719
79 113 925946258.2657
113 472 643256776.1919
426 232 1828868611.7312
483 2 1401989477.4286
29 447 1826660112.0683
181 150 1345042495.7006
495 210 1873271232.9673
487 180 1514350959.7462
417 21 902720372.0745
145 459 485004438.2589
367 54 1637619474.2514
378 356 1335168126.8370
34 88 1822798620.6880
329 286 798178746.7237
46 209 1081090255.5896
157 53 396329591.3665
29 306 2061294206.0685
313 489 1623594344.4341
453 233 1853491395.7342
19 71 1675039311.9189
171 95 651575256.6305
129 63 1885351553.4311
327 285 701663366.4836
292 296 1979116105.8133
219 281 1895718832.5983
92 374 945076724.7170
154 483 1621810080.6896
12 433 264303351.1583
419 170 1670272426.2326
3 207 1657426008.4204
108 32 1864525440.5610
41 290 676091291.3430
67 359 926798414.3259
431 163 1374642099.6054
337 138 1163466519.9785
43 306 944125337.4146
268 246 566771156.3423
4 454 555773189.4002
197 244 548123487.7005
346 81 1376248951.4098
80 203 1180086439.4952
325 418 1321218357.4203
227 421 741300049.4600
270 188 175189522.1940
8 401 464176217.8629
380 482 1683089.9480
200 60 1364323808.5748
338 30 136817813.6829
16 412 667266716.0007
342 416 1092848635.2994
342 22 1454137676.2647
112 438 2011951938.1834
462 230 1810570716.2166
268 479 86357615.9889
404 117 353444507.0243
285 240 2081921873.4641
482 162 1547711954.4237
465 448 71752120.6908
332 380 1528143689.4446
282 145 1021950250.9057
338 167 1307054841.1240
434 114 1066433242.7876
383 112 1499473171.6252
431 237 817138715.4436
341 431 1742726050.7638
272 323 890513246.8671
413 421 2092663624.0348
285 219 995131360.7977
480 432 590909278.7655
239 119 912620633.4642
380 447 1750363746.9388
413 397 176145303.1576
431 275 816930854.3456
444 372 1863819369.0303
193 170 2106031358.9254
28 207 2002038055.5807
156 473 604981169.0356
404 211 80134819.4398
84 16 2004279306.2246
175 110 552362283.3544
337 64 1373128783.5051
12 314 1558748507.7665
73 92 1982877439.1331
192 260 1808822016.2912
72 488 1802209750.4204
61 400 1823556325.2870
79 372 2026020952.0325
182 192 374629200.8310
453 329 757378091.6982
498 288 1560772130.7013
31 445 1013448743.3829
354 158 1219469286.7005
7 229 208962189.5444
104 246 549315707.9414
130 498 1070176020.5188
280 471 1085858017.0888
416 311 684605766.9917
388 368 944953187.3438
476 485 629300098.1962
204 377 1822591694.4673
192 499 1281371578.1470
500 145 1865131966.9637
458 477 1554307675.8647
128 119 1462707009.3874
56 110 4196118.1966
174 92 639175932.6635
239 482 1539103139.2857
13 367 913190908.2888
350 426 1469170755.8215
271 35 2144557776.7506
105 387 604411365.1361
487 424 978701509.8562
34 228 618231176.6387
491 232 2058508913.0377
449 218 1338215090.9315
45 233 191454689.0204
74 375 620693248.2925
495 471 942086955.6739
45 195 865630420.8765
289 235 89797.2546
52 246 1435944696.0962
12 86 1430371702.9447
27 468 52983224.3824
180 414 98646207.9610
237 111 1322481389.2887
284 445 745595452.6296
159 4 1914593455.9620
420 325 1888804034.4608
457 275 596533475.5750
348 55 2029661814.8305
93 108 1214947728.8756
320 391 1886799420.1344
445 137 1278332868.3315
164 381 344085018.9097
173 344 803817349.3521
115 258 640060743.2835
375 417 1655439706.4050
487 205 325387096.5725
278 335 491719025.3187
56 319 605993182.2288
223 329 332333234.8863
47 484 836744999.7851
65 289 425761875.9498
473 26 512847942.1393
101 92 1923618208.4078
373 352 1255013990.9215
415 234 627619380.7064
48 59 292257679.8951
486 25 20514917.9892
189 460 423877414.8448
435 164 2094753979.4654
459 402 1251912035.8274
494 431 149931516.0077
288 341 512781108.6495
323 408 1982516481.0516
311 299 2047727900.3921
452 272 1073707016.6269
288 459 1679621221.3832
18 199 600855321.1460
264 395 369980579.4349
162 149 21800819.1385
425 339 1339494496.7446
45 13 2111977366.0027
184 461 401275536.4575
197 113 992234407.7898
194 120 272894932.2690
483 320 558265937.4944
372 402 944511662.8301
380 143 1556632157.4103
145 374 348193565.5674
283 324 553368988.4404
415 197 1830245875.8360
476 14 1842550863.1136
108 134 335774017.4727
483 478 2046859987.3399
473 457 1050214333.6725
155 214 1292427309.3651
90 306 622025671.9503
367 419 839196607.4696
49 487 1505304995.2826
471 265 1127292956.6935
317 135 1221635545.9847
300 68 2130745019.7099
78 191 2108502225.0314
19 323 871153698.6650
484 378 1523947136.6116
397 29 2052712904.0098
62 35 276061331.0925
287 20 1923415594.4316
34 420 867381095.3197
98 130 1272195561.2300
21 198 678323861.6115
369 292 2027408684.8878
102 108 1193518157.4459
435 397 2063277744.3801
180 314 1477228215.5597
140 403 283054466.3135
482 198 478856598.6515
225 409 1299704496.5132
43 444 240750878.3611
275 273 1596689877.1160
181 58 246219946.0840
491 218 91873852.9422
272 368 1851554483.1538
225 85 2080329820.4667
360 179 1752126558.9679
174 303 2071974294.1590
227 36 30770888.8679
103 97 892795468.9027
5 231 965412017.8405
128 67 169415642.6966
161 110 2052903429.7567
344 83 315892774.2136
499 30 978118038.6487
243 73 650442631.7906
230 463 1931837296.8061
19 265 1596393246.8199
498 313 1699626757.4107
121 275 1258567115.8512
374 303 1410533576.4127
71 39 1132299370.2191
474 143 854819068.5910
189 90 1162593535.6459
168 125 1836466896.3140
180 295 1593710892.1441
463 386 331215155.9580
273 385 1492044507.2474
146 426 1527036999.3777
351 47 504261862.0690
459 375 435542660.4878
379 422 2042976663.3875
416 274 1540624686.3755
198 320 1963178019.3008
382 237 1153212973.5009
103 328 1498141593.7218
135 119 1699885974.2608
468 378 780315075.3520
350 207 1070288820.8193
137 42 1776947406.8990
431 105 2112860937.8012
168 130 1385298297.6890
113 142 1372966273.8650
90 17 1469370556.7169
1 337 803761483.9772
163 5 1994504258.6610
274 147 425516604.4448
254 294 1759010747.0079
248 180 2108537620.4713
323 44 2049649009.1425
7 195 1239276420.7056
13 345 700662914.8469
403 235 8257527.9208
485 131 1285988292.4892
18 75 562817222.3431
163 397 1825024566.0964
338 395 906372756.4113
101 462 376657090.4288
377 143 1859059833.5346
156 127 229425273.9267
471 130 1849906493.4479
67 375 569909335.5530
391 402 668127082.2178
24 210 333801569.7946
303 247 138261846.5237
103 390 1397350524.8862
318 176 142222887.5611
57 251 1855346720.3055
1 315 809946772.6323
443 331 1210255971.8325
127 205 267034867.5908
184 169 808848536.2790
468 346 1784946543.0711
441 177 1564581355.6209
460 356 774118609.6941
333 111 537275768.2156
169 246 1546172137.6381
297 404 46512323.4694
25 104 1854456598.8343
223 398 154172602.2436
278 104 742368705.0922
416 451 875119737.2015
191 409 288039212.7022
255 235 1001911776.8469
239 157 1592339385.5137
124 199 550797326.7031
62 149 252516546.0697
341 313 162821486.2193
462 264 902573062.9873
169 97 1871748649.6915
1 475 359651948.5371
204 440 1916245288.0955
475 362 1732756862.1090
395 42 1461825885.2288
496 44 179111327.9052
465 397 1548259115.2738
432 318 573047187.6696
9 85 1132046642.9354
297 291 1076910461.7911
193 442 1035590022.3706
467 473 1888337212.7472
140 313 1914846036.7379
366 16 719034945.0510
120 275 121267827.4603
8 328 1072978807.6965
48 475 26450271.2881
295 242 902757948.0264
442 387 1213041469.2884
422 39 1409415926.3072
207 120 48889468.4733
289 391 1538018971.0497
410 431 260584841.9555
463 339 1212595577.5287
238 336 1315847215.5831
265 339 1735089058.7141
198 287 500484290.4702
10 449 795635572.7243
180 76 188720268.0324
341 209 555454648.1136
401 96 1513355857.6187
161 66 1512295028.4827
221 137 1093538700.7345
426 431 664926834.9849
315 195 1644845509.1023
426 183 720950968.4765
182 438 2026396017.2106
399 394 2108528011.0511
88 436 422611834.7979
218 478 637159289.3314
342 137 416722303.0199
313 360 1058265795.3610
426 314 1070492558.4769
177 110 747203925.9590
394 158 1106414242.4636
380 123 1830833999.3994
239 416 2031002156.6054
170 90 154771624.5907
151 115 1436159087.5711
271 489 248240915.3925
281 353 260255034.0545
61 421 1632683664.2349
187 243 91822580.6989
254 373 297009696.7245
92 333 1049394474.4558
80 130 1417401872.4255
225 422 1479007452.6497
459 340 1836734760.1312
204 467 1793603347.3147
190 378 1934610302.7910
308 409 1105169778.2702
456 406 1372859080.4774
30 386 2108770099.5773
357 313 900196564.9288
62 389 1569982866.3868
59 116 2087850577.3194
468 210 1040509672.4690
325 81 505533382.2174
352 269 1806863447.7236
243 405 1329643697.3518
420 98 2024647983.5237
135 127 1246089145.3533
276 58 1532760519.3767
462 330 546958122.7754
432 381 1903619057.1832
426 179 551218833.1593
190 226 126854110.9582
316 478 933761389.6824
404 166 786701596.4999
255 214 799626758.0458
355 311 962093135.9784
234 35 447296474.8497
343 412 200401902.0440
251 149 1864487087.0862
424 37 919550022.9862
277 422 2042629446.5590
24 263 521249375.4053
94 422 285002752.0883
128 324 1485555965.9605
318 190 532281303.0286
348 367 923860884.9552
289 229 1448068082.5598
360 104 1174524038.7859
273 156 1343499695.8066
251 202 1062057980.7173
33 108 1096639867.1356
256 295 722513313.4763
450 66 1436273536.5109
212 321 724645318.9457
386 339 598575439.9925
77 158 1660155786.6190
442 373 838392253.9357
185 106 461220985.9071
310 303 1432420306.6901
195 89 373394960.5696
372 96 207131702.0679
218 202 1243012558.1626
51 318 1928387094.4250
158 431 847822408.3778
256 260 1322459366.5565
103 113 813197846.8496
1 235 890204905.4454
231 334 822053858.8902
281 468 475130796.4987
484 322 645345073.2418
292 415 2004009085.9307
105 312 411445214.1036
193 61 334910924.0269
63 218 2091378535.0973
281 29 888638209.8211
139 330 1003707522.4238
197 40 2079868428.0049
348 276 940458319.2986
97 149 19094725.6159
106 364 350102613.4519
306 126 576251917.2103
45 476 1241781013.8821
481 194 513994915.3192
408 375 283208251.6764
429 27 272605991.2072
189 232 2014591852.2976
417 284 358628325.0740
498 297 491213533.0269
28 286 1057218168.1944
111 421 1952159443.7121
243 121 629416661.3242
450 467 2116048672.3335
162 293 1907334947.1571
343 111 1037177108.6684
211 428 2109607647.6636
499 416 26823053.9894
268 297 1012612412.9388
25 320 326280820.4246
49 179 431577961.1380
289 317 96807885.0591
341 463 562742014.3886
194 254 121550475.1348
428 332 1332676670.5748
359 201 1239110040.0910
360 222 25393313.1694
127 202 1547465672.4652
18 201 843081206.2003
302 250 593120190.7469
336 85 1688186462.8705
445 100 649560661.1654
316 371 416462544.5561
479 326 354520670.8751
462 135 958573185.6104
95 426 1511549200.6763
31 144 2011865645.9423
410 149 1287199269.5063
475 49 2142541830.1406
34 38 55160150.2568
88 326 1586036662.2535
92 312 913399751.6475
334 465 1243949527.9082
450 142 438129494.7321
52 215 908179250.8016
471 426 63148484.4270
150 25 535104177.3597
379 216 1905998846.1459
190 291 1098027145.4248
44 396 118793641.2936
193 86 2035239474.3061
86 130 1332828186.9902
289 283 2130287591.9837
16 148 1288820398.0670
478 373 685147729.6144
68 498 1959310820.3549
273 84 1315335801.6052
79 154 354893598.8248
171 168 1101304484.7759
151 408 1598699167.4324
147 295 1977270867.6693
259 352 672988753.5566
287 93 1192570915.0931
310 198 1703903517.9866
398 394 1774769573.6877
277 182 66113803.9880
307 211 100912096.1164
53 470 885019090.3637
300 22 999723081.3869
415 195 1415626783.4867
126 440 867950493.4409
416 116 1287557912.6131
346 482 1005140438.1916
117 271 1024526304.1824
444 410 1782797732.0054
300 367 1244740299.2447
254 35 1227755139.7751
29 400 1242651233.3126
460 494 2059064652.1011
287 147 1207080440.4053
480 352 1210668564.5417
21 487 956816813.5180
477 324 615428012.8085
318 100 1083010957.4613
302 293 1891802314.8885
132 139 485658456.8179
203 404 53969977.9126
116 243 296595047.9425
147 188 749853620.5622
416 27 567958568.2934
464 359 345550736.4685
46 284 1472937360.9403
258 366 279647196.5989
343 86 923474477.9046
301 87 110735958.0240
466 419 451261278.4483
419 26 1257807315.3623
474 424 1671539854.6571
495 38 663152159.5692
458 364 1444418984.6533
167 114 1569232530.3930
19 145 1031271716.2068
312 146 1534296771.1496
356 86 1796322453.7878
351 435 1829089880.6817
228 11 1752096901.6305
360 415 1751038604.4893
266 407 400698683.4009
268 500 990332706.0120
100 324 1863606375.1275
290 485 1286235410.0626
432 433 1702756450.2170
142 322 541964035.8857
454 396 1483461570.6990
272 85 1888748385.1000
338 425 280251010.0551
218 437 293773794.1061
136 51 22084161.7748
66 174 183663177.3291
110 164 1730355207.1287
467 418 1096659065.7200
27 258 1413322901.2891
262 75 42156598.1307
126 335 806350723.2073
223 439 888478367.1616
95 264 1966949162.2061
243 92 258236111.2071
43 372 1642822848.2085
457 400 1577036486.9660
112 48 1776431565.5661
234 366 1630914344.9021
360 13 1134216168.2839
42 105 971621931.7015
455 165 224818652.7806
456 375 677642891.7124
19 216 265434793.7794
497 434 232511189.5017
174 366 1311659329.6439
317 128 725155285.2560
489 376 765938002.0678
107 495 14329541.5489
97 162 1754987232.7079
462 80 229143070.7374
236 227 1193991387.2955
259 296 1359662755.8777
287 470 408819136.2898
446 37 732810649.1037
371 144 1354758673.1361
15 21 107051777.3135
301 98 1808436991.1607
87 257 278593870.6751
298 464 1488039788.3235
421 430 1073413954.3924
271 488 1972202960.2584
34 303 1549140713.4000
366 171 1452174290.6410
220 258 23354814.9150
307 50 688623480.8778
115 499 771407860.0871
402 248 2049123888.3501
212 496 800546549.9734
183 339 1802962660.7015
220 9 1890475133.7830
475 240 609946254.1212
47 481 1095139085.6502
252 287 680888017.7361
263 361 1359030830.4933
341 301 917538726.6411
186 152 1120187592.4176
415 145 908867993.7354
55 24 1979663931.4805
260 480 1076474692.7921
317 114 261029909.6173
165 301 769087594.6431
193 35 1201728199.9119
86 73 2033348037.5903
92 375 1128573545.5521
157 487 1313552919.5016
427 149 1930344239.9369
376 47 446355666.6544
178 77 481918610.7959
21 342 2146147753.3710
45 137 1313312983.0015
165 376 1706197293.3062
50 118 307935071.2444
74 175 639029464.4734
94 216 454565057.9452
272 392 355568141.5367
277 74 368471420.9985
21 153 975166737.4665
160 174 883515111.4341
345 306 2141766687.5477
170 398 1673308623.0683
230 37 845557848.5297
197 28 1385392325.3077
221 370 1111066357.4052
193 285 1709964647.6804
248 228 1598475805.0062
287 444 854886258.7576
331 72 2011626817.9722
435 300 2000210078.6415
490 255 262564791.6380
379 393 1337064695.1600
369 406 1465623598.8204
463 46 1195118198.2371
63 319 1488749005.4901
61 319 1024905161.7199
241 340 1196810671.7152
106 180 1063139580.2020
45 141 342510648.9075
290 87 1245315442.6415
307 54 407949911.5921
232 37 1798086830.6783
109 151 217592137.1252
391 17 2095650397.6294
479 139 1430426718.5820
487 152 654357767.6733
241 165 648739924.7432
136 24 1281120962.4231
282 57 900834323.5586
42 328 1696857306.7335
195 323 287866092.0496
26 35 654610913.3051
191 236 1197782906.6712
398 105 1062181283.2584
377 457 886177022.7809
69 291 1951338003.7460
387 454 1740341106.1857
383 100 1341369318.1878
145 353 1809632076.5603
263 420 13146508.8546
339 342 1376028772.7339
92 483 1518772720.8443
19 430 1094618596.7374
227 208 2050914400.9384
278 478 408846705.8778
208 486 136593202.6343
154 95 1678344241.8264
368 382 1796256629.2314
459 144 998204663.7995
485 14 1215085373.0022
275 125 1961199427.8822
431 358 1215038408.0917
301 497 1409088199.5111
497 337 1253071153.4045
46 319 590183906.9931
319 290 493343123.7148
157 130 854226561.9104
141 133 886505401.0779
390 286 650376681.9957
127 358 1179985803.1614
393 212 2113460780.8643
265 104 1179646453.3854
119 460 1428844920.4147
8 421 2072012412.0259
369 281 16344520.4507
474 362 1401257177.8598
131 475 1712683720.2212
450 168 601962231.2449
148 7 82287284.4584
82 24 259743958.1716
146 367 989415363.4094
91 278 1983749809.7506
185 47 300922922.4802
483 145 178705127.0147
76 176 1598415051.1702
313 16 1486204635.7828
429 66 608463365.4684
95 298 1499198127.7009
283 392 995989945.6461
324 194 803518103.0378
200 300 2089810038.3854
194 294 1377569952.9546
460 195 2069185248.8441
40 227 460871731.9262
340 311 563304140.3345
491 428 1466248467.5530
494 187 1762141409.7897
493 331 1980188500.5086
90 192 2128985833.5716
232 182 1915604195.2046
248 115 1898787095.4927
12 113 1624796876.2923
183 23 194372154.2541
409 404 2123879858.4750
475 326 257251960.6725
168 339 1936460900.6058
54 436 1916406705.8544
45 265 711255447.0101
292 321 2039223933.7577
114 311 580796848.6676
338 157 659218004.0864
446 136 221224925.6281
455 355 185063779.5257
169 135 1050482048.4470
346 132 1662493057.2902
176 425 1542859184.1520
403 137 44750083.7587
179 213 1333305185.5368
315 468 681870451.4862
50 362 1974057194.3174
399 232 1521633776.4328
261 423 393289314.0311
227 438 933618721.1289
158 277 629298726.8806
185 447 1128666545.3343
173 290 1221392164.0357
103 373 25899372.4347
144 79 1731763324.7637
352 404 1121472505.3622
365 144 29524295.0315
495 489 2077492317.0427
458 22 2145081092.9275
321 294 2075178332.3288
479 115 1746622488.1576
225 147 997612108.6727
18 408 1167447677.7951
234 84 1988250321.1760
221 66 1066276765.2830
281 346 745015514.0717
89 148 625814019.3377
198 371 281619220.6939
482 309 1820736895.2457
66 441 167671436.4805
87 272 1941640953.1696
309 475 1181566925.7332
147 293 447376972.8452
354 20 1803332504.4910
33 374 2079504615.9117
32 100 1057780828.3007
192 344 634609589.3600
187 129 1917650007.4859
79 476 541629747.2891
449 24 389746846.9132
258 252 1336091340.4865
298 370 120146512.5364
432 375 1857475610.7513
439 481 481939033.1839
199 198 6431218.6589
465 14 280448993.0021
26 247 159785785.5615
353 495 407254256.6816
357 78 1148430647.2353
11 93 643642658.2112
479 393 877203139.8875
86 144 15843359.8064
243 47 1472142360.1527
19 162 1805262191.2536
453 470 20449542.0434
48 87 1698247603.8801
150 90 2050584024.0292
224 179 775462571.6414
135 411 249460076.0270
310 432 1121651784.0788
293 362 1913010331.7925
139 148 1869842277.6630
359 406 1118314945.9007
416 162 1046808609.2809
323 224 1167342508.0639
265 410 1434878259.5867
433 352 1721490618.7978
90 407 79798104.4751
143 185 60762707.1643
152 9 904972779.0698
6 313 2143394903.8873
465 431 1882176476.8516
235 372 1584895074.0587
202 437 1599938778.2290
56 500 1081953372.1151
189 24 927708794.5162
126 243 579338670.5732
121 161 1662700148.8916
385 402 331693995.9389
325 88 817885703.9984
419 361 1183154068.4106
219 134 1710836454.6805
191 494 1575992697.5297
244 482 1210756145.3734
6 430 1866683091.8859
230 284 1311028230.5412
368 443 895146055.6606
133 356 126837834.1891
99 3 1220775736.4820
350 260 492981377.4706
462 19 1157528090.3882
489 181 1615114885.2265
433 256 844586009.5594
288 261 354759752.5603
400 207 1439057598.2257
401 384 704509156.0642
414 492 1385231768.5979
319 357 737537050.5354
257 162 644813459.2017
121 407 1212493206.9564
416 7 1052772726.6512
234 39 1452733103.3090
436 95 87991571.0029
306 2 44255387.2380
283 438 1299357545.2026
34 169 818855687.7003
222 196 1214397870.9477
354 373 1990150975.8458
396 477 1634008502.4521
178 498 1062040780.7459
188 415 650160694.8315
104 243 1273176443.6332
223 325 653806392.1150
46 170 1488415405.0501
218 463 1108719209.5641
276 140 1631571971.8871
445 476 697344232.4997
119 113 82333028.5906
385 470 160601926.9454
169 170 1646046831.5318
490 478 856120756.7206
25 229 1588647145.4070
453 471 703294727.4075
361 260 994929814.8115
173 147 962266613.2907
344 9 691253741.9591
264 44 2097902693.4687
428 230 1744715231.7332
303 450 2092931996.5624
480 41 2034284786.3244
409 497 1050789241.7374
165 260 572749771.5036
105 39 323367576.9958
136 325 228661209.1786
261 290 712234592.0732
147 59 1881786134.1543
79 411 935665128.1272
257 152 1433947443.7561
88 248 132457631.1948
56 336 1017622367.4161
134 243 2065874731.6269
348 91 1891338255.9373
58 462 897270584.4203
1 384 651725564.1546
476 370 975192391.2168
331 478 203508292.4773
380 97 1286423705.3948
430 262 2090500888.6916
443 247 1254661808.5890
71 335 104095805.9241
83 11 44471005.6529
86 90 111037361.6623
64 455 1939001436.1196
98 473 959748575.5067
248 76 619445291.8095
110 148 1929375807.1092
210 382 489989132.3489
463 398 700630072.5850
46 176 1091351194.1323
135 281 22607097.5392
31 188 1615891061.7219
357 442 863335240.4212
486 484 1314658181.9936
23 348 1394920208.0773
434 61 505009358.2828
23 474 1532593833.9069
366 235 953864668.0993
394 136 9547387.4870
59 341 2096398163.3183
383 86 1616651020.4679
469 275 1693268728.0324
276 65 1496960954.2331
104 297 184074349.9187
216 106 1845290157.1677
136 169 1568802423.9917
176 195 1493313632.4597
365 427 1566426864.7512
109 206 1807218080.3895
107 425 2069607594.2936
293 311 1769919673.7434
85 14 427681330.3476
381 437 1090280180.2083
324 333 469805910.7723
423 160 1048330228.8684
57 225 1075008367.4430
430 118 1043817691.2925
143 462 1593729913.7042
20 266 256870799.0995
72 301 1956148149.4122
425 330 248372396.7945
303 26 233657715.3250
44 15 870965305.4357
371 47 271096845.2498
435 491 2040292122.5903
38 484 608905258.4288
433 79 1035387767.7174
177 395 1582608330.8061
476 281 1930905139.5524
125 170 985167016.2040
120 12 1962902063.8057
254 301 953003887.4535
352 393 1178888490.4930
376 312 1275231907.4848
227 23 1300957980.1247
140 326 1762221512.2431
157 453 1658086805.7746
332 248 99851917.4825
50 338 1117408884.7053
82 475 1254551128.4708
436 37 1764849592.7571
52 201 809874132.3042
46 118 1513735138.9250
64 282 1187218720.2502
85 267 675284316.7289
397 416 1732224816.4495
480 217 1316589997.2880
309 102 1513560854.8652
132 164 1209221690.0991
182 401 2206153.2126
343 4 675743477.0979
221 30 911300656.2320
444 147 936925657.7063
89 141 665376722.6848
253 178 865810345.8683
46 426 1129337117.5153
33 449 1028641718.2537
257 413 1735787137.6698
468 192 678463002.2980
197 311 238449481.7197
309 33 1055467944.4089
192 465 916176449.4240
496 249 1813111140.7620
260 431 995595131.5695
485 399 2097943980.7512
276 366 529286592.7816
266 79 1725797427.5029
285 122 1561224442.4545
71 326 1479881726.3339
291 287 823319408.1011
159 53 1390980531.6963
304 195 759766720.6702
140 292 1407555050.9300
218 64 2031486277.4757
436 117 458000613.7611
273 134 858886449.6192
426 445 454516822.5743
108 100 1293145712.1866
213 468 1957332936.2843
371 375 442933471.9732
142 340 155696454.7558
495 451 1688102322.1054
319 130 1120443992.2846
90 338 20496311.4395
291 317 2025152401.6622
217 193 1023690176.3695
36 404 1948273737.4968
461 53 1457904073.0998
13 382 1136826125.3004
138 299 1883378359.8740
103 9 1186474350.2583
341 240 290986304.8103
25 52 1144004631.2931
296 47 537748653.3677
92 41 586984941.4381
493 343 1366445478.4015
272 29 866104996.7010
500 51 620874371.5232
317 173 894145716.7651
44 386 382035791.9051
206 367 1472080712.0284
437 39 1876594714.2694
450 134 223390851.5863
298 217 1092434253.2302
328 200 1396108450.4474
147 191 674098364.1530
237 317 1567078743.0242
102 208 574768069.8039
460 144 1225573466.2150
280 226 1807615757.1123
478 67 205191236.9522
22 121 308279790.0446
259 379 1870203220.7973
99 246 1076124442.1550
111 295 830147533.9152
53 331 1451752509.3159
380 156 2104356772.3864
393 282 1808995768.6558
22 9 170042722.3303
314 186 2092563526.2414
499 300 897898716.9621
233 314 183676024.5524
299 216 53788006.6808
229 284 1781713141.9568
268 65 877726968.9197
158 370 321703755.3553
293 149 237575329.0083
49 330 573376305.6108
289 454 1010007403.5044
3 18 1007182122.1396
336 112 296115022.2348
57 215 716838162.1758
156 318 1152269148.0833
24 225 1356224537.0602
470 98 1868368005.1481
351 85 1739420110.8683
491 140 705318955.1410
331 30 819010034.9173
460 490 893565635.7872
123 35 434741466.9021
398 412 393418177.2373
31 13 1970929876.3729
177 98 1210709814.8113
469 208 2140165992.6536
267 212 282031122.5629
270 461 1095508240.8779
176 246 1178115624.9121
208 62 1295840948.0294
483 428 1319696521.2567
237 23 1331402005.7634
245 76 743392742.5028
191 134 883015368.2556
459 373 20305125.9066
303 446 1705077938.1874
70 151 1839546818.0361
66 58 1598546986.9557
126 120 470302249.9190
304 68 216675373.2391
484 473 1327227820.9038
458 382 1271503769.6963
172 207 1237464988.8149
37 124 1452982825.4644
339 391 129156938.6313
477 68 270982805.7449
430 111 1012103900.9869
466 82 189310726.3896
159 279 1990113099.8253
452 489 1221425277.3459
373 297 2058292902.7219
304 362 1873380680.0257
123 111 1459962308.5659
449 127 924782288.7613
495 184 463936481.0066
202 6 1750804800.1327
469 260 1093841025.7853
121 125 1054800946.1853
5 346 1323546102.7561
342 4 282037652.6710
418 21 798732713.9949
360 309 1788388819.1746
215 245 955737956.6477
410 467 1590199245.6563
31 493 1625278345.0650
397 276 2059544835.5515
377 264 1651064514.8087
358 145 502614211.2974
207 63 1819169801.1964
454 297 1226174175.2246
50 18 548332357.6224
127 201 792827861.4161
384 266 445020896.0234
84 192 863425264.4863
244 156 1067342777.3489
31 379 1430044458.5511
62 60 559182162.9021
486 185 824858569.6191
299 70 34296132.5511
231 75 412197190.8340
267 255 2026096867.7701
381 281 403546090.6986
14 133 1793763966.2908
277 89 1448671668.2238
287 139 29204885.9727
181 67 1776362646.5110
420 49 1887251537.9044
292 30 255439412.9393
155 230 4997338.4597
96 407 566495414.0098
192 255 1285209547.2225
224 294 1403875316.9049
95 290 1363827451.7982
33 252 200076669.1256
143 164 1412043206.5875
296 400 1392411515.2285
175 488 1484681710.4273
465 411 865272325.9214
283 171 2142742049.1407
491 453 855383293.4739
113 39 1397445029.2746
45 422 1181853266.2870
325 392 1970647913.9542
172 261 1742494656.4052
43 109 231170634.6096
246 6 1196079271.7891
29 37 123534490.9346
390 446 719337148.1699
497 41 1177096094.0804
80 71 324829570.5953
39 225 942751652.3119
246 324 1651800764.9362
12 407 236888123.4622
297 138 984281105.5972
338 177 1165619111.6761
436 422 1085990161.1754
487 311 748089410.3067
396 131 1306649923.6749
393 129 868125685.6939
69 15 1638762272.7845
292 420 1331184029.4228
359 135 601220179.9746
398 488 960097283.1564
198 181 780581844.3611
148 165 410660544.8577
112 106 1643051469.1753
289 372 1749765544.7102
291 476 442662515.4616
177 221 11625769.5709
211 470 1512777078.1681
407 144 322071271.1580
211 474 793625474.0901
224 158 769474972.4594
87 403 102351861.4610
189 496 1601352632.2432
145 61 1107127314.0802
62 341 1941107029.7506
127 347 1256195526.6842
238 159 241329383.9861
40 350 2091178972.4562
3 400 1851172401.3293
343 336 1503658475.3573
203 13 13936464.1178
76 182 604587450.1547
288 132 273666519.5363
114 255 328841794.5251
205 284 232171865.7462
358 411 1216880263.8085
390 242 976704731.4153
139 400 1542382248.1695
86 416 1804820020.2678
12 111 391921375.5875
272 176 2093099274.7890
305 337 295366870.9546
317 109 2065723311.9119
331 369 644757906.2317
81 277 2083588463.1809
222 441 941408494.4872
1 446 1877676046.5985
272 259 492660907.0991
324 367 1813642196.2915
181 158 845992298.4745
276 450 1366121265.9276
153 57 680720400.3068
253 181 1809727950.6447
223 245 1812596458.7957
268 417 1186236019.9492
289 249 1108626313.8577
438 290 2036372935.0566
351 208 438540535.8618
174 442 1972367789.4472
116 97 796492202.1726
189 468 470557374.9376
471 270 268912833.6476
349 1 577036990.8061
28 77 107463775.4707
108 363 1183354990.1115
298 326 1372208484.8014
352 380 120423818.4262
354 500 81281708.4951
67 106 1673034862.9686
220 464 518511471.8662
32 268 1445219063.3616
479 436 1651988247.0411
282 174 1972176020.9536
363 432 1448046653.3294
279 121 925945771.9731
349 248 1364998953.6976
55 77 419004716.1584
459 86 1409414174.9054
245 329 1642395841.8581
191 406 121990387.3924
137 222 1897196685.1615
205 332 1114863210.4553
266 68 767789766.4377
37 275 1425265883.2889
253 138 1648550086.9830
305 29 475852086.3199
144 271 1804097361.0890
375 313 394963645.5307
325 6 638342000.6569
168 456 937614139.4330
341 358 959621734.1202
243 233 1109162297.2995
104 425 567120471.2158
404 277 560250233.7354
209 278 1549568035.7607
393 480 308025696.5221
430 377 1221648713.0231
283 338 1493347891.7272
414 398 86466664.0390
417 471 1243631245.1402
398 93 757527079.9847
153 489 459642909.6286
111 220 1876488145.9169
368 324 1641735631.9057
491 262 319277109.9036
349 242 672706415.0353
74 149 334223764.1998
214 287 984209219.6569
130 138 1175005736.6661
390 405 1118933010.3691
314 25 2087442075.6700
68 174 1265606314.1619
208 467 241295222.4772
320 333 1853989750.2099
56 447 1304550913.4381
452 466 1498287248.5567
414 379 1570622019.0478
416 255 1521193771.3595
64 414 853164947.0022
424 135 628643737.9622
55 438 2137148228.2056
316 259 1023262474.9757
437 64 96399346.1546
163 449 560803843.6217
342 288 1879110066.3082
99 447 1404638903.1625
140 118 2045854638.4190
391 36 1905980096.6093
491 346 1395346548.7333
479 170 1380511483.9454
2 273 1391352839.2540
55 343 1703170404.4197
155 431 777499945.8388
137 128 1459465053.4038
8 360 1841909155.4617
130 260 145654059.1534
376 23 1589641129.2830
362 220 400480850.5537
12 143 2072326208.7173
208 236 23578194.1528
45 226 924538542.7149
63 459 2069452105.3043
314 430 716293639.2790
159 437 1268701289.8334
420 45 806478560.6144
55 123 1898331790.7055
414 481 757709335.3141
95 86 573205466.1332
300 416 272642013.6749
272 102 509272633.0465
293 297 811216669.2083
139 194 245984490.6095
20 413 728520389.2436
483 37 577187585.2777
287 148 1759710875.6327
56 44 2006756441.4738
62 291 617638415.7659
118 190 358612343.4808
7 110 1022170990.6197
64 170 36422281.7418
161 139 1097715220.3849
35 481 677360435.9879
273 51 794071072.4952
484 337 1887563379.7802
302 22 1180042057.4424
171 163 422663722.6976
284 453 1996270917.4675
419 376 564724533.7890
380 168 977452826.6345
94 121 1653040469.3244
460 395 781963503.7519
103 152 716946882.4270
482 407 588743055.9704
418 196 402848574.3791
215 360 180850100.6351
56 381 1253578648.1769
444 126 449610026.5805
57 221 2132476899.1863
375 309 488869397.3569
326 359 2077744523.5113
317 81 1538953223.3043
165 322 2030587016.3517
100 354 330250181.8435
327 326 1647617218.7539
381 390 1790627522.6960
258 239 1471216393.1839
91 388 1034123942.9730
283 43 1286246212.9589
50 368 1618498658.5354
7 284 69743414.2524
372 339 245173653.6562
251 79 57598785.1813
302 20 77605447.6065
8 212 381981581.8831
108 43 199351077.8368
135 165 1647424651.8105
208 443 1038400438.2830
402 92 1073721278.3513
327 368 573594885.6387
239 61 705196299.6956
344 172 2018674546.3341
327 195 575243612.0221
313 206 1471920583.0300
159 91 92093512.2396
469 145 1233590393.6748
230 217 1449996958.7289
181 148 293742266.6168
190 498 547271278.5549
226 240 677868762.5478
470 41 460781677.3302
61 499 612686225.5074
361 185 1804030264.0665
54 64 1145091285.2555
484 407 1489064060.4324
278 160 202413757.6055
86 70 1248658400.4433
278 99 204560633.8355
443 392 2167686.6891
188 231 199715642.2683
482 27 2066615358.0562
425 343 1295318739.3973
352 410 1463553013.0160
47 498 1390248148.1896
121 18 697966134.1648
368 194 825500209.0279
310 128 1122064639.5373
338 466 1525885072.4114
198 327 2120692117.6089
105 290 1920481912.7351
243 237 79441440.9658
178 469 1053752622.2740
323 197 1270859518.2776
483 397 433880826.3790
129 224 11874905.6906
124 331 2055552382.6058
132 250 927794514.5462
158 108 306479726.1282
216 3 875027258.3227
425 443 1334772039.1853
350 448 1583276662.1102
17 18 654000083.1550
133 131 771504231.8801
130 127 810151973.7912
442 298 1202670252.7316
348 485 1869919264.8864
300 230 1160691039.1124
436 254 786544250.5738
238 369 2004764429.4640
86 141 754966351.0821
7 387 1404447888.5540
268 256 1986166266.0444
10 207 271653602.3499
182 180 639262005.7574
456 237 2101803753.3909
470 313 467970449.4065
63 304 914290097.3907
437 134 1077140094.8698
453 188 465373780.5961
243 455 1739132905.7542
14 50 72988267.0262
259 313 1619828454.5632
215 306 246689577.9865
305 454 534041372.3137
330 6 926266514.0481
242 309 996057094.7325
482 278 498839175.6284
9 497 877968184.2516
154 39 1900099024.4396
290 47 1448762032.4056
443 267 1332277919.8797
143 244 462758042.0599
302 14 1816391413.9969
51 56 1305750172.1138
320 173 169345735.6899
125 423 111442344.7503
467 271 1538177041.1915
383 117 1258031921.9084
402 198 1152039491.0461
459 332 1900352818.2248
287 488 1614225536.4966
117 215 1819614897.4655
233 49 1137189835.8166
260 354 1883694637.3786
186 198 1244374057.2617
78 111 1761142326.5289
449 375 1880311461.5810
150 211 1993528230.2933
351 363 1962879941.7344
245 66 1425493130.0884
476 5 2118202940.6235
83 309 1936945007.7186
161 328 809446097.3724
495 330 822516706.0001
467 229 1788782610.2408
338 472 867602791.9501
472 342 1279495042.7393
55 300 483923567.8288
125 274 1625687737.5898
104 479 1891156223.1768
273 497 813549716.8942
116 403 1107654828.2825
170 426 953123242.3306
344 437 1139748381.5066
184 104 904416850.6756
297 458 23653719.8107
35 446 397977643.2665
308 186 1702934440.7436
490 443 1473638376.1290
187 69 857674662.8607
186 306 187723449.3369
54 419 26517100.8004
427 152 1585159522.0321
58 267 1800368562.2924
135 445 1456240320.5259
330 58 455886362.2374
366 119 1606143204.1805
45 122 633099078.7780
49 134 270894963.6824
115 494 903812913.9006
296 138 1116129720.5630
251 136 20272574.1222
368 33 1121428918.7000
396 106 162702527.5901
180 42 2017977846.1512
79 210 1479184957.0429
454 237 1160607668.4691
247 226 2090934328.9670
129 456 99142217.3845
101 382 232975187.2557
421 444 124694927.4196
38 472 415500252.5122
482 496 1369947795.6691
110 292 2014571165.3031
111 33 1508826185.4758
248 19 1100550469.1227
28 86 1259584412.0965
347 246 594359703.5716
33 383 1667215636.7337
281 368 165040542.6580
143 68 958136488.6373
151 457 1638535812.0026
284 44 1844493133.7219
246 226 1261956136.5998
442 113 443019391.4771
289 123 2143457611.0871
447 298 1761553993.2896
363 364 732621515.0002
389 254 244875278.8218
114 23 810647714.3353
6 43 2015294027.2394
291 319 928068866.1963
158 171 1577516009.5296
35 159 1240020805.2670
355 441 1151671664.4718
42 95 389665724.7819
423 317 438589976.2324
459 268 1934313907.9073
312 500 928972517.6757
361 471 1486784101.9875
41 422 943807917.0450
258 455 1975154925.9299
9 135 1486639132.3363
341 255 1641570571.3882
470 397 2094921583.3799
107 71 1986790745.3086
176 143 162156714.7246
174 78 1885421382.3537
25 270 747369462.9384
332 52 861997761.4821
118 360 132392897.7250
469 72 1012319394.1008
468 355 54105607.6627
284 147 49454297.7420
254 216 1435019988.6634
135 421 345929020.4633
320 129 2011921284.2831
166 123 1280750552.5196
488 354 275047298.1620
35 68 830524919.9796
263 313 1145425334.5268
131 79 990484256.6559
215 69 658744211.8156
204 59 376514381.1433
395 62 922859407.3810
445 347 1790135514.2821
241 46 1788776293.2083
68 330 897999265.9685
172 424 342835099.2770
61 45 2098181900.7848
9 366 823918703.8366
234 107 2146514582.0712
185 133 1250921605.0056
141 462 275970112.3560
203 207 2073838117.2675
41 121 2145525588.2731
237 239 1589196820.4416
287 462 880723101.6084
485 380 401524461.9351
24 22 1896009048.7331
309 244 2051945922.6145
472 131 1495882096.3887
185 364 758562471.7069
193 23 152803336.5026
244 129 1346161201.9451
361 468 573847111.2959
138 265 1373048934.1006
325 134 331438954.8967
447 306 669732854.3943
419 235 1012634421.9693
341 263 1320807005.5820
120 61 1704536362.7163
142 48 1943815409.1432
372 288 1352052332.0280
35 343 2085077960.7281
485 453 1872278251.4301
139 404 1185114930.0431
260 237 1318337389.6492
8 303 970922687.2718
338 430 556891054.8955
404 316 1876698917.4263
471 481 254811217.8927
30 397 1805792351.7991
344 40 1150411253.9503
386 60 603979374.6380
457 18 2068074317.9794
286 164 1704170388.2097
223 480 1080210848.3554
443 410 340279593.8122
485 186 86346564.0903
307 1 1793059823.1343
284 459 2132817384.3714
178 120 1726277150.2927
444 290 1497300468.3787
49 270 1004357096.7507
227 126 168266723.2017
260 443 1172442042.0908
292 139 941593661.3857
330 14 331310637.3527
76 354 1934492044.8133
491 25 829899868.2592
493 179 197073071.9572
441 75 1413668599.7356
23 69 555990269.6547
178 327 93406235.8420
239 383 1429290988.9380
481 30 537513507.4746
145 258 1633195737.3023
359 237 1681498011.9849
305 260 236642343.7375
44 2 490782084.0192
390 218 756288721.5128
361 328 1577253379.3781
197 51 1829548046.7580
1 281 1410840296.5425
353 437 811285338.2100
354 168 1764805072.8901
52 314 1538317221.1607
432 178 323001887.9299
107 133 1486804161.9236
68 290 2119338861.5279
347 461 1038793440.6333
450 39 96883306.8687
303 460 1971315240.1163
484 398 826866454.3414
18 76 1759980821.0740
473 248 460370758.8167
249 364 101697660.4276
32 307 591560511.2547
277 384 345050518.7496
292 153 764287976.7341
113 173 1617173711.9902
438 341 165930557.4060
53 360 2024941959.2511
448 231 69099685.9735
291 474 1869375490.6035
331 80 468028323.2881
138 465 338817860.7715
468 311 1849212362.0086
300 21 2144898059.2945
70 119 1325766643.0703
177 294 1415137889.0033
466 29 1505543211.2177
98 32 2015033109.7435
159 28 1939231111.4047
475 231 996677922.9271
381 195 1834196276.9327
343 406 1602108277.3079
53 398 512512510.9278
260 420 217007140.5369
60 480 1468007800.9411
254 135 529370738.5006
95 476 744240392.6501
113 112 1270372228.5619
164 418 1482200998.0482
100 395 1722927457.1304
117 176 825674210.6229
192 136 2049175379.0693
2 100 1728819455.8047
494 134 2067864868.0709
93 253 1067126494.3172
444 399 84598964.8963
193 161 1493227896.9293
420 314 284804973.3890
250 443 893800440.4001
431 4 1279806436.4316
287 249 1846098939.6501
275 279 1162620751.1041
128 340 251108041.4566
111 212 2044959698.0155
96 219 1731520443.6312
197 377 718221453.7212
409 240 937818058.9979
57 439 1091032029.7900
170 214 1361979793.4367
497 486 1034115479.3809
462 336 1169595855.0864
29 12 955728507.8424
414 114 1353574860.1738
167 456 1364244404.5890
320 479 1062586349.4277
132 320 881425780.2364
25 245 1750937680.0457
222 145 1379888389.1637
391 89 2047015697.7823
376 396 1635509366.1042
444 344 227425553.8569
445 165 591215072.7185
71 493 1878932880.3197
390 225 1455418616.9094
60 465 1687434729.6802
215 489 403774846.7806
50 377 914025159.3063
370 147 576326646.6452
164 273 536709718.8827
456 297 895477607.2884
318 106 1448870899.6067
135 56 1587204966.0767
63 106 1902979160.0363
292 482 99661079.4117
387 64 444581295.8078
458 241 63551836.9408
178 184 1509433548.1492
33 483 2130915188.4607
347 230 1470161027.4749
57 6 1861584826.5260
28 227 1474849348.6400
105 61 1701846916.9477
443 2 1560570459.1886
118 359 1889709437.0766
80 337 1687582547.9187
418 272 1145941386.2071
430 203 354186943.4688
122 196 819813440.1539
438 96 845045361.9682
484 317 1290774892.5508
147 382 1955127414.9432
189 415 1784650420.7635
373 381 1556541422.9125
380 70 1121693660.6405
195 205 2034515063.8970
340 90 797571762.0557
356 491 1357952030.9505
52 235 129887945.1198
365 451 1128859176.4799
207 467 1048865122.6529
449 110 1307294313.0547
415 453 1832139455.8907
234 15 999980080.0691
70 230 1527130786.9546
459 313 1208461372.0111
204 97 1857006221.3880
64 498 1346563707.1741
489 199 1091004728.8633
40 246 1153505712.2052
438 330 1992569900.7057
346 293 1592377678.8616
174 391 1095384612.9427
224 324 1035434524.8444
294 497 1250582473.0164
141 333 15503207.5692
51 321 965453352.8912
189 200 879755106.6252
252 297 1527541141.2155
340 22 1928118117.6309
281 155 588331951.0354
90 75 1834966713.5369
241 344 1460509561.0265
361 358 1587411360.4491
213 460 756847017.8629
22 81 1584209853.4797
422 109 1963578096.9105
85 342 1819771802.7507
256 199 1355354159.4215
244 38 1348924445.6554
143 145 75632659.4460
136 225 617890400.4186
74 404 426949027.7859
449 314 931193389.3294
134 207 2042133418.5616
276 49 967572137.8665
68 163 448144402.9305
277 266 1900003951.8120
29 327 296495876.3284
107 52 1286706487.3645
272 213 1956122672.4400
39 251 1986912081.4217
340 359 1811831545.9800
351 359 25408899.6474
222 298 193705924.7444
170 448 1030032053.3479
484 44 1486272763.3722
379 214 349995633.4495
468 119 402937669.2858
55 196 576239473.2865
1 510 256 532 470 794 933 957 981 785 674 622 478 639 533 358 725 887 37 539 789 971 508 413 299 21 140 955 290 699 149 998 61 359 568 593 528 778 283 740 746 332 729 242 971 364 561 605 264 770 614 791 175 503 863 250 755 15 688 500
1 388 193 357 708 545 205 277 509 141 259 688 667 692 324 684 877 72 866 512 239 940 891 899 223 338 201 970 472 846 434 941 195 27 34 205 615 724 691 43 23 745 407 622 20 439 577 780 450 888 607 448 770 768 884 270 511 982 178 620 391 248 576 772 132 901 518 945 116 283 946 192 904 894 669 271 129 623 658 710 149 973 648 619 820 613 901 732 864 481 748 234 753 819 538 474 673 803 129 685 355 711 326 514 158 301 709 983 694 45 418 866 665 76 694 602 971 987 446 744 695 825 576 860 933 849 958 879 515 666 273 1 558 714 197 746 52 241 218 527 323 807 175 524 32 614 939 415 888 651 789 571 254 566 185 932 539 24 118 843 114 993 639 584 848 703 873 327 69 612 76 654 778 922 72 879 903 720 960 613 825 555 528 230 859 265 111 694 635 81 465 721 347 637 136 578 989 25 729 939 673 703 333 502 42 805 265 634 534 523 503 550 15 247 609 865 190 885 135 334 326 599 457 716 666 549 122 775 344 783 985 597 813 689 293 342 416 65 989 140 694 471 546 209 826 346 262 89 519 269 954 180 390 685 803 678 892 647 519 224 732 555 204 564 883 926 606 497 530 550 129 861 674 871 419 947 49 901 22 58 714 322 629 428 608 622 456 743 721 888 195 136 300 545 744 338 545 949 196 722 523 938 175 195 865 803 846 643 992 35 601 914 157 206 895 23 770 166 191 320 381 325 427 865 533 88 995 342 905 753 669 479 316 748 378 683 460 19 273 565 37 665 490 428 843 784 46 549 530 743 769 210 918 318 371 334 751 50 577 404 946 83 27 629 124 845 279 251 969 969 538 40 587 857 443 568 482 498 589 302 30 996 915 666 852 3 529 621 338 744 790 484 686 229 166 497 252 894 305 659 651 745 444 705 671 26 715 456 798 805 649 463 720 557 585 331 442 110 552 267 176 455 952 857 290 715 860 523 319 629 439 785 842 524 742 160 825 552 185 840 330 530 320 38 800 680 364 944 300 463 852 4 653 893 851 300 627 420 873 360 706 41 917 226 763 711 622 175 849 572 372 418 504 105 611 960 978 757 466 864 141 781 189 878 569 327 592 922 562 883 748 441 966 756 865 124 778 414 772 63 869 580 315 717 432 325 641 275 542 611 440 908 259 487 256 641 405 550 835 616 842 346 801 217 963 1 119 636 60 823 311 831 509 44 678 875 937 459 844 958 41 165 970 323 721 896 34 759 712 289 476 609 228 497 224 699 474 381 861 812 646 415 842 975 437 464 863 276 425 893 816 794 83 549 381 744 868 340 981 413 933 945 282 934 219 258 128 640 627 726 184 924 520 843 975 840 800 850 743 944 384 175 658 353 575 727 889 472 316 568 457 492 995 499 942 506 622 319 735 441 969 294 754 849 997 597 289 869 954 724 238 682 219 183 963 717 733 426 852 685 70 999 773 282 848 456 455 288 959 435 624 466 750 290 941 439 389 404 669 172 667 936 25 828 46 616 890 348 8 892 650 880 550 278 109 946 216 566 781 879 273 596 762 161 688 375 515 299 833 771 410 152 669 229 637 283 657 155 967 390 578 199 896 703 585 467 117 137 49 920 198 976 804 583 862 70 682 239 816 924 598 954 544 500 917 783 397 280 789 173 11 678 624 25 984 921 187 225 128 640 260 803 440 725 748 163 647 258 394 853 28 859 268 157 955 954 914 490 602 611 290 838 391 973 701 529 525 270 569 135 993 381 982 645 406 756 710 58 956 70 129 896 840 404 593 395 316 583 945 216 556 793 961 627 688 806 132 395 818 606 888 113 546 744 115 115 436 43 736 863 170 969 358 816 605 965 72 193 462 133 220 956 166 148 60 146 926 900 530 744 625 792 549 587 605 657 77 528 285 180 542 250 856 589 743 772 155 770 695 851 712 93 235 750 203 844 952 548 718 640 915 473 538 655 698 238 792 755 364 414 84 828 210 984 260 646 283 640 33 685 674 375 9 929 294 199 587 820 359 982 439 645 955 390 578 689 327 470 4 599 149 793 850 789 423 500
1 176 286 866 254 107 862 749 266 803 312 419 156 493 779 651 352 501 864 630 378 661 564 409 377 692 832 353 729 711 361 492 720 807 22 208 864 796 72 346 901 408 817 135 469 314 742 398 118 626 76 527 421 193 872 950 168 880 893 723 807 83 681 87 84 794 721 635 267 170 528 581 502 884 483 946 880 626 892 31 550 57 655 500 950 13 421 774 565 77 657 240 23 781 717 861 122 678 565 672 613 678 808 574 234 897 371 88 259 191 705 131 705 274 510 862 310 766 365 876 944 787 982 871 197 956 297 195 720 493 627 499 220 348 516 246 853 831 946 180 230 669 978 116 705 122 363 761 485 43 745 139 666 489 661 843 689 679 856 934 836 756 901 818 515 811 640 771 982 625 420 778 732 231 973 419 485 236 537 842 810 620 196 943 254 581 116 714 659 255 762 887 357 452 60 956 435 367 373 622 449 70 209 823 94 869 74 429 844 952 526 243 843 133 648 692 379 248 734 431 458 675 207 547 311 626 403 511 589 337 131 669 641 338 677 279 315 774 745 391 211 215 605 668 178 174 579 636 898 861 395 520 616 225 668 383 936 222 643 301 829 934 624 192 974 58 660 468 969 552 438 298 727 164 951 579 388 240 749 132 939 567 167 594 229 572 493 841 910 241 294 933 986 586 889 222 855 983 831 13 593 472 640 152 201 633 46 925 263 507 57 663 621 402 578 443 721 402 393 500 277 170 787 200 303 741 194 652 166 270 851 704 287 937 297 600 97 998 76 651 739 624 426 930 580 283 430 423 851 30 250 888 582 512 792 56 948 259 621 565 992 295 601 746 320 996 913 168 613 308 335 513 815 745 589 921 703 314 186 556 396 794 787 827 364 31 940 413 466 660 880 405 232 600 964 469 542 478 819 831 733 580 70 572 799 579 987 959 294 563 704 564 973 446 648 287 505 585 881 278 808 26 486 375 350 265 717 161 500
1 686 731 131 172 431 52 837 211 586 848 779 76 309 727 673 227 731 289 481 715 172 837 870 852 22 816 829 816 814 187 1000 462 647 868 970 599 865 793 643 253 791 691 170 880 849 131 874 137 101 806 835 511 515 659 150 669 376 877 414 527 916 184 744 765 799 735 96 828 731 760 25 529 210 453 329 105 750 316 431 124 867 109 731 611 256 338 751 357 990 7 323 818 160 556 592 634 939 191 342 288 631 42 50 843 514 130 928 693 859 500 976 919 605 722 342 677 515 11 100 998 360 955 991 373 678 840 18 881 479 961 510 574 318 722 633 601 428 522 289 922 959 502 228 601 359 69 560 145 947 749 526 974 612 298 899 94 153 683 1000 274 612 751 795 236 432 212 783 166 147 412 612 998 795 780 74 646 740 518 569 797 456 745 888 399 143 937 599 932 509 123 785 623 811 683 91 557 637 694 638 478 679 558 360 282 160 173 580 108 73 838 470 102 34 976 278 667 304 330 597 113 655 791 645 135 472 558 210 495 914 413 581 909 908 811 200 625 706 843 840 7 683 641 966 708 859 510 416 956 955 191 971 64 190 782 763 837 288 465 566 249 914 715 566 994 657 673 584 637 275 579 230 260 413 572 303 715 550 423 985 208 550 919 666 842 965 561 8 723 653 949 798 335 733 461 556 924 94 141 745 31 693 132 595 699 783 464 600 974 587 642 390 964 454 215 622 263 855 683 374 821 662 923 384 992 363 893 229 885 226 757 45 91 808 990 651 120 678 902 872 893 530 332 641 950 621 271 307 271 104 709 87 490 775 850 719 274 426 621 935 318 724 920 463 709 846 184 876 435 553 294 893 526 579 569 745 13 158 807 808 523 287 14 978 968 44 999 587 967 229 814 294 816 544 167 926 132 497 691 347 742 132 618 848 882 79 543 905 950 551 586 209 840 748 969 199 688 296 893 952 253 48 182 503 623 740 56 749 865 962 225 395 3 493 75 990 190 535 185 300 785 409 287 93 686 324 841 525 906 10 174 791 179 955 357 822 117 864 523 723 891 296 871 811 521 323 488 544 820 669 703 802 813 38 626 999 861 877 744 739 873 746 1000 504 48 486 322 775 804 155 175 381 722 551 268 797 987 734 963 564 859 870 567 611 885 417 711 60 569 520 230 540 362 753 512 394 522 166 671 767 329 983 646 714 344 814 565 14 677 190 41 21 875 606 338 392 566 746 927 954 761 995 495 830 303 486 593 649 305 694 925 517 279 760 952 325 226 39 940 75 339 767 956 399 740 942 328 519 464 449 17 322 977 459 813 899 975 81 948 993 490 519 267 77 649 107 580 332 877 821 436 304 668 495 671 474 486 962 182 881 924 418 768 304 739 455 955 95 600 523 974 494 585 669 49 21 180 910 903 945 447 151 899 763 229 795 327 509 561 11 376 753 883 403 967 613 695 650 122 948 714 469 445 682 977 172 753 550 789 129 698 593 86 860 338 731 389 696 853 730 412 842 849 964 621 825 27 200 874 508 666 219 319 501 235 924 743 531 120 601 911 659 116 406 127 981 951 968 284 157 789 737 561 900 340 459 24 915 602 444 785 549 623 594 45 606 652 821 905 773 495 675 521 950 585 74 822 402 235 705 564 553 533 315 831 807 434 614 203 705 327 564 801 2 425 294 282 310 356 851 526 898 479 825 809 384 622 112 929 427 497 845 862 464 797 977 732 247 157 804 244 728 651 690 574 384 106 648 390 584 656 128 946 234 214 268 400 889 212 603 936 912 749 207 680 73 902 787 259 522 675 10 633 944 385 808 908 106 679 763 530 597 878 17 553 480 533 93 274 685 637 58 404 101 290 345 772 178 734 686 78 874 268 105 509 400 651 382 634 730 416 268 571 452 842 134 144 757 871 492 502 590 387 662 677 312 980 563 843 18 80 975 599 419 628 86 431 567 830 130 740 150 659 267 907 471 470 635 537 450 632 195 871 170 810 280 329 60 382 980 417 70 203 823 184 918 196 564 416 997 424 132 922 511 492 549 123 604 856 615 46 620 151 412 745 10 891 794 302 857 115 745 239 220 101 945 619 763 593 413 577 248 677 781 61 136 127 221 472 558 927 977 569 593 959 724 873 221 680 254 500
1 384 266 277 89 148 165 376 165 135 56 500 
1 
1 
1 
1 
1 
1 
1 
1 
1 
1 
1 
1 
1 
1 
1 
1 
1 
1 
1 
1 
1 
1 
1 
1 
1 
1 
1 
1 
1 
1 
1 
1 
1 
1 
1 
1 
1 
1 
1 
1 
1 
1 
1 
1 
1 
