200 1000 25
145 116 465596489.1439
65 154 396617150.0689
184 75 552137318.9347
76 158 2068514695.9539
14 97 1856388773.4076
144 83 1027568534.9966
94 135 178858459.7340
58 160 1282824664.0943
191 178 1227052822.5315
179 39 1170803940.0347
77 197 1482510242.9684
72 140 329468224.5338
28 104 728145323.6348
195 196 992730385.2273
40 166 483303609.5170
198 185 1899625822.8037
174 167 424648879.7453
46 16 505098428.3201
41 189 844962562.6390
150 105 284917248.2303
138 119 91608533.6069
45 10 1238253001.4785
23 45 1183421533.8073
114 7 2144761307.7318
24 127 1118210568.8935
34 155 497604737.0005
141 169 707355924.0979
56 177 415711518.2109
130 11 1256420176.8312
126 128 1257338108.3118
55 46 2009833456.7369
150 158 1443353009.9275
65 90 149806116.5260
134 5 2120482096.3024
87 190 1972699739.6312
115 88 878968227.6282
182 162 1211801929.7846
23 181 1397588954.4736
157 182 504372292.8997
81 117 2098303231.4260
139 188 725098464.1460
100 147 313539761.2551
199 136 623207864.8583
145 88 1222696721.4012
92 181 1793049671.5512
55 16 614912504.2427
189 21 438270373.2291
48 102 564938766.9382
63 84 1629409837.2485
144 104 20760176.2842
178 29 2031797591.5683
83 36 1320502472.1972
176 185 1102245817.2715
77 62 928489909.8942
159 108 592666004.0143
141 61 1938102319.6250
86 85 193681041.7620
146 14 269005271.2524
147 90 2097716670.3343
76 46 752427484.3495
169 156 1841075441.1351
2 142 1550250249.0797
49 118 2089281755.3426
166 9 2120739833.8054
44 61 974292849.9258
149 166 1162780987.8352
31 97 246044072.8182
73 43 970349555.3261
119 100 240197179.2106
99 189 1661660235.2640
133 41 658218790.4560
178 8 1728335521.6714
14 171 1661891185.4517
115 76 2032641690.3180
151 198 1089731864.4257
145 167 563599253.6140
181 64 142095121.1353
180 5 1981672040.7407
124 108 1097507447.1002
19 150 1384197715.1528
49 150 110721027.0355
106 182 1699960243.5987
121 113 2117039151.0573
106 187 1436561405.9761
194 12 90060529.6237
12 28 725942874.7529
110 11 2063700468.5312
131 30 561325366.6887
19 84 1603950987.0739
123 56 372787595.1607
66 72 754274386.7441
52 72 864752712.9541
107 57 1800650426.6336
46 1 2086455954.7102
70 173 1375820881.0007
139 45 624289526.5869
68 180 1703833096.6585
134 128 1600210348.5410
148 199 1016873332.3765
13 63 1400572211.7859
165 94 1215299919.4259
142 200 1847528047.0870
101 184 1583350260.2955
45 7 1635616798.4469
5 104 1283086918.0180
118 37 2020824015.1681
55 17 554578857.4650
98 43 576736399.9043
141 30 1748787760.9294
189 62 1042239446.9515
196 182 141574913.8021
41 113 1485431115.9747
36 65 355564195.5641
123 139 636925401.4309
166 44 157781666.6638
31 173 874815165.5055
149 66 626089647.4785
89 140 936248534.0398
35 197 1788026473.7897
94 189 923936554.9320
65 47 565776632.9711
178 126 206396168.5156
147 135 822562592.2602
42 89 2049505610.8532
79 40 1392650873.8296
163 13 385654097.0777
171 114 1327673419.3367
117 69 1038401239.7235
79 185 2051164989.6386
33 132 1170042578.8239
131 171 1765026930.0024
8 53 1839882461.8443
102 136 421734079.8671
2 156 311156848.5667
2 107 1983125455.1026
125 131 233049112.1625
147 161 1445953282.0467
169 122 1036838163.7518
30 74 1374520541.2607
169 13 2037015357.0541
39 109 331299935.2587
55 41 1774248937.9162
14 124 1026993263.4427
193 106 1174211268.7061
185 123 799967450.2827
22 133 775470389.9597
62 49 777445493.0134
169 18 23520368.5494
49 116 1803611918.4548
140 31 1690154293.0487
152 141 1483177055.0132
71 182 295153983.6486
135 71 2097721772.7899
183 155 1385595410.4695
176 1 178506373.8638
47 126 1956128802.3930
72 49 1907103078.6143
190 178 1446288861.2212
54 196 1394621033.8567
10 182 2016560336.6534
23 142 1365795419.3741
155 8 49836538.0639
198 124 2125837871.1024
195 136 993109503.9866
145 64 68315686.9377
107 47 1473340476.7656
139 32 1481596219.1731
103 187 647949161.6067
152 103 1218623828.0550
4 196 319784929.5824
81 112 2074550041.9596
51 123 1065086828.2695
68 196 870626585.4674
81 114 1080037331.4218
136 11 223882999.7640
101 36 1875916591.0125
188 80 1720430078.9237
93 106 2138307568.7832
167 4 1001537182.3599
106 188 485761883.9849
55 29 879086282.7243
99 10 2022492085.1208
197 104 90928439.1245
142 107 798038617.0594
28 118 1174905872.2047
105 13 1950078846.3169
163 108 1358610735.9745
29 129 2123397152.1956
138 8 2116157294.9446
196 107 888164880.6145
75 32 1517788631.4213
101 91 609093699.2369
39 178 1912785284.4585
190 163 2138561849.4631
194 34 705219506.8581
92 7 375629184.2830
30 118 1602322416.4431
102 35 1672019921.2443
36 84 111363536.2020
37 121 1761021805.3170
154 17 1179918188.3162
188 162 1682483063.6813
157 127 229871309.4073
172 25 453787420.9457
74 85 1257470967.5237
187 31 789613915.2972
133 26 1919212518.2434
136 45 82697446.2596
14 57 1818917658.3789
45 100 92056364.7310
37 131 2053957661.1413
55 199 2036137052.6786
38 133 31200650.2046
154 94 716688834.1551
56 109 2069583779.9220
13 136 1470422067.3835
87 118 908964737.3402
156 78 277289838.7296
155 11 2050612154.1200
27 139 832907977.4348
193 93 1729502678.8070
162 127 1030148180.7172
35 79 1615601582.0153
7 22 965553865.4032
108 36 1151205448.3457
128 42 19492739.5366
24 98 1382295012.6553
90 56 2018276676.1556
81 194 1964772392.9619
75 53 1420480077.5830
192 170 706959525.4760
161 118 1540711376.0030
73 130 1104072622.6140
176 89 67883814.7624
99 69 189114083.3843
200 116 2079982398.0225
58 172 1131059705.6094
94 166 155677463.2004
123 108 988109807.3074
11 189 436140383.7144
66 37 1611071018.7977
197 118 1101066101.4713
130 159 842875708.3329
25 21 103804999.9740
46 88 1190719817.9031
45 114 571505610.6939
98 22 298970509.1795
81 13 766406967.2828
15 17 278930193.0646
190 142 619128123.3902
173 113 689098039.0948
177 88 1545540981.4063
161 28 1288755618.7065
32 120 206287446.9795
68 28 371737054.9120
196 156 440595900.2489
182 156 61797946.6620
165 56 1334530307.4223
183 38 44559703.4290
92 93 1102262366.8452
153 128 269308182.4053
140 104 1507788966.5448
70 86 213870469.8572
134 199 845663968.1040
71 122 1920198303.9957
108 121 167858465.3267
83 178 1628915322.9935
37 86 1855923429.4235
119 96 1211729634.1130
156 146 1954028077.2238
189 64 1483287753.7164
91 47 171968755.4422
1 78 1545377861.6072
119 142 12663452.5130
97 47 1544622593.5216
34 164 2029747320.8067
197 7 2138731584.1712
162 103 1151410086.5259
163 146 966557864.8856
13 187 1055747725.6814
85 120 264275522.3676
145 168 2112816053.1535
166 22 1797408397.8009
194 170 1745706270.5956
67 16 1117446500.0152
132 61 889962990.0613
132 62 2132197763.2810
167 133 523657677.5001
93 52 1763294682.3897
38 187 1410115773.7863
45 190 506721777.9659
136 24 2145404325.1614
22 11 1060956687.6114
114 70 1069533427.3464
57 21 1222976228.9594
28 83 1410036899.9791
61 45 385496308.5402
45 194 590160601.6394
174 40 478497456.2879
55 89 1646091094.2886
167 96 176679492.0711
124 199 212251127.3003
186 196 109790292.3819
85 1 2074323456.7787
5 78 1403425523.4318
63 70 2038904207.6468
192 45 1311720849.7023
108 110 1462759337.1642
75 96 130445101.6089
133 34 1023816174.2137
139 71 938831453.3695
10 191 1592835762.1351
29 22 1758710863.9962
133 156 374631907.7386
146 15 1626146034.2881
149 72 1980419067.4673
67 121 1015880394.9499
55 7 709199360.0287
72 135 1300868011.3502
29 188 521377642.3500
25 53 1981122625.9591
177 68 679332923.5561
193 197 570445408.9071
75 170 1113946691.3459
2 199 124912336.4811
80 125 389600802.3416
85 189 672555449.7805
50 8 36194245.1576
94 101 1196408059.6114
113 183 361172630.7195
100 59 326640782.2200
143 79 947460303.5129
47 144 1387582865.5969
106 146 82076178.6891
17 186 1122015580.8923
3 96 1398313491.0484
152 180 15590.7873
162 84 422756391.6708
4 97 446043028.7155
138 139 714084288.1709
81 96 1417468305.8703
83 136 2134370627.5135
102 1 603343082.4272
132 77 2003513137.0755
65 92 363934013.3746
43 122 1949047754.0597
46 83 2130367313.0252
100 12 2095496411.1507
42 88 1773500364.6561
76 135 1951452901.4691
117 73 1032118931.2162
53 161 403210813.1305
167 62 1040836253.9263
127 95 701277703.5134
5 1 32103921.0743
4 50 1687464045.4555
87 109 16861662.8978
97 164 694194281.8018
27 116 809041309.1969
172 112 1668766571.4057
92 62 751834271.5924
191 100 1811813333.8536
114 94 1706694840.5809
142 62 2028219087.0950
74 115 1274523130.6323
108 5 1408788109.7474
175 198 1897791119.2863
73 145 86956819.9947
179 92 390311568.9875
167 23 401480169.1478
133 30 1652835799.1230
45 24 116746478.1525
147 87 403904342.9220
60 83 1684192976.9251
50 79 1547995612.7108
49 167 291854237.4131
115 69 389370784.3775
103 4 947654799.3831
70 33 921035340.9791
181 77 373753403.3013
139 26 1104078840.2087
26 95 168714766.3911
105 62 1624639737.1394
118 153 975454476.9178
76 143 1792910949.2172
22 12 1999346908.3005
116 18 689176605.2948
164 176 858300331.3560
57 130 1683158716.7487
25 7 360820215.1219
179 90 383713893.5840
134 125 995531784.0328
50 24 537278507.8760
48 93 754900850.7564
50 152 2070103860.4077
72 104 1086112789.2242
33 65 1901000864.7657
171 185 965932553.5436
161 193 1432798832.2531
154 26 1867973425.2112
167 52 1719845160.9143
181 94 623039752.4138
126 30 1955354735.4786
77 30 995850933.3688
19 42 1201043048.5640
88 66 2102420248.1368
77 120 369583590.5032
59 32 234085135.6462
186 45 510067229.4408
21 200 1407466660.5913
17 200 833363653.4469
9 78 825197835.9826
165 177 1073197251.9742
27 40 1362496866.1758
24 14 809626917.8892
12 79 109065656.3425
134 36 419792504.9269
185 32 809028185.1455
97 106 337199279.9823
138 91 2029716907.5157
54 104 67632514.2735
55 100 1281226871.3798
60 2 1166675267.6224
64 101 430996475.6588
150 100 522755667.3924
64 18 315509974.2205
96 24 1106272169.2913
21 33 880811991.4311
95 52 1978258923.6310
134 78 1517462771.4635
34 57 2108974012.5319
5 68 1476143437.9507
81 132 1628468541.9195
160 158 1490390305.2881
75 81 900377098.6723
55 167 534470547.6927
161 154 738150763.7364
23 186 118634609.3980
80 30 132179988.7488
166 129 993553247.2016
64 178 116055118.5954
165 84 1848511420.4258
89 86 800157055.5339
95 30 870025352.3646
152 178 1142051398.2807
5 194 1002101202.7999
98 140 1932658571.4910
19 10 687355800.2532
111 5 1265929608.8130
47 164 1991909418.7029
134 94 563794686.3130
58 142 530128657.0516
40 69 1447619140.7505
136 97 195954893.6919
74 2 268982647.1286
155 127 799764996.7075
91 54 810925444.1636
62 131 1650089512.1810
86 138 1064436274.9944
27 180 1452357243.4801
181 164 830987567.8891
195 152 858687422.3412
71 85 1935791903.4405
64 174 2134532078.9424
114 91 407197598.4961
175 96 1890605504.4786
156 96 1331302735.7786
179 133 196899492.4876
151 173 1738124836.7844
189 75 2013489821.6472
155 14 1063379012.2296
183 106 2064026296.4884
151 54 696520451.9201
165 143 2027091760.6832
81 146 1887690001.1985
76 178 1641734932.1097
99 50 250729327.5599
116 59 1502105160.2544
137 54 1338990370.2466
79 83 1614195461.9625
3 170 1264711838.4226
114 12 1735765625.1933
75 118 105003187.2072
25 49 1071432453.7885
13 31 687209082.1670
35 140 2017219920.6543
118 1 953241524.5320
60 195 1075611672.8886
53 40 1471868236.0622
13 195 1872460270.5827
100 197 998668272.5179
179 112 727637713.7364
69 34 1076612876.1443
200 189 833364371.1289
97 88 1806373404.0166
125 146 1420051658.4642
97 192 1486337090.8312
20 71 1163210556.3854
70 47 1028789377.9459
14 33 255532955.3345
192 68 795037199.8055
172 130 1008261347.3674
140 27 1908131555.1558
73 127 180453408.6862
16 184 1184296798.2217
47 37 242444144.3005
98 32 753665913.7904
166 117 1229937413.5604
75 141 1311971485.1194
114 97 858149339.3098
1 51 242366951.2306
98 8 223851134.6891
73 177 1296943454.7646
147 104 139297604.4034
126 123 1249169597.5962
1 140 981871943.1751
20 137 537514956.1357
124 136 1022413990.5958
35 198 590203029.4799
71 150 464531306.7882
51 29 835793642.3964
26 164 670730894.8844
183 5 1840113821.6853
192 117 1440801632.0757
26 104 163469210.5945
2 96 1093415594.8563
176 55 1786097294.6847
45 107 1371917270.3647
76 9 1692470730.6499
13 32 2135392785.9309
143 71 621391590.9866
90 85 282078800.3663
102 43 641492257.7477
134 196 2064297684.2906
7 98 517215097.5279
170 181 1102047373.9448
4 145 174762524.2212
9 133 1426413318.5944
196 17 117447789.4734
158 105 1676863304.8933
121 152 794245475.8521
69 153 1476470184.2705
97 10 2089288686.6349
123 62 2091056931.5067
180 100 1208284421.9213
74 49 959170400.0133
188 98 127376814.0408
5 102 2064707137.9178
86 27 1046537532.4396
112 33 1960514656.0959
154 36 1647685753.4473
178 163 1420675591.7450
28 62 515458662.7077
7 155 805538697.7574
38 47 1111537965.4405
7 82 1989174277.2353
91 111 320396046.7021
115 153 1680078547.3924
49 170 784788888.0656
143 150 295014574.6673
68 86 1287481286.7022
38 51 1589143752.7555
167 44 1432703044.7707
159 135 164574550.6797
16 71 1618178971.9032
27 173 1591646351.8828
36 94 953570956.2476
20 59 328017302.4574
24 15 701882572.1637
192 174 1022147543.7307
143 46 2036999124.7191
106 43 1773506056.1734
96 63 1775219791.3028
101 149 1215556283.8643
148 78 2063931715.8704
104 27 243186313.1768
9 125 929215082.7572
30 114 1534950359.7841
154 108 1082749731.3113
52 104 1905066024.6224
72 31 1057550573.7865
10 186 578220578.2319
148 3 1251752638.9671
187 152 75071726.6901
37 142 759937796.6076
189 49 1781299384.3484
62 141 232013781.9208
17 19 808835119.7215
61 114 658013139.6455
134 25 1540372074.1612
79 78 818239768.6923
113 132 1797670386.7758
73 75 1111177980.2900
145 131 794766958.9107
36 28 941795611.2109
138 198 23691698.6493
47 36 1176257297.7997
99 39 1425559710.8983
96 65 933441910.3718
1 18 804825492.3195
50 174 338726507.9797
88 48 1650355613.7225
191 32 430997415.0408
195 147 1078277721.3331
124 134 594669612.7996
198 85 509804788.0147
41 74 1582244209.9780
132 104 77989865.9791
115 110 777900888.5299
93 83 2090101881.0074
114 154 967541825.2979
60 5 427587111.6485
136 44 1297938071.5427
49 122 507591325.2536
108 3 1378401599.0391
148 1 875786501.3690
152 39 1270773281.2678
52 48 432442533.3564
59 157 1307626150.1480
192 35 1626765272.0523
25 70 814235466.8328
114 126 520447773.0811
54 33 1522139227.5208
51 50 1918931719.3856
141 172 1620626675.5555
103 105 1873908522.8161
20 175 1188977718.4957
187 186 1748573065.2785
91 140 1942282958.6748
114 51 1668179754.5348
178 43 1303462537.1745
49 139 782046129.0042
26 105 205509023.6761
127 88 335090420.1290
21 49 149130595.1532
43 54 1897922010.6357
46 187 1056315959.5655
17 27 1734267901.9948
41 37 149509271.1645
193 178 1021318458.8350
91 59 1392825898.0704
180 133 182437549.1778
104 192 1207710881.3248
124 183 1552997173.7698
116 161 1997337714.6163
147 155 1695298747.4906
145 67 365564708.7069
41 156 1660806724.8361
166 93 1119324808.6926
79 18 745092606.5544
37 158 2073981918.4253
34 121 509924279.4915
11 123 342547901.1061
199 83 140859879.1786
73 164 1309314613.3721
77 192 261323126.0969
101 27 1921021753.1683
2 125 895310388.0678
45 80 1042916829.9994
137 39 1289921312.9534
27 94 1791264432.2257
36 185 319932300.2001
130 48 1084261400.2308
64 150 1270902258.5930
4 100 484251769.9342
89 152 1956254033.7087
148 129 1679959653.7358
84 42 2143465831.3576
168 105 1439091210.3906
62 170 772910501.0339
22 77 203843766.1426
1 12 847183578.7115
119 129 766375684.4216
19 87 1459048831.0004
135 136 1931488084.5336
140 105 555321588.9790
146 98 102795022.2436
185 141 463448322.0114
14 104 1812543621.4829
32 70 1836174040.7284
127 126 970481802.0259
58 34 942823590.9570
81 84 2051459150.1351
31 118 1781030232.1800
109 155 1537476196.1854
44 156 60464740.8715
189 140 594047987.2316
100 111 1769480865.4141
11 133 554495172.3499
159 161 954120176.6416
53 181 1091501121.8364
2 154 966847521.0091
183 176 1608052041.3014
115 87 988665041.4058
194 112 1988467548.0440
78 4 995772061.2023
119 163 517713178.3070
46 54 951370108.4101
131 14 14973610.9187
40 44 1737674534.5447
178 23 228236401.1192
161 109 1585146149.4036
43 155 920858475.9882
4 200 1495784122.5025
130 150 1846313575.9345
170 105 1113533793.9298
171 137 1722139074.0690
146 150 1979890408.6654
106 194 385549908.5685
131 38 1551425118.5796
52 158 2021558831.2131
163 198 1330396432.6540
48 103 634976522.4305
11 124 987790752.4655
75 115 1645046238.8620
96 146 484036620.7623
35 190 643713526.7903
143 139 86214540.4597
49 133 18836749.5077
158 175 1344797382.9237
43 189 420004301.5971
4 33 1259377952.8576
173 183 2118167070.1915
128 61 260638717.4762
14 19 1615279321.8352
64 187 940175131.0367
196 43 940061689.0799
31 3 2067768049.3586
114 20 723210764.2230
32 60 174674464.0652
98 4 2125022521.2459
144 176 201549588.1486
44 135 1903676745.6430
76 186 1935122441.0714
119 45 1912489345.6412
152 177 275038566.0193
11 176 327735260.7693
180 49 1880085293.7838
133 155 192358795.9547
109 47 1253077856.4945
86 114 1143398892.3744
70 121 1901893749.5961
12 70 2027810444.6542
80 173 1298373137.8864
27 18 784441900.4632
148 139 659598357.7795
146 167 943168407.3730
176 9 458190351.3161
146 137 1497462149.7830
99 193 105916667.5962
67 183 533241198.9837
6 110 1096935637.2919
170 165 1688904663.4502
176 159 1987212468.4437
168 56 1138332428.1163
31 94 1354895456.5209
33 169 117460667.7518
51 35 1368887890.6807
132 114 1782792902.6683
13 143 889193141.6297
146 111 2076385804.9021
190 26 1914800910.1714
6 126 1419842462.0652
80 66 1729324962.2250
140 107 688103821.3028
158 183 1907592126.6929
174 89 1318105598.1516
171 119 235721098.0750
62 50 1693769122.8009
156 136 2061720395.2304
187 184 518719775.8207
123 159 1473490459.8345
41 65 1580395455.1763
18 156 1810734130.3059
120 82 352054082.8988
85 108 1572413080.9534
22 70 90966744.0674
9 70 1943749503.4025
3 125 1499418873.8412
64 2 889819056.1130
184 105 1889632324.6630
62 191 626837357.8279
34 140 1232574426.1154
35 186 1533046163.0022
127 164 357592554.9436
105 9 1891250191.0219
84 99 1565757793.0045
187 97 551083476.6496
178 192 764629950.6456
76 26 859475000.1024
42 56 1136759557.7837
170 149 1182161972.4516
2 1 1678619980.4716
142 55 359740294.3752
121 136 722395777.4925
124 52 1932039848.0855
14 38 1725665622.7369
198 29 1947406550.1902
66 120 25092884.1089
88 76 1623448136.3365
70 52 1581546526.9951
126 73 969153146.6493
68 47 1726117484.8779
125 17 204410684.8356
44 116 160984361.5119
56 105 264165663.5641
133 176 1305985911.1809
55 108 78826442.2399
135 48 1728425893.0913
130 119 945881811.5395
111 81 715557756.1129
142 7 1142980024.7775
101 105 1042198959.2283
135 124 1413229045.6605
156 88 35866586.5023
81 29 1837367411.3300
127 148 1730614209.7757
101 187 80533080.3187
55 83 364898296.0657
25 158 1113445625.9163
169 70 747900458.1701
117 82 1052542225.4326
144 76 595527288.9324
35 39 443881448.1831
18 199 341076383.2529
121 18 937296870.2604
34 146 1751786722.1817
28 11 1308360389.6213
62 182 2120896918.3049
122 95 160475575.7803
87 144 257376442.0344
57 119 501418889.9977
189 167 635870212.0067
167 2 1829522148.6897
6 79 1283119753.7429
157 42 909306109.1354
185 157 167304150.9542
19 138 1567078425.8153
191 68 633368748.5118
189 107 2119618574.3500
178 95 809186882.9717
136 20 737682523.9737
19 80 814903231.6148
29 163 1901875940.6373
20 113 128962058.7319
76 173 1967847092.6238
110 3 1906187187.7084
73 66 1632949808.4001
67 104 2137432000.9348
117 63 1794636723.1063
152 143 307725551.7279
51 8 990855824.1606
69 36 239968143.0167
63 58 1523819577.0529
33 2 1282544707.9942
192 99 1097306144.3197
71 109 577837783.1322
23 184 203396802.3212
69 52 687505836.5990
95 123 917617025.0771
59 143 1712904124.8628
178 143 1744521468.7172
48 39 769534754.9464
73 47 155362499.4445
54 32 875139784.3259
80 35 2098908204.4718
54 57 1642290652.6146
156 93 1402247411.7975
193 163 910595260.9418
45 123 1332641535.8631
57 97 655393815.0671
140 159 1197889223.6406
47 19 183753829.1426
118 106 1043371901.7232
146 114 841857391.1995
74 193 464206319.8755
180 74 1789579317.2211
186 88 25688783.0442
174 180 1687206582.1117
156 105 1562443433.5258
111 76 1736148159.6494
191 33 1499077457.0878
51 37 1033805973.4127
90 83 700684802.8905
32 84 1874122516.4536
83 2 695081049.9212
192 76 746132313.8031
45 65 154226633.5587
2 16 1033346037.6480
80 78 1629076278.8482
48 179 132869946.6323
41 25 115935207.7458
111 70 1601741428.0843
115 190 1616217595.3979
100 72 766291921.0187
190 71 1124960652.2730
125 65 139879906.4394
11 86 1678777732.9899
112 94 1173260608.3184
51 113 1871088045.2176
161 59 1911552962.3747
42 48 1429771929.7284
22 136 981055058.3045
111 49 1801759340.1785
81 142 2089434101.0014
115 72 1108025045.4485
55 35 31270886.6943
40 156 1148715899.7554
163 16 1532264465.7307
114 46 1363684267.7294
13 170 516509327.0418
71 104 1590224672.0624
63 100 982930114.6976
48 46 1498031673.5032
57 112 1574684763.2527
157 94 852602640.7226
43 158 542624271.8523
82 191 1521582768.1074
147 32 10796315.1931
114 104 818772150.9226
194 71 1987006480.1110
151 85 1915165529.0652
52 161 687315938.1598
89 68 996347177.9225
173 88 924780742.7736
170 99 1762238769.1422
22 148 19478627.6171
181 75 1337087075.7515
54 178 733519677.5230
113 25 964647602.6315
73 100 2008858432.4515
135 141 800949433.2737
167 18 924566743.7655
49 38 1357393236.3914
194 36 393908938.2883
99 47 1518234274.1300
111 121 743081099.7275
147 41 1079529891.5335
75 78 690740130.3843
191 127 1933068064.4769
117 153 612314826.9990
61 39 162256532.2925
61 131 107237383.5020
196 176 1153642931.4630
142 163 1102709775.0848
114 80 234823071.9538
22 186 285517304.4516
25 188 842031017.7884
101 21 1364079424.7159
66 147 350752647.2234
153 147 216751281.5751
107 40 595475452.7655
132 34 910894876.6721
70 3 526865195.5602
51 26 1378242871.9367
196 56 461657547.2457
176 79 104093571.3349
73 61 848270906.9812
59 140 1727431221.0481
130 53 42026160.3061
127 112 1107682833.3002
97 32 1861455851.7761
83 139 1656209769.4473
133 29 2083062973.0634
184 41 161428507.9166
43 36 1671736139.0656
99 184 640761460.5656
184 38 202550961.3141
68 160 1501172676.2006
124 86 870933295.8747
67 157 1030479818.0880
46 103 1715337337.7675
28 79 1768305160.3956
74 69 1507802354.4516
43 141 693507336.5849
31 163 1764803345.0008
169 63 1456308315.1910
61 91 425458642.6346
119 46 2029642091.6455
68 161 5061622.2815
63 103 1391186429.3949
86 16 1405008759.5583
132 157 421492435.5286
189 54 1241486894.8591
175 10 650607846.3944
172 119 1325867716.7255
25 109 544458122.3910
55 1 2095351717.6000
58 200 1248991529.9848
143 151 1682462036.7186
96 35 1925661122.0666
74 190 1891652105.9557
107 151 1321723434.6981
105 125 1923872163.4380
149 194 1102604468.9681
198 66 1727332596.3386
65 14 597142856.1569
30 97 1504558492.4011
178 195 683232595.0953
97 172 140583794.6175
1 307 74 150 316 386 194 346 166 269 34 320 239 355 229 78 219 393 277 280 62 207 136 392 185 332 91 370 354 333 80 377 158 81 299 54 238 18 231 90 221 13 400 254 209 309 93 338 132 353 78 21 235 255 235 91 375 200
1 269 179 28 395 379 368 175 164 323 226 362 261 363 94 233 391 375 136 294 59 271 117 228 362 334 32 115 204 106 304 208 4 57 379 72 246 370 206 123 173 215 111 122 361 170 37 51 391 92 141 312 343 283 289 236 390 18 396 121 182 332 217 193 181 378 310 82 123 15 322 342 310 152 379 395 203 333 105 27 9 370 216 205 299 258 299 21 363 317 225 395 373 268 24 56 136 22 385 59 299 111 70 143 143 162 113 336 2 389 346 257 89 360 318 255 299 398 190 125 261 187 227 400 345 368 295 14 305 207 239 73 377 34 85 108 59 326 124 195 364 27 226 277 130 67 277 119 88 346 163 279 175 393 334 378 173 94 106 252 39 270 154 178 382 79 260 25 72 227 248 138 369 383 263 218 342 329 105 343 271 79 312 58 214 370 262 44 322 270 244 194 257 25 380 217 62 82 331 247 192 212 219 246 150 266 145 145 35 231 336 62 315 281 277 363 55 142 391 310 259 1 251 365 97 356 356 270 391 260 364 376 283 255 15 10 247 396 272 185 128 13 94 275 63 276 373 121 205 227 392 60 223 387 245 199 392 163 228 202 21 42 350 160 321 211 399 8 187 376 91 57 377 207 17 214 149 236 219 26 364 216 254 258 396 16 395 214 166 283 181 355 357 326 399 68 235 299 70 312 168 241 329 33 220 324 314 253 43 49 169 235 62 148 358 89 339 199 18 262 383 398 380 266 6 217 386 271 274 235 170 155 52 382 278 156 186 323 254 192 301 43 180 215 83 196 258 212 180 376 388 366 106 265 339 132 235 287 259 206 177 36 232 388 344 211 332 29 216 185 377 200
123
34535
346556
1 393 189 259 134 390 92 362 90 278 195 379 157 345 38 354 163 321 283 63 392 135 365 392 100 363 265 329 169 366 172 339 306 163 280 218 139 343 267 42 142 399 215 131 165 398 74 170 237 46 312 90 377 287 181 243 238 206 194 209 68 323 393 69 324 211 326 355 25 273 170 289 62 332 321 388 239 134 7 263 25 264 113 334 201 185 156 75 315 90 387 272 65 245 228 139 384 56 392 122 217 90 256 347 116 116 334 29 248 121 371 153 312 10 173 259 384 281 216 66 244 266 86 278 148 19 55 399 266 296 292 116 297 187 134 380 110 143 141 58 384 354 223 386 363 149 139 3 159 170 313 100 188 245 225 288 199 286 206 94 239 211 276 33 357 6 20 303 315 323 269 7 287 275 69 349 166 206 204 171 154 31 85 24 11 61 263 152 188 234 87 106 334 371 254 206 9 183 173 360 193 321 54 343 163 237 382 342 228 233 284 39 147 253 215 299 349 115 146 398 358 396 333 60 266 50 62 293 369 119 371 99 285 98 230 152 205 154 392 362 121 278 84 209 56 235 368 151 87 121 231 118 327 143 113 300 49 358 234 267 14 351 96 303 100 164 143 90 65 307 341 218 321 102 308 85 334 366 361 166 252 192 226 175 55 154 202 362 64 259 372 177 42 237 33 394 330 390 53 71 200
36546
54745345
1 268 371 370 59 193 393 276 207 108 110 152 249 127 264 299 157 127 191 117 253 267 186 213 9 381 377 264 368 320 116 269 109 278 322 295 46 300 332 81 127 239 330 171 214 190 303 113 10 320 195 197 222 326 93 282 267 126 115 301 271 277 148 310 284 181 123 73 171 398 53 193 362 356 390 137 177 128 377 228 199 350 192 311 312 358 196 302 314 377 259 309 92 366 196 301 369 329 274 162 80 152 44 224 231 102 274 99 385 5 170 227 78 149 316 10 70 262 236 213 120 356 105 25 26 234 199 208 358 295 138 58 399 52 7 249 186 194 333 39 155 379 27 383 323 344 147 279 63 146 200
1 31 89 317 332 225 150 48 227 124 276 145 306 293 162 252 239 2 40 248 239 69 141 316 102 51 354 365 275 383 31 51 238 200
34534543543543
1 204 110 333 214 256 18 316 64 398 142 53 85 120 392 385 196 97 362 206 290 33 265 266 33 22 209 313 303 148 305 276 19 390 123 390 199 226 211 148 179 204 385 54 195 366 72 307 325 265 123 310 151 208 164 371 221 60 306 313 339 147 300 55 171 240 101 297 88 267 269 31 141 302 345 297 187 131 348 191 92 380 86 331 126 331 297 227 155 385 54 46 250 174 228 286 215 202 207 355 62 371 108 6 234 303 14 283 142 332 281 44 38 228 123 287 155 153 264 335 150 207 261 149 176 395 5 184 300 94 220 77 266 130 150 347 64 96 308 63 81 293 201 267 111 148 295 208 15 219 145 390 307 181 10 80 88 242 243 95 257 1 164 237 95 313 244 70 304 139 152 252 97 66 284 100 358 344 302 209 350 349 222 372 326 280 362 102 311 86 243 278 146 210 39 108 354 373 197 53 324 74 28 356 191 260 265 34 384 225 366 290 321 373 310 316 134 311 310 185 209 35 315 387 242 95 246 64 27 196 244 383 49 358 249 167 159 195 77 241 187 334 369 60 202 300 237 200 304 365 257 313 84 400 210 269 340 144 23 158 258 143 272 272 360 209 104 20 282 87 207 338 139 343 252 181 67 383 236 332 310 287 311 12 280 111 222 330 265 104 322 178 361 204 308 181 352 300 174 185 224 371 8 186 326 97 178 27 87 324 45 43 218 296 309 172 400 279 299 344 210 208 273 321 136 291 369 388 72 75 289 316 377 396 248 205 119 248 184 230 307 291 200
444444444444444444444
6
1 120 277 17 266 4 349 251 377 79 66 235 366 395 121 37 301 374 176 386 39 396 256 288 38 365 87 355 372 361 89 357 354 52 352 62 97 351 310 36 94 234 227 213 241 355 140 378 345 242 36 147 277 123 154 292 176 86 274 279 385 20 366 100 220 205 330 315 318 371 112 213 187 253 337 22 70 255 228 333 285 166 222 387 52 357 251 265 132 323 213 129 366 356 143 347 246 238 44 99 316 271 385 367 97 318 275 129 295 311 338 164 215 293 139 363 249 280 4 166 210 352 381 117 279 230 371 286 328 67 353 197 292 194 103 384 143 324 151 112 212 297 221 2 313 110 68 271 135 280 248 360 71 28 322 57 363 239 5 303 103 295 145 93 322 34 39 249 88 209 50 352 244 216 15 322 237 177 134 13 213 209 195 248 264 175 343 296 323 373 16 316 208 140 140 197 151 397 64 292 327 21 244 363 396 190 287 48 237 94 334 119 3 341 157 239 83 170 313 32 275 292 136 118 214 395 189 151 40 159 325 355 225 25 345 367 6 356 132 305 207 399 126 335 286 58 284 4 239 197 205 218 108 368 38 104 245 171 286 320 286 325 77 391 114 306 185 262 326 170 246 249 194 123 318 224 37 35 212 195 228 157 385 87 334 176 5 359 315 209 292 151 324 66 280 73 165 350 4 130 151 129 29 32 156 304 357 25 50 22 299 379 302 143 143 210 200
3456365
1 396 223 128 102 88 321 150 292 44 221 72 162 1 229 180 278 80 303 325 293 228 292 26 141 25 200
6
1 92 280 224 294 188 316 102 382 284 63 3 207 153 371 170 357 321 129 136 186 175 173 329 296 4 149 250 356 137 49 180 375 281 150 36 253 71 283 241 139 81 202 156 129 254 361 306 115 262 20 352 215 325 206 159 372 54 193 49 157 42 255 293 66 294 41 79 111 67 170 351 140 52 257 325 392 86 122 279 322 106 8 224 207 64 347 278 309 57 389 82 31 281 86 312 368 120 38 312 135 280 172 314 192 202 91 320 158 330 138 281 282 130 326 329 126 272 182 80 92 379 322 1 206 260 32 262 313 79 107 232 19 122 237 247 217 102 2 391 399 233 301 314 69 359 380 353 301 247 249 359 388 206 132 322 28 281 389 128 343 27 288 177 121 240 398 167 273 224 343 215 129 348 221 257 344 254 123 337 142 149 29 347 191 172 390 194 243 190 92 381 335 349 114 395 325 105 20 69 160 192 375 329 334 270 243 293 133 84 160 394 212 77 208 262 13 278 7 227 385 82 278 34 47 279 311 103 257 216 233 25 73 297 389 55 385 338 96 309 313 153 24 5 66 374 264 309 235 388 134 110 286 173 337 171 70 336 25 41 40 357 297 199 124 284 213 138 233 363 204 146 261 348 307 258 191 247 233 200
1 118 37 131 61 132 104 140 31 118 49 170 165 56 42 157 59 91 114 132 34 121 113 41 156 182 196 68 47 65 125 65 45 114 91 54 91 47 99 170 62 92 65 45 123 95 122 95 30 77 192 97 192 45 123 56 109 25 188 98 146 125 65 90 65 90 65 45 114 7 92 62 123 108 110 115 69 40 53 130 48 42 84 165 56 90 65 33 65 154 114 126 128 134 124 52 104 147 155 109 47 144 176 164 127 112 33 169 13 31 163 146 163 142 163 13 170 192 104 27 139 32 60 195 178 54 178 152 103 48 39 179 92 179 92 65 154 108 163 193 178 192 45 100 73 177 68 86 89 174 180 152 143 151 107 57 21 25 109 47 68 177 68 89 55 29 178 191 62 49 74 180 5 194 106 188 29 163 13 163 178 126 114 126 123 95 127 24 14 24 136 24 50 79 78 4 167 18 1 148 3 125 2 96 167 18 1 148 3 110 115 72 115 75 73 130 73 127 148 139 148 199 55 7 197 35 80 30 141 43 141 172 130 57 97 164 26 105 168 145 73 126 128 126 123 95 52 48 42 19 42 89 176 183 155 109 155 133 38 51 35 96 63 117 166 44 135 136 20 137 146 34 121 34 132 61 73 164 97 136 124 11 189 99 184 187 13 63 13 81 75 184 101 91 101 105 158 37 142 62 189 167 146 14 171 14 65 90 85 198 35 55 1 51 1 51 37 131 38 187 186 45 61 132 33 191 68 89 176 55 46 187 38 49 139 188 139 26 154 108 159 135 136 44 116 161 147 66 73 61 128 126 123 62 28 62 167 44 167 133 180 5 60 195 13 63 169 18 116 18 167 189 54 196 156 105 168 145 88 173 113 51 26 105 101 64 187 152 141 43 158 43 155 34 132 81 194 36 101 184 105 26 190 178 192 76 115 110 108 85 90 85 71 139 32 97 164 34 146 96 175 20 175 10 99 39 99 50 174 50 99 84 81 112 81 146 81 13 143 59 100 191 33 70 86 11 28 36 84 99 47 144 76 186 35 55 176 159 108 5 180 174 40 166 129 166 40 53 25 7 82 7 82 191 178 39 48 88 48 39 178 64 145 167 146 15 146 111 121 136 102 136 124 86 37 66 73 43 102 136 102 1 18 167 55 7 92 65 41 37 51 1 78 5 68 5 194 36 65 41 37 131 38 131 171 137 171 119 100 73 127 157 185 32 13 31 173 70 12 28 12 194 112 194 34 132 104 67 104 114 20 175 158 43 158 25 53 8 51 8 51 1 18 27 18 1 2 107 140 34 155 43 122 71 139 71 104 67 183 155 7 98 8 155 133 11 124 52 48 88 66 37 158 76 143 46 16 86 16 2 64 174 192 174 40 69 117 73 145 168 145 167 62 170 165 84 63 100 45 139 49 167 96 24 45 190 71 109 155 7 98 24 98 8 53 130 11 124 136 13 187 38 51 35 102 136 124 108 121 152 143 178 190 71 135 147 155 14 57 54 57 14 24 14 146 156 96 75 189 85 120 77 22 136 44 116 200 
1 
1 
1 
1 
1 
