100 200 10
23 97 1452929985.5663
33 37 1192497404.0285
43 12 916205620.2277
43 32 1207168529.5551
42 69 10927946.9288
28 82 373570777.8979
100 77 1268806985.2355
65 36 1476443871.4345
50 74 1340099026.0100
85 36 1967392994.3944
8 98 1244998110.4004
31 20 1729136775.5516
15 32 502712232.7862
57 92 1017356606.0089
51 63 772825719.2280
51 9 687207965.1658
52 54 187963316.9184
86 91 296170082.9845
56 52 1222058291.1300
26 33 2032699492.2848
59 47 184373385.4930
80 45 1928449288.6054
77 75 1885301623.3224
34 88 1055484712.3965
93 43 1308988683.9023
82 6 1297141637.4637
58 12 28159971.4558
47 88 1280265154.4835
91 68 120242976.3736
55 54 1010253989.2628
70 65 713847274.4302
7 8 2052260525.6048
94 26 1256973712.4523
28 6 291364778.7155
33 7 338332428.3589
97 59 2017029041.7151
3 89 1215252414.0107
79 96 312464921.0062
19 10 201738293.6422
99 84 1125279902.7423
67 79 581209212.3789
76 43 419200840.8107
50 3 1330700730.9576
58 3 514125692.1021
38 70 1857315473.8545
43 5 897391257.5159
56 8 426990307.9822
97 2 292632288.6771
43 72 1391173003.0806
33 81 428563610.9595
48 5 5266535.3857
12 82 1364033962.3927
12 3 2061145852.4893
6 9 2069332226.7333
87 26 781585004.6330
13 51 2059734692.8208
38 66 559099061.7717
65 37 1804873433.6929
20 63 255086188.5678
18 46 78177947.6922
94 65 9068944.4762
70 98 1998769391.8479
34 68 536262146.6031
88 22 1377630587.7063
29 77 583932765.3850
24 58 1690295352.9583
68 25 990672055.4100
92 17 595440280.1379
52 88 280293900.4859
65 81 235183902.6861
29 83 567952263.6179
6 12 1458004925.7934
6 48 1263710745.0236
51 84 2140114780.3877
8 57 249776573.6569
70 91 1922953660.0813
30 11 540245205.1719
25 77 1221329755.9352
82 29 1252279571.0663
47 43 1824013685.4672
89 54 237498490.1986
82 33 72394756.7172
45 58 539303830.9104
44 52 985459719.9766
17 43 1290376792.5784
13 91 1907036911.3703
51 14 1703735709.8613
20 32 121037703.0197
57 41 493769689.5871
72 31 650371346.7112
65 11 1338717725.3594
18 83 852084495.7742
9 60 1379486563.4879
12 61 1900240295.3964
96 15 2126427513.8304
53 19 810517294.7098
3 15 1015442649.7458
93 18 888688823.1356
67 8 984983827.1151
100 44 1460340139.1404
41 10 1796714377.6175
94 56 1462117708.9889
87 94 1150041569.7541
20 85 2125689545.1550
10 5 1962570879.8127
2 80 2032797435.6167
19 71 1425350253.7371
58 73 1299878870.2045
16 96 783008796.4703
96 65 46808701.9188
88 91 698661883.5335
6 58 1001887616.3284
69 37 2010524492.0953
3 40 216196649.7304
96 88 1849731145.8478
13 17 1223054104.5871
92 38 1236927180.8294
9 14 1145642805.2990
6 8 1944043083.8271
7 34 1240824667.3228
55 93 1041800066.9028
9 20 2021087085.2724
97 86 612965177.1486
2 85 890656704.6789
86 42 252937480.0555
82 26 533831074.2265
83 67 1916888171.8190
98 40 627934996.9380
11 1 407177327.1250
12 56 470700494.1996
41 1 1582774280.0912
48 85 667275536.2350
69 21 1854158275.6860
1 21 1906611378.5580
52 21 891918469.9900
30 57 950146137.8455
38 19 2146161038.5666
43 57 1938715413.4200
91 46 2119700113.0074
1 81 1479707064.6201
33 14 453290566.7703
30 86 1046688611.8870
14 22 1626487196.1077
72 70 2140877791.9046
37 78 1439265965.9647
54 83 585726335.8336
4 11 839106625.9363
33 86 622346360.3673
23 98 385417562.1419
87 79 1161128633.9760
12 49 1009619030.5824
64 92 1224333125.8671
65 80 2030859392.5108
52 82 1889837782.4159
51 41 1985786087.8084
39 56 543052674.1421
42 49 1684880564.0030
81 62 1901890422.4723
67 57 473279031.7656
74 36 373269415.1792
74 66 1310309804.1772
78 9 823692853.5146
26 36 1611575020.2678
70 34 983077721.4381
42 5 946374654.7883
89 94 1310388276.9907
67 53 919609491.6677
56 84 1986579452.4398
91 30 1080319175.0787
26 18 2002618111.3049
79 34 59469084.8009
45 99 1788849767.0195
50 48 1684553951.6831
60 38 1723762916.2215
3 23 1562261935.8981
33 49 113917313.7339
81 26 487299758.9332
86 53 617845489.8556
12 7 869329928.3667
58 80 721235496.4647
18 95 646875923.4024
99 94 1388982418.7893
16 21 1498921355.8095
10 48 273432154.4165
29 17 303090933.6337
56 29 254597473.8200
67 30 264300664.7828
24 76 1611052124.3341
28 93 810173741.5414
26 77 2073526614.2716
37 46 432645298.6593
31 39 354443733.1559
51 71 43473478.4430
49 27 318271538.9856
95 49 266241671.0936
45 19 1935352840.6999
71 13 1362818615.1528
69 25 2137570770.9304
34 1 1586692960.0747
54 84 1084026068.8455
1 154 37 75 158 193 97 173 83 135 17 160 120 178 115 39 110 197 139 140 31 104 68 196 93 166 46 185 100
1 167 40 189 79 41 150 27 119 9 116 45 111 7 200 127 105 155 47 169 66 177 39 11 118 128 118 46 188 158 135 90 14 198 190 184 88 82 162 113 181 131 182 47 117 196 188 68 147 30 136 59 114 181 167 16 58 102 53 152 104 2 29 190 36 123 185 103 62 87 108 56 61 181 85 19 26 196 46 71 156 172 142 145 118 195 9 198 61 91 166 109 97 23 91 189 155 41 62 8 161 171 155 76 190 198 102 167 53 14 5 185 108 103 150 129 150 11 182 159 113 198 187 134 12 28 68 11 193 30 150 56 72 72 81 57 168 1 195 173 129 45 180 159 128 150 199 95 63 131 94 114 200 173 184 148 7 153 104 120 37 189 17 43 54 30 163 62 98 182 14 113 139 100
123
1 123 87 166 133 31 102 149 96 89 35 158 94 187 65 195 178 104 147 53 171 79 166 163 16 171 68 117 145 79 128 33 165 100
1 1 169 102 174 2 114 2 21 125 33 147 10 169 151 30 53 169 11 39 184 14 193 142 185 57 22 192 62 169 110 49 91 140 10 152 3 71 130 135 158 183 94 176 173 47 79 123 190 45 54 172 10 131 23 75 155 13 198 21 195 198 145 188 107 154 139 35 103 122 152 12 4 117 81 192 51 68 81 85 136 153 101 3 188 185 93 157 167 72 106 197 55 145 99 25 197 25 142 12 28 41 105 64 163 195 29 40 138 189 196 123 75 85 101 48 39 92 190 93 194 172 92 57 30 89 102 49 37 64 154 64 188 137 157 82 172 190 74 105 187 60 133 49 136 52 76 147 37 29 55 136 38 154 32 56 185 13 77 87 156 146 155 25 27 193 162 162 144 35 100
1234
1 90 108 42 98 129 100
1 188 194 183 53 133 170 66 118 144 130 103 89 18 116 194 172 106 166 15 108 93 189 41 37 151 118 103 159 79 21 88 111 114 54 26 142 58 113 65 144 28 121 120 20 28 35 156 42 156 6 125 38 93 103 100
1 41 10 19 45 99 94 99 84 51 14 9 6 48 5 48 85 2 85 2 97 23 97 23 98 40 3 50 74 50 3 50 48 10 41 57 30 67 8 56 12 49 12 49 12 49 95 49 12 61 12 43 93 18 26 82 52 44 52 88 47 43 5 42 5 42 49 42 49 42 69 21 69 37 33 26 18 26 33 82 33 82 29 56 84 56 8 7 33 7 8 57 41 1 81 33 37 46 18 93 28 82 28 82 29 56 29 17 29 82 52 21 69 37 78 9 20 9 78 9 14 9 20 63 51 41 10 19 10 19 38 60 38 70 98 23 97 86 33 82 12 58 80 58 12 7 33 81 33 14 51 14 51 84 51 71 19 10 41 57 92 38 66 74 50 48 6 28 93 28 6 12 43 5 42 5 10 41 1 21 52 44 52 88 47 43 72 43 93 18 93 18 95 49 33 14 33 86 53 19 10 41 10 41 51 71 51 41 57 67 57 92 17 29 83 29 56 52 56 8 56 52 54 52 82 33 49 42 5 10 5 10 19 45 99 94 89 3 50 74 66 74 36 74 50 74 50 3 23 3 89 54 89 3 40 3 40 98 8 7 8 56 52 56 8 67 57 92 38 70 91 46 91 70 65 94 87 79 34 68 91 13 71 51 9 6 58 45 99 45 80 2 80 58 73 58 6 28 93 28 6 48 5 42 86 33 37 46 37 65 96 65 37 78 9 14 9 51 71 19 45 58 12 82 12 43 72 70 34 7 8 67 79 67 8 57 30 91 46 37 69 21 52 88 96 16 21 16 21 69 37 46 91 13 17 43 32 15 32 20 32 15 32 20 32 15 96 15 32 15 32 15 96 15 32 20 31 39 56 12 43 57 8 67 79 67 53 67 53 86 42 69 37 46 37 46 91 13 17 13 91 13 71 13 71 19 38 60 9 14 51 41 1 21 1 21 1 34 88 22 88 22 14 9 51 84 54 89 94 26 33 7 8 7 34 88 22 88 96 79 87 79 87 26 82 28 6 58 24 76 43 12 82 26 77 75 77 26 94 87 79 87 79 67 8 67 53 19 53 67 57 8 57 67 53 67 57 8 7 12 58 80 2 97 23 3 58 24 76 24 76 24 76 43 47 59 47 88 52 56 29 77 75 77 26 33 14 22 14 33 49 42 86 53 67 8 57 43 5 48 6 82 33 26 77 100 
1 
